La primera linea indica la cantidad de minutos a considerar (n). Luego vienen n lineas que corresponden a los x_i, y luego los n valores que corresponden a la funcion f(.):
1000
964
244
678
54
360
180
998
863
287
634
603
445
306
66
711
328
516
154
9
884
518
694
517
494
360
198
228
675
805
759
732
158
319
409
970
814
450
247
455
924
255
560
880
981
94
109
131
240
879
192
632
707
506
755
221
379
618
426
16
193
6
430
383
440
374
280
288
564
311
839
250
994
905
238
791
929
742
835
857
222
288
381
672
947
511
428
308
974
105
744
143
70
814
245
239
521
983
287
813
312
563
493
168
146
518
200
566
227
82
754
110
964
579
99
839
665
199
498
690
614
632
240
320
246
355
142
460
537
431
157
347
591
477
254
226
129
863
969
274
724
97
301
290
997
171
560
689
285
713
398
180
852
115
779
744
709
924
684
250
376
969
134
151
393
752
543
472
625
965
25
27
491
111
140
643
328
111
88
155
73
785
661
73
103
559
634
394
464
179
105
259
949
122
776
509
422
953
802
386
832
61
171
531
19
335
411
97
530
607
550
529
471
23
307
987
593
685
970
154
721
696
313
36
124
101
612
684
348
367
283
103
96
25
366
534
578
348
586
350
763
652
274
840
399
937
635
307
336
341
771
751
717
32
58
103
156
582
392
37
464
555
30
247
471
86
767
835
947
634
124
711
703
530
262
670
774
931
264
362
76
546
496
759
583
786
676
169
945
431
628
478
211
871
578
632
373
338
757
913
319
966
319
363
459
205
115
221
612
698
345
252
354
591
384
106
779
450
788
640
984
442
985
483
200
311
922
464
890
917
485
705
710
752
580
685
732
122
604
699
115
71
688
30
427
472
188
63
416
210
560
771
481
697
884
771
211
686
790
715
24
591
799
187
271
372
510
899
475
95
751
955
446
178
225
240
837
937
98
608
214
619
790
686
186
797
232
100
73
397
676
871
888
106
806
224
21
892
826
274
939
861
220
550
488
581
578
584
689
429
285
310
228
67
784
601
800
348
209
116
914
747
564
407
24
942
826
386
140
84
118
379
435
734
319
262
643
107
527
217
363
145
346
127
81
600
939
933
472
57
225
17
902
51
463
48
715
199
585
405
428
161
376
810
567
347
983
59
812
355
584
222
195
619
719
140
766
80
876
177
808
832
756
276
37
866
779
11
101
8
670
770
165
407
148
444
959
906
274
753
37
779
691
757
725
516
343
231
161
904
641
931
368
777
355
895
963
813
498
797
452
656
924
695
571
635
986
24
479
156
681
118
214
519
34
954
119
489
650
199
256
30
632
382
649
970
671
561
164
277
780
328
262
301
8
346
286
654
624
943
939
973
325
679
192
128
782
463
868
148
488
586
158
453
182
950
897
648
438
446
739
856
38
959
271
639
700
911
651
825
791
288
164
575
118
17
222
646
931
907
461
102
459
28
205
317
104
220
5
170
862
200
974
401
385
638
255
648
475
511
723
192
830
92
751
44
139
627
470
471
628
759
655
494
101
868
300
498
1
657
364
885
326
7
768
150
876
169
205
317
769
212
271
792
966
823
866
136
10
676
804
893
632
986
906
735
35
385
448
396
138
562
675
439
159
766
973
311
160
652
333
587
613
959
335
134
17
43
428
776
698
743
214
251
981
554
475
440
371
660
704
884
801
145
176
441
775
887
599
111
784
313
2
228
738
637
484
288
85
156
409
675
527
885
104
643
647
261
570
695
686
946
868
755
586
173
835
580
43
742
923
206
788
64
947
604
396
891
750
991
323
350
365
243
690
643
96
746
568
96
834
854
989
266
798
986
654
25
345
907
653
98
270
936
180
659
245
785
299
975
958
779
373
122
320
48
573
946
442
855
858
846
297
96
429
187
376
602
527
55
741
464
986
197
599
711
561
485
72
401
5
831
310
105
946
672
293
484
901
269
277
817
312
458
83
336
466
127
372
334
177
566
981
38
784
147
393
122
75
434
802
712
138
702
94
490
15
493
341
152
704
759
33
163
401
966
586
828
524
881
699
853
917
748
40
403
695
572
649
174
854
210
943
922
454
455
484
930
916
877
762
763
472
427
714
718
805
190
930
975
318
91
387
175
25
648
872
873
658
201
880
511
774
166
976
898
484
983
124
691
604
944
153
827
455
897
464
276
71
298
164
725
512
510
904
85
479
98
50
916
565
852
237
628
334
111
697
544
589
872
491
460
237
282
842
668
810
712
826
22
983
255
495
760
438
801
319
848
378
585
773
497
675
305
255
534
581
424
661
807
134
662
610
751
515
857
58
23
88
209
792
770
248
766
524
568
934
676
609
857
927
681
680
861
93
769
382
508
419
238
830
455
708
926
1406
1854
2220
2672
3030
3131
3378
3679
4170
4467
4715
4963
4979
5081
5377
5455
5949
6056
6179
6403
6669
6832
6860
7234
7479
7715
8116
8396
8410
8792
9134
9474
9738
9892
10262
10658
10768
10861
11128
11217
11449
11558
11757
11887
12353
12489
12950
13061
13306
13713
13756
13920
14345
14604
14820
15207
15485
15985
16107
16297
16518
16782
17050
17427
17593
18083
18217
18632
18959
19368
19598
20039
20107
20187
20188
20237
20515
20698
21043
21076
21530
21576
21930
22102
22399
22442
22757
22833
22859
23128
23395
23836
24213
24502
24919
25332
25640
26013
26292
26306
26619
27040
27303
27490
27940
28323
28803
29146
29165
29367
29643
29933
30107
30158
30578
31042
31208
31534
31901
31978
32393
32450
32867
33100
33490
33781
33926
34251
34263
34314
34693
34998
35471
35763
35805
36050
36102
36444
36629
36991
37114
37234
37405
37734
38102
38508
38544
38918
39354
39501
39844
39945
39959
40338
40526
40740
40937
41013
41409
41713
41886
41929
42324
42809
42815
43220
43521
43819
44065
44356
44568
44857
45124
45247
45521
45656
45767
46243
46427
46830
47122
47219
47663
47925
48209
48298
48721
49119
49214
49466
49636
49681
49886
50353
50413
50721
51074
51201
51314
51630
52082
52090
52193
52255
52433
52438
52700
52930
52950
53207
53273
53394
53464
53680
54054
54389
54528
54853
54957
54996
55137
55267
55586
55900
56328
56637
56956
56996
57343
57679
58113
58528
58629
58817
58835
59241
59711
60165
60223
60388
60611
61004
61229
61351
61579
61752
62079
62169
62341
62345
62828
63189
63651
63838
64115
64546
64871
64893
65014
65237
65592
65937
66169
66560
66927
67121
67551
67709
68073
68254
68522
68888
69025
69453
69691
70024
70276
70421
70512
70873
71012
71034
71512
71756
72216
72573
72891
72943
73278
73647
73849
74033
74102
74242
74448
74557
74889
75213
75229
75283
75464
75697
75773
75784
76131
76307
76537
76586
76587
76988
77325
77749
78031
78112
78466
78586
78880
79260
79388
79561
80002
80410
80845
81083
81165
81561
81720
81879
82124
82369
82574
82802
83006
83484
83874
84045
84471
84580
85007
85347
85776
85913
86202
86660
86769
86994
87319
87387
87395
87605
87970
88270
88450
88481
88569
88912
88981
89161
89192
89358
89844
90299
90428
90786
91257
91511
92005
92168
92596
92657
92694
92776
93020
93178
93311
93381
93646
93672
93723
94222
94477
94880
94925
95309
95744
95756
95938
96193
96542
96667
97101
97518
97584
97866
97892
98011
98329
98622
98814
99197
99482
99854
100123
100578
100923
101035
101469
101822
102298
102639
102654
102775
102963
103415
103658
104088
104331
104344
104785
104873
105160
105272
105745
105770
105989
106374
106609
106938
107376
107797
107960
108332
108472
108478
108718
108869
109062
109162
109250
109404
109465
109577
109661
110025
110408
110713
110728
111050
111518
111871
112029
112066
112534
112586
112645
112811
112899
112971
113158
113492
113523
113671
113867
113979
114206
114322
114448
114672
114830
115155
115614
115644
115741
115941
116188
116315
116565
116785
117000
117287
117527
117701
117733
117898
118244
118470
118590
118635
118908
119203
119226
119336
119504
119690
120041
120133
120514
120837
121068
121303
121427
121797
122013
122195
122576
122896
123195
123562
123795
124295
124659
124739
125141
125633
126017
126333
126507
126946
127423
127571
127805
127808
128261
128358
128392
128418
128818
129294
129718
129884
129915
130031
130069
130398
130629
131101
131267
131643
131839
131927
131958
132289
132435
132549
132587
132616
132933
133191
133201
133427
133442
133681
133907
134212
134437
134898
134951
135291
135537
135760
135788
135822
135918
136068
136451
136552
136771
137137
137618
137688
137909
137982
138111
138135
138331
138458
138658
138688
138963
139328
139780
139805
139818
140248
140741
141079
141341
141736
142135
142250
142415
142660
143155
143394
143482
143651
143813
144162
144524
144664
144784
145054
145246
145301
145430
145557
145826
146273
146697
147004
147432
147524
147600
147824
148032
148497
148752
148839
149312
149541
149692
149955
150267
150633
150770
151241
151703
151725
152065
152356
152727
153165
153334
153707
153920
153992
154464
154764
155184
155614
156038
156061
156202
156600
156893
157081
157509
157780
157856
158313
158331
158764
159216
159618
159930
159990
160103
160233
160341
160416
160756
161235
161410
161482
161529
161913
161922
162203
162208
162329
162488
162908
163329
163719
164056
164217
164478
164581
164756
164891
164955
165215
165381
165862
166195
166414
166510
166915
167218
167237
167482
167928
168155
168507
168564
168876
169212
169487
169751
170051
170255
170681
171131
171569
171813
172169
172632
173058
173331
173352
173457
173754
174186
174654
174805
175187
175509
175591
175927
176227
176451
176517
176744
176847
177279
177460
177813
177889
178003
178426
178660
178862
179116
179579
179980
180408
180677
181078
181127
181608
181837
182267
182612
182832
182951
183138
183370
183825
183866
184366
184766
185126
185359
185447
185833
186145
186539
186979
187247
187532
187718
187978
188164
188512
188657
188763
189081
189427
189702
189890
190038
190230
190444
190908
191340
191606
191976
192155
192172
192631
193015
193504
193557
193569
193666
193698
193864
193974
194032
194246
194717
194755
195024
195501
195681
196003
196148
196291
196428
196667
196911
197189
197302
197693
197764
197836
198157
198220
198562
198791
198802
198859
198971
199045
199177
199362
199535
199595
199609
200073
200406
200530
200612
200781
201235
201405
201584
202064
202562
202983
203395
203489
203939
204075
204202
204640
204723
204996
205470
205850
206261
206547
207006
207327
207563
208014
208059
208095
208119
208525
209012
209014
209445
209886
210028
210183
210193
210235
210678
210869
211040
211457
211612
212024
212287
212427
212786
212853
213181
213208
213507
213871
214348
214663
214981
215419
215453
215873
216004
216186
216588
216768
217162
217266
217372
217416
217474
217766
218024
218178
218218
218683
219020
219348
219435
219819
219821
220233
220709
221180
221440
221623
222100
222570
222738
223159
223286
223635
223906
224381
224459
224474
224531
224609
224859
225309
225314
225624
225952
226094
226482
226809
227079
227189
227453
227805
228181
228675
228703
228894
229098
229355
229408
229798
229888
230029
230147
230352
230839
230946
230999
231170
231662
231836
232302
232306
232563
232789
232997
233230
233402
233514
233810
233816
233932
234309
234384
234836
235125
235384
235508
235567
236029
236348
236427
236856
237215
237586
237655
237835
238211
238644
239125
239370
239473
239591
239820
240006
240461
240480
240764
240775
240919
241199
241610
241953
242220
242568
242818
242848
242994
243035
243163
243635
244126
244196
244309
