La primera linea indica la cantidad de minutos a considerar (n). Luego vienen n lineas que corresponden a los x_i, y luego los n valores que corresponden a la funcion f(.):
2000
381
988
707
221
728
127
294
243
35
600
10
135
182
1
823
891
248
5
333
317
328
435
445
875
831
416
194
396
438
199
175
780
825
751
748
332
390
998
347
297
626
665
80
653
974
107
914
158
985
99
712
531
256
425
510
103
125
464
379
986
114
470
921
4
19
58
168
611
616
927
576
173
315
75
580
942
775
226
934
346
49
41
717
798
786
456
471
560
205
254
940
607
365
749
692
579
616
762
706
388
552
631
259
613
393
569
580
454
781
920
512
471
824
580
945
6
850
557
781
628
288
822
937
244
493
951
180
765
624
226
339
700
392
604
463
989
24
17
144
195
164
864
496
556
651
326
581
311
707
77
209
864
590
517
536
222
787
451
763
887
551
595
633
847
209
933
212
972
500
199
396
461
2
442
588
909
788
643
192
365
387
600
291
536
362
349
752
264
775
831
532
987
702
310
375
117
842
576
313
352
682
340
843
386
207
59
272
540
143
698
972
556
408
365
303
498
273
117
579
264
661
40
960
514
78
107
998
813
705
707
96
683
390
778
750
941
567
587
117
647
12
656
874
718
916
911
84
880
279
141
265
642
583
1000
980
454
907
339
307
577
195
340
143
222
992
922
381
550
485
166
170
418
114
432
574
447
896
234
655
787
236
118
880
680
169
627
91
505
844
420
813
753
159
338
410
100
171
427
866
777
924
106
169
490
604
365
173
533
908
963
129
360
640
864
90
572
78
62
740
201
31
281
73
452
898
778
781
195
113
631
297
961
706
175
841
803
994
669
531
534
158
372
350
877
371
633
732
849
874
858
365
548
841
371
502
73
521
603
199
479
536
318
475
716
827
410
204
444
569
588
949
835
333
977
67
356
120
757
520
837
200
744
567
593
943
251
678
585
427
660
265
796
807
71
181
913
930
887
229
962
394
500
209
262
653
172
283
429
545
875
884
793
103
720
289
206
663
828
411
627
590
150
247
475
681
614
714
809
628
228
866
768
518
750
874
530
241
945
475
39
934
18
468
935
188
911
901
761
142
780
705
674
191
698
692
915
833
231
65
450
970
370
500
380
681
199
557
318
685
521
19
679
490
154
527
194
876
395
66
254
655
942
990
439
286
48
972
601
323
341
136
687
938
440
825
493
639
405
581
378
408
430
459
121
570
181
730
533
515
577
505
30
170
246
270
762
963
976
540
86
572
977
865
977
71
981
359
472
674
67
397
169
27
677
380
359
613
568
767
855
383
713
241
971
759
611
271
251
421
381
414
632
199
216
131
860
439
280
144
659
371
338
433
861
205
994
940
484
186
335
632
208
749
154
588
253
66
434
7
780
165
717
279
328
69
1
276
117
178
100
293
87
384
668
367
937
899
852
173
108
638
811
784
522
180
235
145
438
732
539
850
77
886
286
139
85
590
272
460
201
384
451
56
172
575
944
785
248
312
815
961
838
647
930
990
838
235
197
281
12
369
515
850
194
527
370
181
954
215
393
403
184
35
392
790
522
260
941
216
549
954
235
786
218
777
558
398
391
844
935
700
361
759
947
873
56
333
849
138
365
56
250
468
358
224
145
298
621
83
300
42
816
661
642
811
306
679
77
271
735
349
123
951
852
176
502
59
790
374
604
746
551
249
673
471
315
550
436
307
152
722
257
241
152
879
390
728
19
252
341
910
432
320
972
727
784
346
243
138
5
417
222
598
754
188
346
82
434
879
133
626
219
919
763
803
489
261
575
838
876
348
988
348
960
289
527
543
900
341
573
945
648
935
162
485
202
440
30
224
154
403
971
59
950
545
894
819
79
516
574
289
715
110
133
74
434
940
893
301
556
170
28
734
176
425
251
236
536
723
302
802
492
404
8
737
695
133
419
948
95
211
258
324
634
698
61
386
429
742
817
229
638
517
530
598
75
44
327
790
737
571
949
124
32
381
523
864
484
194
97
661
136
201
316
500
678
2
639
434
420
699
274
193
334
125
367
176
69
943
40
47
457
545
925
317
360
888
907
372
24
992
286
384
70
832
251
408
665
409
139
598
845
327
860
278
664
850
150
484
363
818
237
374
270
43
778
580
737
227
996
567
565
884
662
905
86
246
429
335
177
645
911
538
142
870
425
400
259
329
924
870
264
921
578
630
335
400
981
733
990
229
462
767
449
522
177
908
273
495
536
220
84
314
581
166
627
403
343
470
438
558
72
939
313
547
210
693
547
113
83
637
804
171
465
676
546
930
512
850
62
571
29
960
606
53
642
692
842
464
676
694
944
623
979
195
226
913
298
325
762
625
81
776
341
490
290
705
398
513
134
856
268
152
38
137
278
669
670
303
71
361
14
377
987
236
142
895
119
519
340
274
211
165
556
362
780
454
134
175
898
271
815
923
724
382
149
157
877
86
982
13
513
995
1000
763
742
629
567
894
579
201
753
387
372
608
403
551
660
813
928
737
891
585
747
496
983
461
297
550
733
528
906
262
779
466
55
279
572
860
345
691
260
334
85
392
682
564
32
507
361
264
669
528
889
661
108
841
406
230
195
298
390
504
907
768
512
440
222
66
447
740
466
874
598
310
98
769
570
652
99
964
761
747
880
306
267
100
827
158
54
263
349
891
863
305
189
669
125
412
144
394
886
102
550
355
374
244
709
292
859
84
555
129
81
208
895
192
833
771
925
153
968
574
988
421
577
35
110
217
118
885
417
801
523
327
656
533
816
411
125
812
627
884
412
946
408
730
347
445
321
276
694
649
971
79
265
968
102
151
745
386
265
682
587
518
213
296
387
863
729
236
522
790
47
217
45
945
832
123
594
869
841
409
681
611
804
143
953
137
604
424
680
33
837
495
901
878
745
406
559
782
454
680
610
782
544
292
504
932
84
541
675
559
877
1000
595
668
395
666
482
792
541
821
177
808
938
622
313
968
719
389
129
934
853
547
295
392
82
642
208
645
565
133
919
76
529
789
344
694
347
655
24
898
647
364
695
627
123
235
185
446
886
523
208
161
4
688
348
696
174
434
479
654
464
597
885
778
328
985
795
421
600
478
622
421
744
733
395
536
379
670
833
966
42
271
829
734
126
193
927
28
103
367
214
271
991
448
29
30
256
229
967
821
655
997
997
604
25
313
785
240
632
995
135
697
26
354
122
42
194
986
28
979
762
826
884
330
36
86
542
554
248
186
292
955
471
497
296
205
110
352
687
320
593
181
531
840
905
482
1000
141
340
490
239
215
865
625
230
481
128
615
154
879
262
15
763
566
237
290
783
913
716
966
770
355
395
469
192
753
54
510
641
377
421
408
19
497
577
122
66
31
342
253
817
539
300
21
107
718
308
328
806
383
457
448
823
880
911
232
51
172
889
533
344
214
171
904
259
520
867
308
734
191
174
438
658
776
957
558
147
836
355
345
791
543
165
287
693
998
636
623
755
945
460
269
744
157
636
1000
282
49
631
869
187
888
235
62
781
472
51
794
532
122
282
10
358
183
289
814
503
685
962
280
151
742
703
700
958
22
677
957
54
408
789
765
687
655
578
114
970
790
372
751
868
465
84
244
886
960
934
602
584
347
523
237
644
91
147
964
615
824
469
605
622
60
641
984
947
148
13
817
123
205
793
251
143
566
264
177
706
991
254
730
790
979
126
878
699
802
153
821
162
280
615
745
525
422
958
24
661
226
356
873
243
189
187
453
543
998
413
474
312
225
383
332
786
941
246
828
238
910
420
523
839
431
463
229
72
560
272
709
104
670
101
93
407
473
323
183
701
981
380
325
740
118
730
720
401
668
573
843
460
332
548
888
602
443
380
778
962
210
262
742
226
409
509
417
100
430
18
388
298
242
380
49
534
212
306
927
564
887
517
745
682
88
975
375
300
347
190
149
602
32
946
708
848
767
82
540
588
758
660
20
14
762
431
16
388
363
819
731
347
186
503
697
653
193
604
63
119
689
867
734
494
258
136
165
917
528
811
154
940
569
360
603
842
606
164
511
492
329
950
762
614
989
390
610
468
760
960
131
922
638
863
471
55
814
233
787
169
151
118
219
806
151
466
746
477
848
636
120
372
328
842
921
741
478
387
520
471
478
980
497
875
635
994
824
761
193
902
297
895
607
356
467
691
537
853
56
501
403
712
196
717
283
984
425
464
316
662
396
870
566
813
56
202
618
907
190
112
457
351
207
375
652
536
953
245
850
785
546
548
55
173
226
315
884
411
285
966
767
471
961
213
339
57
836
262
282
714
916
971
448
413
677
398
852
97
197
968
529
344
64
788
252
223
942
566
241
918
188
396
679
896
302
640
58
445
759
685
718
281
394
629
259
196
783
944
273
307
430
57
312
232
425
347
777
703
119
939
865
761
744
229
457
579
144
392
568
189
327
291
269
405
527
507
380
64
235
940
902
261
949
18
541
61
802
983
817
547
428
861
291
94
701
403
854
131
374
752
310
521
304
122
522
579
470
316
512
703
987
935
286
310
886
244
787
235
222
723
362
181
567
691
566
961
584
822
72
223
30
373
966
266
825
809
992
897
147
656
601
594
562
32
807
64
949
696
953
345
454
914
1158
1474
1649
1679
1704
1708
2150
2582
2625
2997
3222
3578
3680
3805
3820
3845
4327
4690
5092
5207
5576
5920
6230
6390
6658
6884
7297
7427
7766
8039
8084
8385
8648
8943
9385
9651
9693
9711
9865
10291
10365
10600
10787
11202
11696
12088
12165
12238
12438
12905
13342
13791
14141
14423
14586
14645
14685
15053
15119
15348
15575
15982
16193
16375
16653
17133
17342
17381
17805
18151
18160
18603
18909
19330
19727
20126
20384
20577
20642
20989
21358
21742
21981
21989
22457
22590
23002
23251
23367
23420
23842
24103
24229
24435
24880
25167
25305
25352
25763
26032
26053
26383
26513
26574
26767
26858
27092
27160
27564
27965
28148
28215
28679
29122
29608
29626
29686
29896
29964
30295
30678
30833
31057
31517
31774
32239
32551
32671
33001
33372
33829
33939
34150
34524
34601
35074
35477
35706
36074
36315
36428
36510
36839
36854
37148
37495
37557
37637
37978
38286
38394
38803
39087
39403
39666
40134
40243
40432
40571
40620
41003
41162
41661
41843
42036
42369
42501
42828
43273
43371
43627
44004
44149
44321
44805
44947
45269
45377
45732
45881
46167
46476
46942
47118
47214
47586
47884
48169
48474
48650
49101
49576
49757
50190
50296
50545
50708
50750
50862
51312
51370
51460
51569
51594
51999
52020
52102
52439
52610
53049
53166
53354
53849
54344
54692
54963
54991
55340
55398
55886
56130
56578
56690
56972
57469
57709
57803
57992
58225
58242
58677
58881
58922
59040
59444
59842
59868
59911
60293
60734
61119
61544
62008
62471
62834
63263
63584
63655
63764
64104
64207
64536
64620
65066
65209
65469
65946
66089
66424
66715
66777
67179
67449
67702
68054
68213
68617
68813
69254
69397
69675
69717
70032
70457
70616
71109
71409
71414
71728
71784
71935
72381
72826
73086
73133
73392
73874
74226
74541
74730
75156
75395
75845
76029
76378
76513
76568
76995
77361
77412
77769
78039
78426
78911
79158
79219
79463
79951
80371
80844
81152
81165
81315
81524
81554
81607
81661
81874
82167
82405
82788
83274
83712
84058
84211
84441
84525
84746
85010
85163
85295
85340
85710
85990
86390
86505
86560
86754
87023
87378
87702
87825
88264
88479
88827
89045
89357
89382
89578
89880
89917
90353
90473
90477
90546
90947
91042
91195
91470
91618
92011
92290
92371
92585
92992
93142
93547
93572
93881
94164
94376
94394
94698
95167
95524
95540
95836
95944
96414
96465
96622
96810
97308
97487
97622
97647
97655
98057
98480
98644
98961
99082
99412
99824
99875
100105
100562
100611
100936
101237
101733
101953
102180
102307
102669
103146
103373
103475
103563
103729
103930
104315
104424
104856
105126
105183
105325
105730
105879
105899
106268
106334
106720
107147
107549
107553
108029
108487
108738
109209
109517
109692
109882
110180
110192
110456
110841
111047
111299
111475
111568
111617
111822
112004
112093
112230
112585
112969
113003
113048
113130
113247
113659
113934
113950
113992
114040
114520
114695
114915
115080
115282
115460
115814
116308
116638
116936
117328
117428
117700
118012
118469
118544
118926
118937
119212
119493
119725
119841
120192
120319
120553
120773
121050
121091
121487
121839
122015
122092
122496
122638
122693
122942
123411
123778
123809
124013
124504
124780
125063
125537
125933
126250
126592
126731
126765
127015
127222
127354
127660
127749
128201
128501
128875
128912
129237
129301
129487
129859
130166
130453
130713
130890
131023
131260
131629
132087
132262
132296
132479
132974
133358
133648
134141
134332
134651
135020
135473
135682
135770
136072
136345
136599
136786
137071
137116
137200
137431
137540
137833
138221
138266
138449
138536
138746
138776
139121
139287
139315
139627
139692
140157
140181
140557
140712
140982
141156
141182
141477
141833
141949
141999
142405
142449
142523
143022
143310
143604
143729
143817
143970
144393
144410
144573
144914
145254
145491
145676
145736
145867
145902
145974
146291
146327
146823
147011
147421
147445
147774
147992
148442
148908
149248
149736
149784
149807
149940
149967
150158
150194
150646
151085
151460
151942
152257
152452
152598
152748
153025
153225
153698
154163
154314
154673
155076
155338
155528
155945
156399
156812
156967
157108
157400
157888
157944
157953
158030
158180
158343
158641
159090
159190
159495
159635
159904
159974
160458
160860
161336
161597
161661
162057
162117
162553
162723
162920
163139
163534
163637
164047
164360
164633
164824
165146
165465
165783
166209
166477
166583
166820
167250
167625
167674
167711
168117
168521
168750
169156
169317
169539
169943
170396
170437
170739
170807
171013
171284
171669
171673
171917
172002
172430
172800
172999
173328
173359
173849
174000
174009
174370
174517
174532
174625
175015
175305
175538
175568
175783
175855
175946
176370
176805
177040
177324
177434
177511
177776
177900
178060
178374
178609
178659
179073
179409
179485
179785
179909
180195
180573
180816
180877
181194
181321
181489
181822
181850
181889
182302
182533
182920
183175
183550
183628
183910
184368
184832
184964
185050
185113
185292
185448
185681
185750
186034
186161
186532
186945
187426
187535
187584
188084
188358
188495
188546
188887
189240
189249
189407
189772
189978
190287
190707
190710
191167
191183
191453
191935
192404
192867
192921
193175
193201
193642
193905
194259
194412
194845
194930
195397
195857
195882
196033
196145
196147
196269
196551
196718
196751
196827
197176
197288
197363
197717
197916
197991
198364
198441
198777
199235
199608
199908
200269
200609
200643
200955
201274
201520
201531
201569
201983
202474
202625
203020
203220
203468
203762
204111
204400
204639
204648
204675
204923
205351
205490
205564
206018
206057
206133
206463
206754
206758
207258
207699
207720
207743
207964
208286
208314
208645
209100
209568
209665
210121
210561
210579
210812
210848
210925
211329
211661
211930
212429
212519
212604
212938
213423
213829
213890
213902
214253
214657
214831
215283
215668
216034
216358
216642
216795
217195
217202
217649
218023
218454
218661
218686
218884
218998
219303
219752
220101
220403
220808
221041
221101
221221
221505
221690
221753
221810
221860
222093
222333
222459
222621
223065
223380
223593
223862
224241
224567
224868
225240
225565
225692
226162
226504
226738
226974
227243
227312
227607
228011
228239
228352
228529
228774
228906
229189
229259
229740
229803
230261
230687
230865
230946
230951
231399
231702
231832
232274
232475
232722
233064
233427
233617
233831
234047
234228
234349
234489
234953
235139
235263
235343
235557
235991
236103
236116
236383
236534
236803
236983
237073
237283
237693
237924
238068
238376
238699
239067
239384
239740
239946
240431
240489
240553
240802
240861
241236
241596
242060
242354
242670
242881
243252
243635
243847
243885
244299
244349
244603
244825
244829
245137
245529
245845
246135
246287
246628
246861
247354
247768
247926
248113
248205
248558
248662
248712
248951
249187
249636
249921
250337
250405
250803
250995
251420
251823
252222
252520
252671
252706
253079
253363
253861
254295
254713
254970
255434
255742
255881
256262
256417
256890
257289
257704
257969
258174
258475
258902
259044
259456
259954
260093
260427
260856
261216
261444
261761
262048
262298
262518
262525
263008
263069
263479
263745
264236
264618
264794
265152
265245
265466
265486
265797
265865
266113
266355
266564
266744
267118
267422
267491
267682
267848
268160
268317
268478
268964
269334
269558
269937
270246
270572
270782
271223
271718
272086
272358
272725
273137
273293
273595
273984
273988
274252
274303
274678
274837
275235
275437
275729
275772
275774
275869
275981
276385
276875
277296
277770
278031
278277
278364
278791
279063
279268
279436
279906
280249
280458
280689
281091
281096
281432
281812
282228
282565
282652
282912
282965
283413
283475
283772
284105
284558
284660
284803
285133
285421
285875
286119
286213
286703
287111
287532
287979
288407
288516
288987
289074
289102
289136
289239
289378
289396
289696
289799
289965
290450
290557
290806
290861
291193
291331
291720
292049
292522
292627
292943
293385
293460
293529
293618
293784
294156
294427
294588
294783
294803
294890
295251
295646
295856
296195
296647
296839
297138
297550
297573
297648
297796
297800
298216
298449
298715
298997
299167
299350
299526
299699
299728
300107
300345
300467
300476
300544
300696
301022
301485
301653
301766
302017
302081
302310
302452
302548
302659
302940
303322
303429
303528
303684
304046
304237
304725
304926
305242
305690
305703
306032
306044
306051
306401
306629
307008
307257
307277
307454
307648
307719
307767
307844
308018
308114
308190
308293
308559
309024
309406
309554
309604
310087
310490
310893
311280
311744
312042
312145
312461
312884
312920
313300
313398
313518
313890
314089
314215
314239
314310
314567
314855
315057
315106
315297
315424
315809
316201
316604
317042
317201
317489
317717
318153
318602
319045
319206
319689
319834
320318
320813
321040
321520
321560
321971
322417
322449
322911
322926
323303
323321
323368
323603
324016
324407
324737
324740
325197
325573
325833
326130
326413
326469
326474
326575
326988
327297
327356
327513
327531
327762
328063
328149
328311
328404
328788
329194
329577
330021
330291
330433
330700
330794
330872
331169
331354
331587
331747
332007
332494
332634
333048
333094
333495
333900
333941
334422
334821
334990
335100
335379
335441
335587
335724
336082
336154
336499
336624
336628
337111
337336
337693
338055
338242
338411
338848
339045
339183
339469
339903
339921
340032
340141
340624
340744
340997
341148
341491
341546
341607
342032
342418
342675
343055
343382
343489
343724
343907
344325
344699
344741
344967
345143
345378
345877
346217
346599
347079
347164
347576
348050
348254
348444
348447
348535
348565
349035
349158
349454
349648
349955
350202
350524
350612
350898
350932
351297
351751
352124
352378
352483
352931
353022
353032
353379
353802
353860
354351
354759
355216
355281
355552
355772
356086
356247
356444
356449
356902
357046
357415
357455
357750
358166
358522
358790
359238
359255
359437
359830
359885
360221
360556
360939
361426
361465
361936
362105
362370
362459
362877
363000
363455
363631
363935
364325
364625
365036
365171
365625
365696
365842
366209
366693
366992
367454
367757
367774
368163
368218
368432
368707
369126
369377
369640
369985
370138
370261
370561
370723
370901
371336
371797
372202
372616
372830
373121
373165
373367
373438
373623
373703
373761
374094
374202
374685
374801
374815
374900
375042
375172
375283
375655
375714
375748
375940
376308
376317
376379
376854
377324
377591
377928
378285
378768
379124
379554
379706
379738
380219
380329
380438
380783
381104
381186
381358
381784
382086
382204
382555
382655
382883
382976
383230
383331
383532
383650
383771
383782
384274
384384
384567
384899
385298
385773
385951
386421
386674
386708
386972
387418
387705
387747
387870
387910
388021
388484
388857
389292
389580
389744
389966
390458
390576
390969
391189
391387
391488
391783
391886
392312
392378
392539
392557
392607
392973
393040
393267
393460
393547
393652
393900
394295
394741
394783
395069
395105
395262
395393
395488
395613
395680
396129
396192
396377
396490
396958
397151
397562
397637
398028
398503
398559
398630
398746
399035
399346
399697
399952
400066
400316
400365
400484
400714
400981
401430
401861
402304
402347
402678
402852
403037
403080
403148
403164
403206
403220
403479
403575
403867
404172
404375
404390
404534
404792
404955
405121
405602
405911
406003
406357
406606
406659
406740
407236
407335
407443
407745
408062
408456
408776
409206
409564
410064
410403
410757
411150
411529
411793
412138
412201
412243
412316
412810
413067
413110
413387
413594
413629
414123
414234
414546
414687
415165
415227
415685
415793
415902
416379
416737
417220
417530
417874
418134
418369
418388
418737
418987
419413
419563
419592
419765
420144
420512
420638
420676
420857
421009
421230
421537
421641
421853
422207
422378
422781
423248
423535
424014
424421
424863
424896
425299
425398
425485
425655
425716
426161
426641
427085
427165
427259
427465
427887
428341
428704
429002
429364
429640
429682
429918
429932
430326
430546
430562
430910
431239
431634
431758
431972
432280
432655
433099
433377
433644
433914
434082
434116
434128
434157
434657
434831
435083
435332
435491
435632
435979
436309
436445
436484
436899
437309
437677
438091
438116
438587
438706
439132
439496
439772
439855
439900
439954
440406
440512
440726
440886
441046
441049
441097
441408
441473
441553
441893
442144
442561
442954
443159
443398
443893
444046
444263
444609
444825
445294
445562
446058
446297
446635
447070
447154
447277
447338
447446
447477
447799
448185
448223
448570
448656
448822
449317
449418
449614
449679
449724
450073
450487
450498
450946
451087
451557
451838
451922
451956
451962
452333
452728
452898
453333
453668
453717
454183
454217
454228
454232
454462
454942
455070
455181
455632
455740
455982
456398
456699
456785
457141
457227
457449
457909
458165
458289
458618
458829
459198
459451
459537
459951
460170
460349
460755
461236
461526
461965
462127
462158
462197
462479
462677
462969
463167
463449
463520
463920
464077
464497
464556
465043
465062
465441
465630
465865
466215
466417
466753
466778
467207
467522
467983
468200
468548
468656
468719
468917
469406
469725
470068
470531
470931
471020
471500
471821
472040
472373
472442
472560
472922
472986
473181
473549
473841
474270
474364
474719
475114
475455
475578
476074
476219
476299
476797
477224
477350
477770
477946
477997
478445
478605
479014
479106
479599
480040
480127
480538
480778
481137
481264
481367
481500
481852
482182
482286
482746
482883
483185
483418
483830
483977
484041
484235
484647
484941
485227
485284
485642
485657
486002
486445
486942
487290
487718
487923
488329
488550
488607
489022
489170
489532
490007
490133
490605
490679
490830
491182
491500
491897
492238
492610
493074
493169
493207
493275
493416
493606
493833
494071
494535
494898
495257
495755
495768
