La primera linea indica la cantidad de minutos a considerar (n). Luego vienen n lineas que corresponden a los x_i, y luego los n valores que corresponden a la funcion f(.):
3000
367
210
690
261
373
942
934
421
493
176
285
314
261
541
179
548
845
729
605
251
995
61
698
280
553
916
15
124
969
802
85
945
328
668
532
709
119
226
633
441
808
258
264
729
748
70
665
528
357
163
434
695
410
648
8
519
250
125
747
199
737
822
650
704
803
952
674
688
189
739
971
319
795
234
964
370
808
104
865
784
586
950
60
438
84
449
405
183
577
50
6
400
201
975
44
132
821
185
151
226
162
507
157
745
467
630
607
925
133
762
249
537
819
682
773
514
178
804
337
449
763
40
341
347
889
782
731
520
946
99
669
976
460
364
495
631
278
22
115
61
153
803
486
361
605
305
667
258
136
585
944
21
961
662
522
329
949
514
117
725
490
327
548
226
261
547
974
196
766
769
925
340
778
871
440
109
479
366
656
344
751
763
945
667
757
779
646
826
260
320
313
626
197
251
697
123
456
11
82
768
770
953
691
827
840
497
926
15
161
386
791
134
362
823
660
415
236
516
174
773
591
149
879
448
779
789
887
279
355
748
198
640
602
71
766
436
357
715
162
651
765
19
673
8
752
737
545
991
466
771
234
863
18
660
237
141
617
336
104
158
916
315
404
785
500
206
176
845
73
93
7
501
758
156
141
334
433
274
969
864
683
275
67
450
865
837
408
428
606
822
667
359
384
98
467
494
75
427
132
133
238
120
908
710
448
760
64
142
873
95
90
807
648
934
699
86
893
56
676
48
709
338
261
916
829
764
664
931
155
56
9
318
681
794
763
70
869
10
800
484
394
855
414
666
655
76
305
40
324
332
62
928
407
229
521
411
59
682
57
170
697
251
753
363
424
246
541
626
849
674
253
922
130
705
304
72
199
637
220
555
387
28
800
161
374
579
450
496
144
485
519
447
505
824
356
48
375
867
353
555
471
981
57
541
93
127
584
182
601
498
555
219
687
263
476
413
512
12
86
749
590
919
292
975
210
708
829
746
666
516
982
770
739
321
250
918
127
806
629
357
84
958
888
286
576
679
210
10
777
924
151
224
807
499
675
175
950
883
596
601
76
599
91
643
760
166
501
410
80
152
524
461
121
638
96
537
635
435
825
367
125
694
851
199
357
421
303
88
315
516
748
743
107
918
467
706
80
823
823
342
759
345
36
56
616
550
516
367
891
738
689
23
626
174
65
791
182
878
979
291
505
540
643
546
374
593
770
515
453
104
85
944
606
76
275
987
381
216
218
39
297
236
410
472
538
740
922
618
655
167
437
902
675
391
608
529
306
755
417
912
481
868
685
580
308
264
705
635
437
930
895
693
412
45
895
334
42
804
58
770
278
280
15
670
834
662
27
922
563
594
289
735
637
494
17
780
87
222
578
548
145
202
977
498
9
634
448
1000
42
565
772
365
11
433
307
601
121
152
105
494
911
942
141
343
237
68
8
225
858
773
362
404
122
457
620
33
698
230
102
725
677
421
861
233
310
667
555
863
316
614
8
965
951
993
309
697
123
126
241
972
298
796
862
632
344
644
902
710
891
786
69
468
559
997
266
807
213
900
257
95
359
82
944
556
306
451
280
323
742
227
221
785
420
479
609
546
873
537
814
402
466
287
104
395
71
145
513
883
420
558
873
909
537
772
62
940
968
706
185
18
6
378
360
761
460
575
853
254
347
818
73
978
474
125
478
854
942
133
234
433
459
803
915
478
557
362
60
680
67
349
2
417
293
995
824
875
288
35
808
142
749
598
360
988
225
233
117
704
694
239
505
870
646
521
313
427
601
780
360
336
994
680
207
511
316
800
965
337
81
841
805
969
533
802
186
631
356
983
51
117
618
243
736
407
335
962
491
589
521
27
790
98
11
420
88
979
751
127
148
83
242
128
394
164
715
108
641
410
809
465
183
291
45
984
780
609
135
73
91
879
591
931
340
556
888
83
465
90
811
965
581
364
934
486
39
301
100
70
22
300
487
156
850
427
169
311
225
233
292
993
748
208
337
107
177
322
497
705
587
114
476
706
143
930
300
367
902
988
496
113
121
567
833
133
125
611
879
421
47
85
467
552
265
469
374
68
311
284
74
504
971
9
491
687
643
928
221
415
565
631
517
847
993
83
61
256
79
88
830
536
509
224
290
53
588
13
748
791
525
704
299
558
549
921
337
6
297
699
168
210
524
924
603
769
612
99
660
51
480
122
531
854
964
30
413
882
121
785
669
714
80
405
142
363
923
210
479
522
786
970
166
558
618
421
572
590
325
717
569
291
330
406
253
152
226
778
202
595
578
353
559
976
5
871
580
546
351
971
966
113
61
829
413
350
213
854
566
730
944
239
782
213
367
430
826
923
334
397
672
781
397
772
134
677
355
631
497
734
732
674
169
859
403
957
633
164
93
369
429
24
553
69
340
556
797
487
373
953
140
583
705
778
102
438
998
396
299
970
61
137
282
965
379
297
862
441
752
551
806
424
937
244
589
419
474
78
303
392
229
478
25
934
688
549
977
978
405
427
105
58
839
860
642
750
781
270
277
109
248
597
942
795
590
212
884
297
475
970
609
331
572
511
434
972
365
117
978
223
646
517
722
523
424
467
3
164
566
130
365
814
772
414
804
164
564
80
277
291
372
373
586
592
131
265
996
552
569
916
331
749
783
531
47
917
473
423
933
689
368
487
192
467
356
306
666
199
411
730
57
504
12
21
196
597
516
869
566
764
481
466
768
93
545
141
630
773
196
757
333
861
390
188
573
42
85
213
38
18
526
730
770
912
357
838
329
352
196
847
873
280
995
432
741
791
470
801
454
277
812
178
832
130
627
882
895
879
262
127
260
376
237
794
605
901
755
582
980
211
814
477
232
22
564
733
456
968
632
106
210
812
535
880
681
428
46
291
36
556
135
152
417
324
389
792
47
521
341
842
303
959
555
406
868
277
676
422
120
728
726
252
712
371
41
960
362
644
250
972
922
235
209
565
437
848
89
979
683
365
157
761
946
484
948
63
206
143
553
57
909
693
705
8
569
637
607
952
269
311
692
663
652
470
711
565
617
489
969
696
876
169
55
528
127
965
599
9
65
314
706
163
847
794
405
217
70
86
277
465
570
493
186
378
758
782
862
633
655
745
498
893
948
625
877
160
862
869
767
339
988
589
156
768
739
564
693
733
623
83
250
667
451
779
943
875
129
158
4
479
584
864
259
81
240
960
687
751
605
961
101
196
492
186
432
911
297
740
304
44
521
397
776
994
142
326
550
624
30
865
506
110
650
348
549
753
35
72
853
179
546
89
207
667
538
211
650
459
722
729
376
471
911
452
756
858
732
501
236
736
249
392
614
913
423
88
501
713
674
485
315
220
730
86
538
112
160
13
38
62
822
190
408
986
514
696
388
994
121
821
192
255
725
767
179
766
451
943
202
253
26
157
181
806
524
471
553
221
126
525
480
713
223
152
475
799
306
60
152
350
954
563
669
507
273
105
705
729
347
887
847
650
687
358
365
493
227
512
147
594
764
173
579
312
68
661
566
800
392
514
783
490
77
854
189
432
353
918
390
761
368
751
431
788
379
224
5
142
676
632
518
681
336
779
928
129
868
892
138
293
848
649
898
346
969
24
759
778
919
946
481
505
856
984
63
17
464
804
441
464
615
978
850
616
4
916
219
357
62
410
247
799
255
47
621
211
647
456
475
612
253
129
588
147
49
701
624
845
700
882
562
985
795
264
180
866
829
328
15
302
544
627
281
690
363
761
12
935
700
905
422
443
755
46
832
442
376
942
478
417
914
431
810
532
467
928
740
201
345
480
174
173
378
520
483
108
377
661
104
314
975
568
524
703
648
784
339
711
811
582
463
139
647
49
142
494
567
927
887
469
902
473
693
978
826
572
278
627
400
335
959
813
379
655
300
370
947
53
325
10
707
409
371
6
590
70
1000
685
241
488
736
601
444
176
97
475
771
907
574
786
383
814
714
539
759
896
694
439
79
747
319
481
354
775
328
992
607
826
368
730
148
624
469
923
151
292
463
63
791
546
63
714
536
947
398
429
675
810
770
143
336
556
44
985
513
125
292
654
423
651
469
169
565
560
65
999
188
723
949
376
618
635
526
721
255
150
349
697
11
168
387
406
163
58
382
729
842
886
428
245
528
63
723
591
579
40
365
147
948
963
582
518
323
844
1
742
78
741
307
208
345
387
927
674
838
561
73
181
33
686
265
112
491
737
270
371
254
323
132
632
132
170
612
218
191
607
64
190
573
684
83
381
598
205
442
93
240
314
872
185
885
999
566
723
599
376
885
273
708
762
393
604
469
746
977
546
77
753
294
658
594
249
495
401
56
776
902
9
887
626
734
230
339
992
879
453
976
854
956
480
48
78
462
772
945
640
389
268
426
531
67
529
595
124
40
939
971
458
556
632
471
315
458
221
756
107
883
659
394
571
890
667
419
439
256
591
333
363
186
575
418
596
204
221
864
93
734
586
154
979
628
202
519
679
997
932
41
651
616
998
303
114
677
115
239
441
770
751
589
869
857
713
35
257
252
673
699
379
99
510
544
190
328
388
827
407
425
693
531
698
62
831
245
366
294
571
860
56
818
637
113
808
841
926
179
760
207
639
85
457
837
175
814
913
432
940
25
633
930
935
35
299
345
482
990
523
177
729
24
239
573
319
964
216
215
716
23
91
322
680
476
196
494
237
515
54
636
116
906
454
54
755
285
885
319
758
34
188
669
382
46
266
678
414
813
449
968
949
329
283
204
270
277
875
618
795
920
340
717
922
512
409
237
872
242
262
751
169
103
934
734
543
280
663
77
591
332
665
924
449
794
573
769
443
332
406
499
980
761
470
517
40
912
551
666
932
749
563
50
344
256
144
677
484
536
969
499
462
248
142
143
388
445
483
487
93
156
297
258
482
220
604
697
139
176
315
981
56
758
893
302
112
14
624
508
666
508
919
619
353
918
81
694
129
519
637
19
258
433
440
300
943
758
75
227
74
973
590
794
319
412
127
73
980
72
441
761
229
465
676
764
822
821
732
653
977
326
41
530
750
602
638
180
504
865
68
276
798
38
607
609
295
255
17
263
91
128
93
896
115
248
152
874
216
745
453
495
688
363
153
978
995
333
456
934
274
395
78
831
655
990
802
504
286
5
642
943
4
937
569
494
208
784
817
655
72
560
121
630
378
783
987
239
764
879
391
188
424
716
685
277
156
579
204
393
385
411
368
682
745
379
739
995
695
363
509
402
176
848
237
729
880
765
254
670
57
535
515
643
239
502
341
136
215
642
551
793
488
876
373
390
106
189
213
344
70
126
544
823
799
832
515
555
461
745
858
917
722
648
324
315
370
783
314
894
813
964
132
142
634
436
279
824
575
657
726
781
273
143
714
416
61
218
669
380
389
289
439
28
16
848
627
541
975
70
409
359
120
388
135
154
938
435
855
965
972
597
886
40
368
353
498
912
770
773
99
524
419
617
565
720
886
161
321
813
936
458
626
899
980
100
296
863
880
314
521
15
306
964
219
940
18
443
678
535
653
431
882
345
215
366
618
752
918
464
831
658
785
326
390
439
371
678
849
499
513
388
481
443
666
469
488
90
348
782
356
883
996
39
273
215
170
238
939
944
298
16
471
569
195
225
628
603
926
724
248
339
747
186
98
91
5
247
343
629
939
535
587
864
556
684
706
458
261
661
958
378
975
588
922
626
357
693
177
60
514
251
369
550
96
386
472
227
980
787
608
413
565
328
23
658
45
947
113
736
781
260
479
109
217
119
460
979
595
478
163
54
766
778
452
652
214
34
180
111
757
180
633
947
786
644
231
310
884
857
520
953
755
44
86
645
338
107
767
888
392
910
169
63
383
234
504
52
887
431
563
495
865
718
833
428
80
860
956
722
860
187
516
111
532
119
86
1
464
615
123
771
464
910
226
661
281
164
673
401
852
890
481
374
56
380
833
160
353
512
965
508
456
19
361
202
539
3
465
347
589
750
991
983
875
421
776
771
260
952
893
540
23
970
525
886
746
935
749
293
819
516
964
735
487
862
61
291
508
300
974
397
594
361
80
733
450
109
914
715
251
143
411
572
837
944
691
47
572
867
989
55
666
236
340
8
874
176
693
759
141
525
553
677
124
493
273
213
736
51
50
669
423
92
90
81
91
89
985
648
123
801
191
276
761
435
168
485
155
50
120
588
674
75
917
197
246
382
450
161
940
990
67
492
537
277
169
683
715
553
418
137
562
710
585
676
708
83
71
40
794
861
489
234
660
741
868
675
922
392
871
793
993
748
911
615
527
35
686
178
587
797
212
729
204
415
576
43
572
821
185
176
225
783
299
468
525
339
655
422
169
823
2
906
115
138
464
811
994
383
358
930
282
819
591
968
224
715
46
961
291
650
24
364
179
139
691
5
458
331
119
820
682
790
951
267
433
178
740
869
877
734
710
250
852
394
999
919
160
255
102
314
266
276
104
658
645
977
278
863
256
789
947
28
708
65
533
920
353
680
272
447
26
337
401
799
515
543
543
797
673
108
828
996
867
40
485
472
367
816
391
926
147
529
850
102
350
862
716
822
704
249
773
405
354
225
320
392
287
250
766
742
924
848
255
329
294
179
624
482
529
626
985
353
70
637
271
771
27
570
150
68
346
358
2
180
673
523
887
192
165
70
473
335
472
760
237
277
306
975
226
923
186
540
979
604
375
488
977
483
890
762
26
523
72
688
946
271
368
389
786
806
522
298
941
187
481
77
389
447
147
351
363
13
443
296
31
356
722
443
610
708
413
525
158
471
41
508
910
764
309
270
773
38
933
664
188
432
544
890
1076
1368
1585
2041
2100
2509
2916
3345
3737
4133
4469
4665
5063
5422
5637
6112
6241
6400
6676
6852
6998
7095
7196
7226
7722
7943
8084
8534
8893
8973
9286
9557
10019
10086
10191
10232
10429
10484
10854
11193
11319
11772
11863
12152
12505
12904
13218
13240
13345
13710
14062
14400
14734
14859
15104
15202
15697
16053
16287
16490
16768
17022
17057
17211
17691
17893
17959
18381
18714
19044
19192
19230
19415
19876
20018
20089
20346
20398
20482
20700
20824
20896
21360
21497
21976
22146
22425
22551
22969
23009
23274
23705
23769
24137
24307
24408
24697
24870
24912
25057
25061
25458
25903
25971
25987
26036
26084
26093
26352
26387
26880
26951
26998
27382
27488
27601
27856
27864
27918
28355
28781
29257
29552
29953
30144
30232
30587
30940
31246
31467
31634
31649
31658
32036
32254
32512
32901
33312
33639
33874
34188
34235
34385
34758
35126
35232
35560
35649
36084
36375
36520
36954
37393
37644
37752
37998
38004
38467
38924
39121
39586
39804
40071
40264
40544
40652
40946
41148
41327
41784
41827
41876
41973
42031
42361
42555
42817
42966
43242
43600
43647
43753
43824
44185
44288
44771
45205
45700
45740
45984
46193
46227
46261
46697
47024
47026
47229
47626
47879
48294
48445
48713
48822
49261
49594
49797
50019
50212
50244
50408
50737
50871
50919
51316
51321
51438
51505
51608
51830
52200
52650
53112
53426
53464
53826
54010
54395
54890
55078
55576
55859
56271
56396
56594
57080
57454
57791
58062
58096
58499
58785
59016
59500
59793
60226
60551
60611
60990
61283
61618
61784
62125
62200
62647
62700
62908
63106
63370
63672
63967
64194
64606
64610
64874
64948
65173
65610
65882
66273
66754
67187
67538
67672
67789
67827
68274
68317
68523
68574
68876
69078
69154
69601
70061
70522
70977
71039
71482
71884
72212
72625
72773
72888
73055
73413
73612
73716
73768
74047
74277
74422
74577
74685
74931
74990
75198
75447
75516
75841
75879
76214
76252
76520
77000
77394
77498
77864
78027
78339
78594
78683
78957
79185
79229
79353
79573
80068
80410
80473
80487
80505
80727
80739
80818
80939
81432
81722
82051
82165
82553
82598
82939
83328
83438
83487
83494
83562
83763
83889
84048
84277
84414
84782
85149
85413
85840
85844
86075
86210
86483
86655
87058
87443
87751
87981
88053
88368
88483
88785
89276
89526
90010
90481
90684
91021
91493
91624
92087
92491
92881
93043
93376
93761
94172
94377
94719
95180
95443
95563
95744
96022
96300
96678
96801
97209
97366
97768
97810
98304
98474
98573
98721
98872
98979
99395
99565
99946
100139
100166
100429
100812
101181
101402
101634
101755
102106
102279
102707
103207
103356
103740
103865
104125
104210
104330
104401
104477
104804
105070
105393
105491
105878
105982
106251
106273
106311
106483
106679
106841
106986
107397
107876
108069
108184
108367
108505
108770
108851
109166
109392
109602
109911
110216
110695
110749
111144
111204
111313
111643
111716
112064
112377
112651
113046
113506
113966
113995
114494
114793
114973
115226
115313
115636
115962
116391
116635
116866
117215
117544
117786
118135
118255
118562
118786
119269
119700
119786
120249
120368
120462
120944
121330
121736
122187
122495
122798
123249
123525
123579
123876
124257
124523
124745
124894
125285
125449
125732
125748
125929
126075
126141
126504
126853
126897
127012
127430
127728
127826
128198
128695
128817
129170
129535
129786
130202
130630
130718
131162
131435
131743
132241
132471
132586
132614
132645
132979
133457
133481
133529
133649
133673
134116
134429
134795
134862
135134
135528
135871
135981
136180
136429
136552
136905
137036
137235
137702
137937
137939
138065
138415
138598
139021
139305
139522
139786
140215
140616
140770
141111
141491
141944
142328
142389
142435
142766
143024
143511
143647
143874
143989
144412
144706
145096
145102
145443
145622
145900
145947
146228
146516
146547
147043
147051
147259
147365
147655
147881
147991
148371
148404
148846
148871
148902
148975
149277
149318
149551
149648
149769
150133
150401
150622
150831
151240
151739
151769
152181
152595
152874
153053
153420
153548
153650
154030
154370
154629
155108
155589
155635
155660
155709
155722
155842
155851
155912
156102
156578
156684
157138
157478
157607
158019
158236
158586
158827
159126
159520
159530
159691
159894
160124
160230
160337
160417
160597
160946
161174
161249
161459
161673
161873
162014
162267
162487
162676
163172
163380
163803
164099
164355
164614
164981
165275
165714
166070
166512
166959
166996
167193
167541
167834
167977
168443
168724
169063
169372
169789
169967
170220
170413
170452
170771
171170
171451
171599
171853
172289
172726
172806
173027
173166
173491
173643
173866
173923
174340
174414
174501
174547
174570
174602
174779
175118
175435
175702
175807
176017
176311
176346
176712
177149
177522
177781
177937
178002
178447
178910
179151
179161
179378
179509
180009
180151
180508
180644
180915
181408
181726
181731
182136
182614
182779
182881
182961
183103
183120
183523
183528
183664
183671
183831
184265
184337
184584
184726
184798
185037
185366
185649
185884
186250
186542
186685
186817
187110
187456
187686
187753
188036
188267
188525
188901
189382
189471
189605
189620
190092
190581
190701
190825
191278
191617
191673
192108
192430
192786
192927
193318
193462
193902
194235
194249
194345
194611
194839
194892
195266
195700
195968
196346
196360
196462
196896
197007
197422
197432
197481
197711
198149
198600
198963
199131
199163
199544
199854
199977
200112
200120
200403
200762
200847
200991
201397
201497
201860
202128
202501
202897
202998
203332
203578
204015
204099
204163
204273
204400
204807
204928
205184
205232
205660
205867
205935
205997
206141
206242
206306
206803
207222
207251
207465
207530
207640
207849
208331
208690
208923
209004
209238
209485
209879
209892
210364
210573
210590
210999
211199
211533
211834
212123
212565
212667
212682
212718
213022
213282
213554
213829
214035
214242
214352
214447
214739
215000
215029
215193
215617
215971
216297
216776
217170
217648
217849
218333
218542
218829
218894
218980
219344
219736
220183
220553
220706
220935
221381
221572
221806
222043
222316
222685
222865
223028
223395
223472
223751
223875
223924
224204
224339
224707
224842
225281
225682
225997
226033
226160
226424
226821
226832
226928
227344
227623
227673
228083
228380
228817
229044
229145
229317
229634
229934
230020
230434
230519
230772
231091
231378
231715
231905
232024
232473
232601
232710
232841
233201
233580
233852
234046
234211
234492
234514
234554
234743
234906
235070
235226
235591
235831
236121
236574
236915
236983
237133
237600
237814
238018
238429
238825
238933
239121
239473
239770
240228
240667
241121
241497
241889
242250
242702
242821
242971
243374
243796
244002
244279
244322
244745
244889
245153
245328
245635
246124
246308
246744
246950
246967
247158
247460
247736
247865
248076
248171
248355
248408
248542
248822
249248
249506
249521
249569
250048
250482
250581
250751
250934
251203
251343
251546
251612
251652
252084
252128
252347
252395
252791
253135
253324
253335
253774
254182
254258
254422
254564
254820
254843
254929
255149
255407
255628
256071
256309
256445
256449
256941
257292
257461
257668
258166
258215
258464
258888
259157
259609
259676
259895
259902
260095
260194
260582
260930
261088
261567
262007
262075
262473
262917
263025
263250
263609
263834
264021
264203
264362
264537
264902
265277
265383
265824
265982
266349
266726
267077
267268
267510
267608
267999
268125
268591
269040
269428
269455
269954
270452
270521
270713
271036
271213
271336
271471
271760
271830
271928
272302
272479
272569
272817
273311
273389
273531
273753
273905
274327
274554
274809
275213
275241
275685
276169
276549
276581
276606
276827
277069
277206
277407
277876
277882
278085
278400
278672
278707
278943
279027
279503
279783
280249
280453
280502
280691
281017
281225
281563
281885
282320
282777
282904
282985
283298
283415
283754
283811
284118
284124
284401
284784
285263
285284
285610
285657
286075
286249
286641
287086
287102
287269
287537
287637
287936
288402
288602
288608
288996
289055
289108
289411
289430
289592
289728
290169
290452
290823
291189
291559
291668
291837
292303
292658
292830
293084
293421
293536
293818
293962
294313
294325
294618
294737
295023
295291
295558
295647
295916
296400
296541
296893
297255
297574
297655
298040
298259
298262
298544
298822
299232
299623
299730
299788
299974
300243
300648
301013
301219
301259
301743
301795
302064
302385
302869
303253
303478
303675
304098
304271
304584
304812
304847
305121
305280
305708
305851
306142
306640
307023
307312
307790
307866
308102
308387
308525
308668
308784
309133
309595
310065
310497
310976
311102
311423
311892
312058
312356
312383
312756
313105
313263
313716
314025
314148
314257
314383
314801
314916
315214
315713
316051
316148
316184
316231
316436
316799
317016
317512
317892
318160
318179
318650
318766
318868
319098
319351
319372
319536
319862
320053
320123
320198
320359
320506
320570
320726
320816
321268
321579
321770
321913
322105
322130
322588
322805
322974
323373
323504
323533
323791
324253
324571
325048
325200
325405
325795
326054
326445
326909
327104
327267
327331
327779
327994
328245
328506
328595
328734
329171
329362
329501
329588
329776
329985
330283
330401
330792
330881
331322
331343
331840
332139
332343
332617
332819
333039
333506
333574
333819
334293
334341
334774
334889
335165
335463
335477
335748
336059
336105
336291
336365
336435
336930
336949
337213
337423
337837
338282
338770
338799
338923
338968
339229
339726
340067
340291
340487
340671
341066
341372
341799
342075
342347
342805
342910
343253
343370
343413
343907
344288
344726
344729
344967
345088
345159
345601
346083
346223
346656
347118
347495
347972
348143
348418
348511
348854
349225
349387
349459
349471
349716
350096
350244
350370
350506
350891
351169
351302
351460
351942
352095
352281
352490
352523
352578
352894
353021
353353
353810
354012
354275
354494
354943
355242
355613
355760
355874
355957
356054
356295
356742
357120
357422
357525
357846
358174
358575
358806
359092
359233
359259
359432
359570
359836
360081
360311
360451
360719
361013
361095
361299
361797
361891
362380
362659
362969
363028
363217
363574
364001
364282
364381
364575
365047
365494
365684
365792
366109
366183
366557
366675
366814
366868
366942
367421
367595
367746
368132
368362
368471
368889
369085
369392
369706
369884
370295
370436
370542
371005
371171
371427
371879
372252
372718
373120
373213
373370
373854
374247
374623
374740
375078
375389
375643
375814
375934
376138
376359
376753
377068
377533
377789
378117
378599
379002
379063
379175
379462
379762
380222
380699
381097
381497
381937
382408
382685
383030
383325
383799
383892
384262
384696
384704
385119
385536
385688
385881
386225
386382
386755
386936
386974
387212
387250
387365
387376
387760
387905
388295
388671
389054
389110
389514
389661
389929
390342
390398
390615
390748
390940
391075
391345
391353
391798
392135
392400
392873
392971
393438
393521
393766
394230
394393
394462
394766
394848
395187
395362
395778
396198
396227
396492
396621
396993
397336
397566
397840
397934
398365
398672
398924
399374
399695
399924
400247
400361
400854
401232
401355
401679
402142
402259
402652
402741
403192
403642
403717
403735
403905
404118
404599
404766
404996
405101
405241
405270
405471
405871
406177
406290
406413
406698
407042
407162
407523
407563
407599
407616
407897
407996
408111
408143
408564
408640
408704
408766
409055
409543
409836
410202
410326
410452
410607
410844
411135
411598
412093
412251
412309
412719
412817
413292
413302
413684
413695
413857
414331
414597
414976
414979
415003
415045
415200
415409
415641
415811
416035
416138
416632
416745
416840
417010
417184
417466
417538
417869
417964
418029
418121
418568
418696
418734
418867
418941
419119
419614
420092
420405
420569
420740
420849
421341
421565
422037
422101
422242
422620
423108
423142
423492
423784
423925
424190
424253
424383
424606
424880
425342
425756
426113
426129
426578
426841
426893
426894
427082
427085
427249
427501
427515
427944
427981
428378
428713
429206
429700
430134
430560
430700
430708
431159
431388
431624
431689
431938
432376
432518
432761
433036
433418
433478
433870
434357
434562
434886
435090
435549
435806
435838
436158
436338
436699
436897
437369
437856
438058
438409
438449
438828
438861
439152
439523
439914
440133
440613
440869
441063
441167
441561
441817
442143
442385
442708
442942
443159
443595
443738
443940
444356
444524
444641
444796
445084
445505
445998
446378
446658
446735
447116
447444
447686
448160
448333
448698
448890
448960
449141
449324
449395
449516
449797
450167
450536
450958
451236
451353
451534
451579
451918
452323
452686
453034
453284
453414
453894
453975
454318
454817
455124
455379
455670
456020
456168
456304
456472
456684
457070
457266
457311
457726
457993
458095
458361
458708
459119
459313
459323
459601
460082
460083
460152
460525
460709
461149
461377
461434
461526
461894
462150
462438
462916
463230
463516
463614
463861
464282
464381
464856
465285
465664
465832
466217
466229
466545
466674
466716
467105
467170
467474
467657
467872
468168
468238
468701
468876
469157
469558
469659
469756
470114
470239
470635
471105
471400
471656
472080
472565
472725
472875
473218
473229
473396
473497
473751
473912
474364
474812
474882
475157
475395
475801
476226
476239
476602
476872
477279
477532
477720
477755
477761
478028
478317
478412
478883
478968
479440
479740
480234
480285
480581
480792
481091
481389
481634
482003
482476
482920
483271
483345
483712
484089
484350
484827
484926
485317
485628
486121
486445
486671
486862
486973
487266
487666
487999
488492
488925
488982
489065
489187
489518
489532
489789
490201
490620
490756
491100
491221
491661
491939
491947
492256
492551
492808
492952
493067
493453
493754
493882
493930
494042
494153
494591
495014
495246
495690
495874
495983
496180
496257
496743
497127
497217
497498
497534
497598
497736
498112
498611
498650
498726
499131
499336
499683
500057
500097
500554
500802
500937
500939
501302
501475
501927
502231
502651
503065
503309
503518
503813
503978
504115
504522
504770
505228
505478
505711
505907
505929
505930
506096
506386
506447
506803
507094
507369
507760
508203
508676
508738
509027
509450
509526
509929
510357
510658
510875
511199
511294
511354
511565
511598
511877
512105
512485
512602
512690
513069
513156
513164
513516
513719
514033
514330
514638
514822
515183
515547
515817
516252
516371
516799
517084
517280
517337
517452
517458
517492
517716
517964
518210
518226
518660
519149
519353
519445
519664
519882
520023
520037
520490
520491
520531
520657
521107
521280
521729
522003
522360
522375
522777
522866
523266
523468
523786
524277
524416
524883
525148
525203
525650
525983
526263
526557
526597
526952
527432
527452
527838
528205
528410
528622
529103
529225
529359
529436
529751
530039
530393
530856
531247
531341
531743
532031
532374
532466
532668
532780
533215
533577
533872
534180
534209
534397
534534
534827
534894
535285
535538
535841
535853
535863
536229
536267
536296
536389
536412
536884
537119
537175
537548
538030
538331
538433
538879
538925
539110
539218
539651
539664
539889
540209
540570
540782
541239
541541
542008
542245
542293
542363
542826
543187
543207
543404
543476
543866
543868
544020
544173
544340
544568
544974
545089
545533
545608
545693
545957
546215
546307
546339
546451
546815
547301
547705
547857
548008
548473
548828
549250
549713
549908
550299
550348
550643
550713
550826
551264
551354
551536
551952
552416
552733
553088
553294
553517
553691
553880
554158
554566
554886
555320
555330
555776
555883
556096
556367
556789
557014
557473
557769
557779
557991
558380
558764
559200
559239
559654
560019
560146
560373
560440
560500
560895
561033
561200
561227
561727
561785
562039
562321
562456
562823
562848
563190
563656
563718
564188
564682
564950
565275
565433
565750
565766
566197
566467
566570
566970
567158
567433
567908
568216
568524
568652
569038
569202
569562
569611
569902
570281
570572
570769
571006
571034
571205
571456
571457
571531
571637
571733
571973
572430
572829
573122
573311
573710
573942
573992
574439
574625
574950
575032
575518
575587
575919
576005
576358
576693
576993
577255
577730
578197
578427
578860
578932
579259
579311
579698
579772
579906
580046
580454
580528
580615
580838
581151
581389
581786
581876
582139
582562
582635
582761
582872
583188
583459
583608
583624
584114
584174
584642
584722
584903
584949
585283
585615
585817
585952
585958
586313
586811
587180
587186
587318
587516
587593
588032
588278
588520
588663
589113
589198
589294
589759
590165
590428
590501
590909
591214
591260
591363
591762
591805
592234
592295
592407
592637
593051
593094
593362
593815
594295
594728
595033
595263
595702
595976
596384
596545
596891
597216
597475
597562
597827
597940
598390
598783
599032
599133
599510
599734
600074
600125
600399
600511
600837
600897
601347
601359
601857
601881
602326
602641
602646
602942
603389
603396
603674
603928
604404
604750
604829
605324
605718
605924
606293
606748
607190
607315
607706
608118
608139
608198
608477
608789
608897
609193
609363
609372
609832
610173
610278
610548
610794
611092
611419
611445
611791
612053
612303
612483
612580
612703
613065
613473
613782
614250
614700
614790
614913
615000
615065
615539
615938
616185
616509
617004
617402
617612
617652
617681
617751
617916
618056
618083
618170
618259
618329
618774
619139
619450
619685
619814
619943
620270
620679
621159
621207
621589
621920
622374
622473
622911
623297
623523
623534
623892
624331
624715
624747
625191
625359
625754
625815
626008
626354
626558
626604
626935
627363
627412
627856
627869
627894
627900
628054
628438
628760
629019
629446
629542
629794
630213
630453
630931
631131
631315
631507
631511
631549
631592
631683
631722
631973
632159
632383
632566
632959
633108
633404
633435
633889
633895
633906
634338
634515
634991
635270
635607
635805
636274
636509
636921
637297
637706
637964
638096
638428
638482
638618
638711
639064
639316
639602
639990
640436
640661
640890
641194
641548
641807
642004
642245
642613
642772
643045
643470
643714
643857
643896
644108
644329
644630
644860
645109
645167
645649
645996
646457
646547
646654
646953
647417
647805
648165
648517
648982
649470
649511
649540
649950
649970
650465
650762
650799
651189
651239
651458
651643
651940
652079
652542
652775
652811
652919
653152
653403
653589
653966
654279
654468
654495
654677
655117
655227
655592
656085
656390
656866
656957
657257
657542
657719
657787
658140
658635
659061
659326
659636
660028
660393
660508
660969
661188
661256
661617
661618
661787
661903
662124
662324
662659
662842
663239
663696
663872
663960
664109
664459
664618
664763
664812
665227
665541
665985
666270
666687
666830
667271
667723
668222
668339
668580
668980
669461
669736
669838
670226
670606
671084
671140
671167
671296
671739
672204
672256
672674
673163
673309
673698
674041
674206
674628
675071
675460
675779
676116
676126
676486
676790
676867
677027
677362
677521
678005
678215
678389
678437
678712
678850
679086
679291
679456
679687
679746
680192
680279
680545
680760
680877
680943
681376
681600
681765
682244
682594
682944
683374
683660
683690
683819
684312
684702
685042
685474
685898
686361
686491
686568
686716
687185
687625
688028
688365
688732
689069
689515
689649
689882
690377
690665
690999
691045
691152
691641
692099
692189
692518
693014
693156
693321
693327
693387
693690
693788
694142
694352
694791
695196
695342
695406
695738
696088
696501
696875
697157
697554
697999
698047
698448
698584
698652
699057
699542
699543
699820
699989
700284
700697
700972
701032
701370
701689
702079
702101
702149
702492
702650
703144
703312
703368
703457
703672
703729
704064
704111
704415
704547
704807
705120
705162
705420
705462
705554
705973
706178
706673
706863
707216
707393
707696
707719
707849
708273
708551
708751
709004
709097
709308
709578
709656
709744
710089
710366
710852
711216
711477
711824
712050
712101
712478
712565
712926
713351
713829
713957
714410
714681
715096
715126
715265
715588
715831
716088
716218
716244
716316
716642
717136
717458
717534
717753
718039
718214
718637
718659
718949
719063
719415
719659
720067
720141
720542
720739
721115
721459
721717
722136
722232
722606
722667
723129
723420
723736
724186
724286
724773
725193
725435
725591
726036
726423
726613
726920
727366
727383
727856
727866
727951
727973
728038
728523
728747
729015
729415
729701
730175
730631
731093
731250
731578
731669
731726
731865
732250
732609
732669
732910
732912
733208
733310
733423
733684
733931
734017
734311
734554
734823
735264
735588
736017
736095
736542
736592
736979
737167
737479
737809
738037
738334
738463
738578
738968
739398
739531
739987
740373
740851
740882
740967
741098
741311
741369
741423
741620
741855
741993
742241
742716
743059
743108
743114
743389
743426
743550
744035
744464
744840
745048
745466
745668
746103
746233
746678
747130
747574
