La primera linea indica la cantidad de minutos a considerar (n). Luego vienen n lineas que corresponden a los x_i, y luego los n valores que corresponden a la funcion f(.):
4000
453
279
840
354
660
751
985
739
975
188
12
728
614
692
304
926
810
867
815
739
657
202
811
505
260
196
227
910
730
368
392
593
939
740
373
533
887
896
791
474
404
134
894
346
75
455
902
467
188
611
214
697
682
729
282
431
759
401
440
77
188
994
810
802
813
818
338
918
190
377
171
261
646
318
270
114
891
369
82
911
967
119
872
162
199
655
446
37
209
787
697
43
45
246
463
56
518
679
594
815
327
407
361
535
310
555
670
637
695
965
551
689
862
986
36
571
893
607
679
266
876
821
528
56
757
420
194
434
392
683
625
835
567
418
186
726
218
255
192
712
255
339
737
907
530
256
999
577
162
200
1
417
471
318
681
506
357
816
295
377
958
205
428
211
135
708
389
795
871
281
477
929
660
21
979
775
252
251
569
131
220
376
709
91
490
689
905
809
337
251
679
805
562
616
239
269
79
36
919
44
751
989
80
427
425
874
427
322
599
420
275
388
407
769
465
384
105
802
97
35
253
39
257
832
369
7
609
379
146
999
823
194
796
290
258
441
349
490
246
236
739
355
4
135
196
982
239
291
713
28
489
237
577
257
836
897
630
552
86
788
147
979
479
185
176
224
935
399
865
702
565
605
887
373
107
343
423
712
998
574
865
458
734
189
152
149
766
156
524
164
823
850
183
897
684
975
369
459
45
951
362
807
102
737
18
196
682
179
223
908
403
472
189
483
593
206
465
852
958
535
220
480
288
136
613
222
827
6
965
490
525
928
560
69
658
801
230
396
748
271
443
310
189
682
642
107
57
301
439
380
772
683
579
739
798
630
932
695
443
921
534
708
976
41
324
938
284
469
615
27
276
765
331
565
448
480
843
472
914
550
662
268
903
84
378
725
946
788
698
990
472
419
964
363
140
716
374
639
77
501
972
907
883
381
186
382
313
224
420
194
134
234
506
563
571
316
973
315
889
710
782
476
82
423
270
64
758
556
57
219
52
59
990
822
521
262
626
374
765
220
216
691
700
474
980
111
487
313
355
832
452
851
93
850
710
508
880
669
591
214
312
506
341
650
832
691
671
906
17
947
718
408
464
109
473
794
50
519
181
614
64
156
247
532
209
899
389
413
348
974
670
976
22
344
568
487
402
956
95
977
264
858
127
292
235
356
61
768
708
469
883
323
629
413
855
175
524
860
650
691
867
264
546
70
367
953
442
680
646
343
200
879
916
350
697
806
708
182
979
656
915
585
208
294
912
956
312
493
876
756
63
784
378
785
792
328
144
977
892
479
546
158
143
532
896
98
738
145
609
935
862
246
377
239
351
246
327
185
440
764
138
42
96
165
834
707
598
882
595
456
349
245
90
451
455
503
306
46
810
890
807
353
952
5
475
353
572
548
87
333
745
679
476
67
962
914
291
540
175
723
636
705
954
505
888
416
354
112
794
463
138
840
310
194
707
661
725
52
738
247
99
356
465
675
537
307
876
968
926
864
542
483
528
994
79
277
873
333
35
741
404
897
421
660
505
654
411
568
933
36
851
737
411
848
647
994
423
10
436
625
421
809
159
739
121
282
397
98
375
136
624
29
887
602
778
850
913
170
848
580
575
14
108
193
141
691
347
428
146
220
38
541
630
642
493
832
208
280
969
316
842
261
114
241
362
71
328
55
907
608
166
205
373
467
662
288
749
397
941
83
916
398
298
890
295
186
133
997
13
810
912
866
389
519
238
695
373
398
46
705
991
924
954
744
228
213
513
975
952
680
621
838
134
198
880
620
450
757
220
550
663
738
686
247
69
854
190
945
752
44
176
664
683
195
48
565
640
631
501
982
329
770
516
972
120
34
422
60
117
791
629
148
52
162
636
580
378
289
796
3
513
684
384
318
958
288
250
95
881
28
179
581
180
579
191
543
646
392
551
786
655
123
679
178
478
75
623
478
954
542
949
703
457
132
834
453
149
764
892
198
485
804
535
710
846
700
294
722
677
91
615
226
169
309
591
308
27
406
489
917
451
205
117
248
401
730
972
577
862
591
136
228
608
836
847
230
883
118
969
866
123
845
674
550
189
72
525
783
316
59
759
109
687
847
606
833
844
730
756
200
774
402
359
817
816
481
452
99
324
239
541
316
82
151
280
183
389
362
530
656
524
958
484
963
968
851
807
651
983
377
129
665
645
90
770
867
17
826
552
979
151
213
100
544
650
689
102
802
711
247
334
583
325
657
112
104
285
578
542
928
282
645
405
154
983
558
313
709
622
519
168
4
586
840
472
233
940
732
121
716
294
69
465
510
387
910
347
763
569
438
736
780
377
904
485
457
79
559
36
839
554
428
721
524
435
840
83
789
606
156
640
50
49
401
80
833
643
888
902
791
177
784
755
594
804
847
397
659
685
491
359
584
14
662
513
909
249
523
137
95
633
861
760
607
814
376
95
615
384
76
381
177
280
711
352
342
851
748
10
233
414
163
972
677
627
862
925
88
558
813
377
390
525
349
4
391
750
638
793
299
994
726
686
430
701
623
675
114
194
730
70
369
832
610
33
579
530
906
225
543
461
987
269
814
104
208
347
357
692
310
54
91
760
185
743
458
190
426
197
540
106
722
361
9
20
346
740
415
436
898
573
463
689
423
962
279
697
570
207
431
33
408
44
938
400
539
407
803
499
348
279
693
829
334
706
487
829
429
954
156
866
476
506
975
376
261
517
473
158
750
7
680
102
785
233
217
246
648
793
670
717
517
149
859
607
323
360
272
386
997
618
797
406
429
573
184
342
540
275
805
975
517
589
893
504
850
633
459
431
214
11
397
507
971
148
31
807
221
537
658
866
195
822
570
743
102
889
393
2
906
686
600
145
812
788
522
422
144
448
421
453
438
862
568
953
336
158
147
346
41
114
491
389
872
972
920
244
503
984
207
624
389
402
363
945
47
827
854
224
689
256
494
242
240
518
795
759
748
968
5
11
578
838
680
154
506
526
996
299
347
295
942
84
814
850
151
3
83
577
850
670
425
376
919
814
724
865
553
181
840
673
573
504
151
89
850
12
279
802
678
960
130
476
478
313
743
9
919
807
53
332
245
472
229
646
103
807
291
10
792
336
44
439
48
281
471
458
663
57
231
929
904
449
641
580
659
342
425
54
538
92
245
14
713
649
459
454
477
928
206
994
425
610
104
165
576
45
735
833
404
619
959
863
9
742
650
876
112
186
412
898
709
309
574
16
957
891
726
767
757
711
287
326
280
656
582
623
362
282
349
283
241
121
838
449
410
544
329
276
995
838
911
833
477
156
622
429
505
184
711
444
125
480
984
186
922
77
536
10
984
38
978
638
744
42
976
186
443
140
691
54
331
653
513
44
3
892
295
180
319
104
490
64
901
506
522
267
279
460
469
425
509
489
107
37
954
28
97
331
744
228
769
936
113
756
779
827
402
570
150
676
799
372
996
524
860
947
531
29
368
401
180
920
699
359
535
115
300
88
524
379
237
840
297
526
893
132
215
348
640
466
989
741
394
671
766
166
400
841
413
324
66
441
473
40
570
983
847
628
563
135
190
501
964
564
863
334
372
536
310
433
383
805
580
20
426
809
620
749
582
263
896
507
718
923
975
429
657
304
443
820
970
132
942
656
351
595
74
804
884
550
316
834
23
576
997
819
632
535
71
759
160
722
822
381
104
423
114
790
86
489
33
375
482
833
838
316
459
353
825
49
302
640
117
456
712
46
379
748
583
734
877
249
876
326
810
35
32
950
983
88
782
479
10
391
520
454
295
837
886
10
573
213
867
98
392
633
892
357
55
293
934
996
70
459
873
293
474
870
25
315
827
304
736
129
142
113
115
334
316
770
252
865
651
941
622
165
478
344
491
404
650
91
155
752
879
183
68
973
648
1000
731
42
539
242
98
601
806
43
612
997
91
376
853
987
408
918
792
654
652
582
460
897
736
685
956
804
740
184
858
973
633
954
777
125
810
397
842
337
24
445
97
88
688
245
695
708
162
864
216
274
114
772
868
305
839
162
371
625
195
882
165
942
713
231
335
233
179
31
245
631
157
358
930
831
599
445
387
792
530
155
536
976
713
363
897
26
180
248
756
948
584
771
934
799
585
325
86
768
701
161
263
727
1000
573
250
483
838
588
271
363
774
545
448
82
61
653
601
364
129
344
540
366
98
611
796
643
841
908
993
39
60
634
82
561
274
604
152
588
415
867
64
493
29
810
646
149
789
892
267
841
301
652
240
656
672
474
125
927
754
837
214
734
506
568
325
666
596
747
607
469
887
211
632
311
625
490
442
38
297
148
1000
81
288
178
274
201
195
610
938
357
405
812
549
329
337
522
148
175
516
417
550
835
770
279
376
829
601
283
858
614
913
844
504
536
35
462
632
249
538
462
356
594
90
197
798
114
892
966
992
703
460
449
888
35
224
509
475
332
855
653
874
773
837
698
575
384
626
57
963
246
870
432
672
634
933
579
383
982
47
788
424
425
552
440
91
821
96
370
314
539
987
650
284
353
220
450
348
625
306
923
725
514
907
825
934
899
323
46
954
14
135
660
739
731
619
948
577
673
872
609
193
651
467
38
45
466
633
603
454
736
999
940
59
930
154
715
652
42
803
111
26
140
150
656
324
765
997
634
617
162
480
662
725
412
319
679
819
804
96
427
259
330
249
270
48
685
697
886
382
746
800
637
748
136
310
658
141
527
899
437
920
994
93
220
514
969
539
129
855
802
257
411
107
274
222
272
347
845
171
542
990
823
302
749
497
840
533
612
612
426
506
953
332
176
293
812
644
111
503
571
443
171
701
547
647
106
448
230
796
428
218
501
245
358
911
71
722
519
817
994
93
206
450
67
482
415
25
418
877
153
958
410
841
782
301
893
6
515
663
400
909
653
30
125
264
936
421
110
53
601
262
970
907
942
893
742
645
462
823
318
80
287
758
689
263
520
281
679
715
847
362
471
41
45
695
172
70
340
471
320
624
159
227
340
357
741
905
806
622
935
895
814
613
768
353
719
60
356
756
642
916
471
819
688
455
22
921
859
937
548
488
410
605
881
959
539
879
295
568
142
356
883
12
190
900
965
717
23
635
604
43
887
11
941
460
19
425
18
232
331
295
810
74
486
890
495
234
917
427
129
745
55
980
951
736
164
835
183
723
656
519
828
695
223
969
239
154
809
347
634
698
456
73
875
833
169
22
78
791
344
640
866
109
575
566
123
954
121
254
406
416
870
321
919
355
234
4
104
580
776
68
495
989
528
831
173
529
512
910
609
116
349
848
299
193
152
459
457
551
730
994
125
810
970
387
240
965
328
691
899
410
840
620
324
253
371
554
955
676
468
420
574
362
890
104
428
449
943
806
108
933
620
615
597
556
747
216
306
181
364
149
243
934
4
421
473
383
721
427
658
484
299
255
657
367
546
836
368
355
20
976
786
255
282
234
886
41
793
674
269
972
494
273
726
82
185
335
1000
55
31
352
406
478
851
150
488
117
775
617
679
769
957
629
640
963
675
595
992
347
249
634
873
292
297
880
777
536
109
571
600
857
119
894
36
808
825
264
979
994
333
106
977
593
495
986
161
300
416
318
799
324
159
841
42
459
309
171
530
377
505
172
626
320
928
941
974
511
463
834
70
643
846
605
824
482
327
535
868
288
143
500
918
763
432
839
934
250
821
876
948
833
571
525
837
341
163
972
991
962
128
559
704
969
808
491
212
895
372
350
754
189
981
255
532
678
882
33
21
413
958
95
15
223
410
467
750
569
326
558
74
942
235
246
978
584
41
100
571
943
811
655
382
90
199
689
144
547
539
376
867
151
70
197
52
381
664
808
921
297
57
787
437
100
301
589
507
45
760
741
221
50
344
277
706
920
668
959
693
268
291
619
766
23
726
966
663
34
383
500
842
889
946
234
619
856
889
759
217
323
390
464
734
588
794
618
622
239
134
516
777
574
958
174
497
370
823
781
243
549
972
389
307
530
427
738
468
731
322
123
175
620
171
332
390
666
944
956
338
209
165
889
927
419
687
309
725
401
235
706
735
190
373
401
479
164
570
190
303
691
775
693
646
119
677
271
798
80
363
526
872
846
828
262
415
345
89
5
433
738
72
369
129
505
817
27
698
755
2
822
390
892
898
348
685
217
519
979
277
494
962
165
851
941
373
28
476
534
206
834
40
464
778
422
819
785
514
255
497
823
613
327
319
501
815
269
404
709
113
76
791
229
767
358
147
720
627
349
738
746
342
305
523
78
321
648
595
814
994
15
728
460
271
857
29
565
264
521
800
985
467
596
581
689
57
25
519
370
729
299
651
305
933
52
283
741
512
601
946
32
186
729
707
791
313
311
34
761
621
210
559
395
689
837
916
763
693
101
242
141
993
406
757
483
919
320
983
935
316
737
155
191
680
370
4
44
52
134
297
11
496
329
248
742
608
50
667
307
637
654
574
228
409
313
468
72
342
214
143
22
175
627
46
465
462
843
781
233
939
211
599
227
782
947
100
428
885
291
632
61
691
441
332
977
302
896
259
132
972
868
158
916
911
254
587
268
505
914
436
383
758
589
177
399
292
133
794
122
457
710
914
500
750
744
701
433
424
421
205
997
756
175
481
271
150
501
278
296
14
558
554
561
74
904
944
635
25
856
122
3
487
846
983
572
822
514
35
570
557
31
601
898
43
913
967
303
714
397
944
164
939
615
377
710
900
369
771
570
972
237
862
500
628
860
266
735
986
18
344
981
899
486
56
427
398
146
61
344
771
253
327
676
340
50
13
403
188
978
543
812
590
452
534
564
893
986
202
625
856
925
540
427
317
415
40
697
643
778
312
896
881
899
194
863
649
353
326
754
399
116
985
537
652
168
570
293
48
26
327
531
17
12
419
886
982
564
606
862
574
823
283
389
100
545
374
556
486
613
608
920
179
534
566
289
350
745
632
992
886
91
781
50
163
317
673
233
72
943
387
838
398
725
118
574
841
484
981
965
388
794
831
215
425
726
352
67
301
215
38
295
87
196
795
566
431
246
464
932
781
48
31
491
653
492
747
968
768
357
326
790
532
712
179
283
682
96
985
638
617
191
133
660
670
45
297
770
208
599
216
225
956
3
185
299
84
858
312
757
768
336
652
792
654
121
721
830
373
37
555
50
389
782
688
380
202
329
434
51
480
881
89
415
109
955
808
996
365
150
535
33
738
946
462
897
990
513
268
663
649
410
469
730
221
589
294
55
847
410
994
303
336
839
101
383
919
527
247
777
723
253
439
931
903
498
967
569
186
323
712
146
124
147
134
893
863
191
143
776
485
814
671
231
326
369
18
812
569
765
139
582
655
285
29
158
759
287
240
112
33
632
959
696
109
470
524
647
797
504
979
425
57
309
171
995
93
649
796
464
905
446
712
542
396
831
527
792
259
56
16
847
701
443
954
945
203
339
973
350
512
925
531
686
791
103
300
76
178
563
978
102
338
165
313
287
342
880
237
982
551
611
842
722
535
232
551
816
485
662
212
679
200
295
357
542
380
483
96
77
163
933
6
202
434
466
999
558
668
139
957
444
409
864
170
512
987
865
277
423
895
69
889
560
187
969
231
853
972
669
446
826
309
146
196
859
377
676
596
695
638
491
499
529
931
714
981
153
936
884
248
55
208
728
55
317
741
325
566
717
820
744
669
641
373
295
617
937
289
929
694
689
447
481
270
627
928
863
615
454
909
372
921
690
886
474
111
981
171
96
619
12
978
370
972
620
277
824
38
648
144
800
127
729
650
453
458
342
299
324
912
351
431
970
903
742
552
412
761
740
189
457
414
382
511
802
501
374
813
391
476
609
935
756
583
355
239
926
354
113
451
58
377
917
599
915
919
529
894
557
181
896
882
77
17
583
705
375
830
836
725
822
74
677
268
754
595
604
695
936
681
630
79
616
902
451
756
136
121
880
145
639
608
873
543
584
599
809
988
661
550
264
107
551
517
992
265
649
887
387
624
447
548
676
855
287
149
561
602
551
366
808
333
122
352
321
382
662
700
831
54
731
956
83
109
112
438
969
9
148
266
198
350
862
793
759
736
753
58
615
102
904
391
85
61
169
559
429
775
153
478
661
814
320
876
680
214
686
352
384
226
258
192
815
488
953
648
501
606
724
525
642
169
756
149
277
656
273
803
535
188
320
944
868
725
886
196
577
384
584
521
137
820
690
801
775
172
565
83
162
95
446
275
470
912
49
189
650
824
656
927
633
82
529
232
998
430
35
364
148
174
520
366
64
364
608
859
7
414
867
137
806
151
688
251
244
804
962
788
607
28
177
347
295
110
525
60
956
368
52
398
451
532
851
275
200
631
500
12
147
385
446
730
797
249
920
56
30
973
902
203
19
857
64
668
371
454
38
978
228
790
99
534
867
180
279
654
851
782
178
163
34
272
514
24
104
784
348
953
588
994
821
96
607
299
301
903
811
497
893
585
152
639
123
166
349
221
943
204
99
334
231
288
888
453
441
905
431
651
547
923
235
636
633
909
348
15
698
699
535
777
93
849
313
935
209
306
454
816
333
346
804
468
697
376
933
999
993
206
132
922
768
896
697
892
698
291
763
404
841
276
831
822
921
138
813
101
935
730
343
195
368
540
687
249
678
422
63
62
592
566
442
336
979
152
248
850
112
509
257
216
308
217
743
699
484
514
911
544
818
787
965
33
168
835
818
320
695
509
679
31
80
814
493
119
384
423
911
497
531
302
721
111
683
805
323
337
400
423
577
342
502
910
97
494
548
364
368
276
430
931
490
595
547
157
813
290
123
645
322
163
330
80
660
969
831
950
791
527
56
958
221
666
989
700
928
476
62
364
164
382
765
254
760
412
618
546
463
602
75
887
339
727
371
335
699
446
735
723
767
972
520
917
398
25
71
332
404
77
946
444
881
713
642
627
167
189
275
336
986
29
607
829
961
566
382
750
453
880
836
612
159
921
557
256
566
526
678
821
244
871
777
402
871
417
243
931
510
657
734
154
825
964
236
555
608
908
179
642
535
301
830
353
134
632
692
556
424
259
648
962
320
917
83
373
172
631
440
755
441
685
520
171
631
995
1440
1818
1840
1857
2128
2517
2742
2746
3207
3581
4034
4239
4443
4471
4922
5111
5500
5697
5787
6031
6227
6473
6514
6920
7364
7594
7854
8313
8447
8697
8706
9036
9339
9607
10066
10265
10281
10285
10405
10483
10742
10961
11326
11473
11586
11796
12156
12385
12498
12637
12813
12952
13146
13474
13538
13708
13980
14422
14546
14835
15031
15520
15813
16278
16756
16872
17030
17109
17118
17501
17614
18023
18151
18317
18513
18903
19390
19723
20099
20332
20818
21185
21186
21514
21629
22036
22445
22504
22603
22616
22635
22795
23095
23474
23617
23704
23817
24120
24441
24511
24975
25176
25205
25512
25677
25823
26178
26304
26540
26979
27372
27585
28083
28404
28423
28425
28727
28994
29155
29294
29384
29522
29590
29673
29691
29778
30143
30475
30489
30823
31123
31323
31732
32212
32223
32633
32674
32684
32730
33188
33391
33693
34029
34176
34551
34584
34766
34935
35116
35162
35182
35291
35788
36130
36140
36198
36274
36657
36693
37193
37490
37597
37804
38164
38252
38585
38848
39099
39367
39833
39878
40170
40210
40219
40638
41030
41301
41608
42047
42233
42328
42612
42830
42973
43331
43617
43696
44004
44369
44840
45175
45526
45551
45772
45918
45928
45967
46459
46904
47259
47307
47377
47590
47744
47951
47958
48269
48468
48555
48638
48980
49019
49077
49542
49614
50000
50236
50729
51179
51349
51532
51891
52009
52415
52859
52928
53229
53234
53508
53940
54369
54756
54777
55123
55193
55301
55727
56194
56615
57077
57410
57788
57952
58028
58232
58613
58894
59357
59596
59923
60123
60461
60685
60995
61395
61786
62199
62397
62879
63132
63546
63889
64059
64298
64363
64745
64810
65286
65381
65705
66090
66372
66377
66605
66951
67256
67289
67778
68107
68321
68503
68784
68958
69153
69344
69681
69843
70280
70598
70678
70806
71120
71420
71878
72347
72641
72767
73016
73193
73537
73742
73756
74222
74516
74521
74617
75110
75415
75878
75983
76196
76587
77017
77133
77574
77737
78031
78136
78226
78659
78870
79201
79585
79915
80355
80653
81062
81088
81172
81318
81704
81939
82185
82496
82857
82863
83104
83175
83653
84080
84518
84654
85096
85150
85416
85862
86140
86236
86639
87078
87384
87814
88085
88419
88784
88838
89157
89538
89638
89828
89888
90130
90427
90735
91216
91414
91721
91940
92134
92601
93072
93085
93120
93527
93928
94347
94459
94762
94998
95095
95209
95309
95444
95887
96231
96429
96803
96863
97318
97352
97561
97580
97808
98005
98221
98358
98679
98876
99234
99679
100116
100225
100562
100719
101083
101484
101673
102119
102270
102737
102908
103178
103303
103629
103765
103863
104053
104279
104618
104935
105103
105123
105341
105427
105568
105680
105981
106202
106259
106671
106729
107213
107366
107670
107957
108131
108276
108733
108922
109300
109702
109784
110142
110258
110472
110854
110961
110983
111390
111422
111764
111830
112004
112379
112425
112544
112621
112677
113145
113201
113584
113851
113880
113952
114331
114485
114524
114868
115200
115353
115655
115677
115692
115766
115894
115912
116058
116350
116573
117013
117282
117668
117807
117980
118209
118644
118969
119422
119909
120339
120650
121087
121199
121628
122083
122308
122704
123006
123479
123861
123973
124467
124742
125226
125431
125482
125578
125957
126255
126403
126580
126586
127076
127400
127446
127807
127940
128193
128502
128675
129174
129600
129620
130005
130456
130868
131159
131630
131776
132252
132557
132706
132997
133011
133338
133341
133596
133710
133970
134355
134835
135021
135481
135913
135971
136258
136752
136902
137395
137838
137943
138249
138470
138551
138917
139194
139195
139318
139563
140063
140085
140344
140720
140991
141099
141515
141708
141739
141741
141807
142201
142632
143114
143328
143398
143479
143775
144008
144326
144779
145018
145475
145500
145516
145731
146104
146382
146774
147214
147507
147798
148213
148408
148531
148565
148867
148874
148989
149172
149424
149447
149672
150105
150137
150249
150625
150768
151031
151452
151799
151886
152339
152503
152735
152845
153213
153632
153697
153975
154184
154681
154983
155468
155804
156231
156272
156335
156829
156926
156940
157395
157616
157913
157939
158013
158349
158365
158591
158907
159317
159384
159504
159511
159538
159884
160054
160195
160356
160797
161148
161272
161581
161818
161875
161884
162199
162376
162655
162894
163133
163438
163842
164249
164335
164681
165149
165171
165494
165586
165884
166146
166269
166459
166772
167045
167288
167785
168122
168385
168522
168889
168959
169094
169473
169646
170112
170471
170672
171168
171524
171684
171713
171890
172361
172507
172719
172722
172922
173101
173153
173205
173314
173669
173949
173981
174480
174875
175286
175542
175743
176199
176646
176783
177051
177465
177586
177923
178273
178734
178965
179412
179750
179960
180185
180195
180557
180847
181120
181536
181982
182234
182706
182951
183097
183157
183215
183383
183582
183587
183756
183894
184073
184377
184380
184651
185073
185278
185609
185716
186031
186165
186379
186875
187346
187701
187977
188296
188794
188983
189361
189415
189544
189813
189859
189998
190473
190932
191369
191475
191817
191938
191959
192058
192160
192191
192613
192701
192753
192899
192928
193206
193324
193446
193738
193874
194079
194465
194949
195260
195586
195688
196177
196309
196412
196661
196890
197279
197324
197377
197847
197953
198204
198623
198949
199064
199409
199862
200026
200509
200969
201430
201844
202011
202398
202462
202473
202726
202975
203250
203572
204003
204466
204937
205222
205288
205787
206045
206197
206262
206711
207122
207276
207424
207432
207630
208008
208386
208761
208983
209137
209141
209490
209513
209676
209872
210311
210670
210864
211126
211253
211337
211570
211815
211947
212001
212426
212635
212906
213175
213473
213692
213938
214218
214494
214630
214782
214957
214988
215321
215742
215808
216017
216466
216503
216631
217109
217169
217661
218006
218345
218608
218794
219137
219142
219171
219334
219752
219795
220203
220679
221135
221330
221683
222151
222631
222798
223271
223640
223789
223814
224153
224297
224604
224844
225296
225583
225754
226085
226552
227049
227170
227264
227469
227848
228262
228427
228644
228885
228901
228954
229244
229252
229287
229523
229728
230129
230376
230414
230616
230703
230985
231068
231250
231501
231561
231599
232036
232227
232607
232985
233061
233474
233676
234034
234479
234803
235175
235231
235693
236092
236193
236462
236880
237280
237632
237679
238079
238506
238657
239035
239118
239194
239302
239403
239555
239615
239650
239838
240170
240300
240728
240869
241008
241211
241282
241722
242168
242383
242762
242882
243064
243086
243143
243266
243483
243800
243879
243958
243977
244461
244576
244638
244891
245035
245317
245764
245818
245976
246230
246437
246861
246954
247156
247358
247572
247662
247750
247865
248129
248453
248721
249219
249593
249804
250056
250373
250597
251065
251172
251571
251698
251757
251895
252084
252226
252476
252911
253346
253839
254285
254462
254682
255147
255369
255710
255974
256058
256218
256638
256937
256942
257421
257605
257751
258226
258441
258766
259186
259266
259348
259705
260182
260237
260311
260531
260609
260635
261050
261272
261640
261658
261943
262051
262425
262440
262546
262976
263013
263078
263450
263863
263967
264411
264843
265049
265145
265386
265711
265830
265866
265932
266258
266643
266997
267120
267336
267402
267464
267802
268236
268613
269094
269269
269622
269921
269922
270125
270408
270442
270534
270740
270800
271295
271687
271765
271901
272336
272833
273290
273440
273641
273806
273981
274091
274266
274625
274864
275085
275260
275366
275513
275580
275739
275784
275919
276072
276125
276588
276837
277005
277108
277140
277152
277247
277660
278082
278213
278599
278681
278862
278934
279201
279569
279871
279873
280161
280620
281081
281429
281433
281798
282026
282155
282199
282565
282795
282903
283339
283459
283853
284051
284098
284316
284452
284912
285028
285030
285100
285547
285757
286248
286318
286506
286512
286697
286982
287317
287373
287460
287849
287873
287875
288353
288641
289135
289152
289587
290085
290354
290624
290690
290804
291240
291472
291567
291639
292070
292166
292408
292440
292829
292972
293329
293732
294036
294326
294328
294377
294613
294670
294973
295321
295621
296106
296166
296337
296581
296787
297056
297270
297655
297830
298243
298271
298633
298817
299305
299627
299834
300105
300172
300457
300518
300988
301349
301843
302049
302210
302331
302452
302929
303240
303629
303805
304152
304553
305032
305272
305425
305610
305969
306256
306476
306820
306992
307168
307350
307401
307559
307598
307763
307827
307894
307906
308221
308504
308876
309045
309361
309805
310242
310553
310671
311063
311091
311367
311687
312125
312140
312411
312786
313127
313500
313672
314159
314375
314666
314753
315051
315283
315419
315514
315538
315565
315894
316113
316578
316726
317071
317312
317612
317760
317896
318362
318486
318836
318957
319350
319715
320122
320125
320436
320911
321329
321396
321775
322028
322465
322657
323054
323085
323582
324009
324183
324389
324739
325225
325518
325670
326117
326319
326414
326666
327124
327175
327306
327503
327835
328196
328582
328806
328980
329342
329805
329974
329981
329985
330223
330700
330807
330937
331387
331727
331834
331904
332130
332491
332861
333167
333245
333662
333994
334235
334530
334901
334983
335265
335434
335636
336033
336062
336384
336426
336505
336616
337047
337080
337497
337944
338083
338396
338755
338903
339281
339521
339921
340157
340601
340796
341160
341240
341696
342118
342299
342369
342461
342727
342731
342781
342902
343202
343399
343846
343872
344022
344108
344376
344407
344508
344541
344939
345337
345413
345864
346121
346323
346659
346928
347424
347455
347927
348263
348669
349111
349456
349895
349953
350201
350422
350424
350549
350891
351349
351567
351647
351860
352327
352435
352540
352761
352896
353169
353498
353850
353895
354071
354492
354541
354697
354736
354968
355404
355746
356139
356482
356748
356862
357168
357393
357680
357879
358081
358495
358655
359037
359377
359435
359643
359735
359898
360045
360375
360435
360716
361021
361183
361273
361748
361841
362091
362356
362832
362958
363291
363395
363782
364092
364579
364907
364999
365063
365301
365595
365780
366277
366461
366766
367051
367170
367276
367634
368003
368307
368531
368870
369011
369349
369392
369562
369885
370185
370286
370647
370979
371191
371251
371410
371782
372108
372563
372906
372930
373273
373333
373579
373997
374343
374717
375135
375187
375638
376127
376464
376907
376929
376988
377360
377811
378056
378062
378330
378818
379288
379722
379883
380026
380463
380470
380960
381290
381475
381752
382237
382522
382861
383158
383581
383880
384207
384361
384632
384950
385242
385724
385865
385898
386075
386402
386448
386742
387068
387150
387388
387420
387795
388196
388273
388501
388762
388990
389300
389666
390015
390442
390475
390479
390547
390869
391134
391204
391309
391625
391973
392341
392750
392980
393062
393186
393343
393666
393793
394032
394415
394466
394741
394824
395269
395581
395645
395964
396315
396751
397251
397493
397576
397742
398107
398398
398654
399000
399088
399526
399927
400240
400485
400728
401193
401681
401763
402239
402541
402661
403052
403470
403856
404125
404163
404243
404567
404715
405173
405380
405823
405907
406253
406420
406708
406958
407026
407378
407635
408097
408321
408787
408857
408951
409352
409544
409892
410130
410323
410823
411119
411285
411466
411863
412037
412280
412319
412675
413145
413298
413677
413737
413844
414013
414096
414452
414649
414719
414828
414918
415230
415384
415822
416321
416493
416975
417412
417492
417962
418264
418457
418805
418898
419139
419297
419406
419621
419665
419915
420089
420217
420717
420839
421101
421229
421287
421532
421773
422077
422296
422457
422536
422943
423436
423637
423896
424118
424531
424878
425318
425612
425671
425800
426098
426120
426570
426613
426804
426825
427197
427407
427588
427869
428254
428335
428531
428829
429100
429232
429552
429621
430008
430154
430482
430723
430764
431074
431406
431432
431816
432292
432341
432662
433121
433597
433749
433898
434105
434604
434886
435343
435812
435994
436031
436422
436839
437213
437347
437840
438289
438540
438858
439293
439775
439780
439805
440262
440749
440868
441143
441328
441394
441801
442184
442266
442416
442614
443113
443353
443801
443837
444001
444180
444457
444743
445152
445264
445510
445636
445643
446130
446329
446405
446508
446601
446809
447225
447650
448054
448495
448544
448959
449099
449467
449622
450046
450240
450694
450914
451062
451383
451618
451975
452082
452397
452694
453117
453509
453880
454380
454534
454853
455044
455064
455162
455622
455729
456128
456545
456735
456795
457144
457642
457688
458150
458151
458385
458778
458991
459371
459467
459595
459918
460390
460628
460963
461290
461610
462006
462241
462569
462827
463126
463246
463677
463961
464247
464615
464684
464944
465241
465709
466074
466156
466215
466510
466717
466987
467253
467402
467605
467854
468256
468466
468921
469157
469417
469675
469827
470088
470522
470749
471238
471644
472129
472146
472194
472309
472771
472975
473098
473329
473515
473941
474110
474125
474505
474663
474743
475072
475155
475563
475977
476389
476650
476759
477026
477510
477549
477660
478107
478187
478670
479115
479586
479934
480264
480616
481016
481134
481393
481546
481731
481943
482413
482815
483253
483739
483962
484285
484642
484902
485073
485519
485651
485942
485985
486059
486367
486515
486683
487089
487583
487703
488085
488203
488454
488610
488667
488859
489087
489409
489689
489872
490016
490161
490634
490902
491283
491357
491358
491619
491978
492361
492443
492663
492997
493276
493422
493853
494188
494503
494674
495172
495310
495597
495776
496094
496262
496356
496845
497297
497742
498105
498409
498627
498969
499391
499761
499880
500091
500095
500523
500689
500717
501151
501472
501613
501883
502201
502670
502712
502886
502998
503086
503380
503397
503693
503889
504216
504638
504888
505172
505580
505985
506314
506761
507094
507573
507664
507794
508263
508731
509058
509397
509695
510121
510352
510360
510369
510739
510914
511213
511665
511730
511894
512340
512703
513075
513476
513825
514199
514249
514515
514795
514912
515111
515139
515241
515374
515388
515734
516182
516479
516749
516835
516879
517026
517176
517230
517685
518149
518233
518265
518705
519138
519354
519483
519528
519920
520272
520377
520401
520809
521235
521306
521516
521924
522220
522280
522336
522612
522775
522800
522914
523243
523422
523592
523998
524223
524444
524537
524621
524990
525138
525457
525519
525813
526152
526461
526610
526640
526965
527074
527419
527557
527592
527919
528316
528816
528964
529073
529559
529954
530125
530395
530537
530876
531354
531830
532235
532360
532672
533059
533397
533588
533636
534031
534524
534836
534893
535092
535395
535892
536101
536472
536595
536785
537251
537454
537689
537884
538066
538231
538360
538411
538632
538931
539060
539183
539636
539691
539907
540195
540591
541041
541136
541566
541919
541995
542229
542563
542893
543247
543265
543737
544100
544383
544813
545157
545566
545778
546087
546261
546359
546638
546961
547353
547698
548135
548628
549021
549137
549453
549554
549933
550196
550304
550793
550810
550983
551314
551413
551673
551782
552128
552161
552641
552709
553107
553211
553513
553971
554110
554566
555028
555370
555497
555842
556005
556200
556535
556835
557246
557734
557908
558329
558542
559012
559384
559580
559964
560306
560381
560795
561022
561194
561274
561390
561516
561622
561681
561704
562131
562169
562370
562506
562767
562823
563171
563261
563330
563648
563800
563839
564311
564749
564757
565098
565409
565846
565871
565991
566481
566964
567072
567089
567525
567728
568138
568289
568577
569050
569508
569811
569873
570164
570471
570686
570932
571123
571157
571296
571475
571870
572220
572400
572756
573197
573383
573493
573929
574346
574371
574545
574840
574847
575322
575375
575776
576181
576321
576705
576900
576906
577062
577515
577830
577924
578400
578842
579250
579351
579603
579795
579837
580022
580427
580829
581084
581254
581534
581677
582133
582213
582220
582386
582561
582585
582899
583333
583458
583588
583872
584007
584093
584461
584958
585392
585835
585882
585885
586183
586629
586855
587348
587655
587675
587913
588339
588640
589140
589400
589868
590070
590311
590692
590760
591229
591724
592181
592624
592713
593147
593327
593765
594105
594235
594254
594256
594678
594957
595294
595666
595853
596306
596651
596772
597211
597580
597619
597874
598336
598361
598672
598852
599195
599438
599897
600374
600603
600941
601238
601347
601704
601737
602020
602493
602783
602792
602800
603060
603179
603663
603710
604181
604442
604863
604920
605199
605353
605536
605654
605830
606145
606249
606338
606666
607126
607556
607570
607642
607841
607985
608046
608393
608453
608558
609006
609296
609760
610165
610632
610865
611212
611233
611492
611849
611861
612339
612798
613045
613517
613934
614327
614525
614539
614556
614850
615252
615644
615989
616244
616544
616907
617017
617405
617414
617766
617973
618085
618470
618888
619222
619552
619586
619798
619986
620284
620323
620689
620990
621162
621376
621762
622205
622236
622273
622579
622635
622854
622886
623327
623333
623765
624006
624265
624558
624803
624896
624979
625294
625639
625825
626114
626516
626972
627330
627635
627885
628375
628583
628812
629125
629262
629365
629460
629795
630149
630513
630886
631327
631409
631744
632172
632173
632292
632495
632907
633081
633470
633811
634224
634480
634847
635120
635591
635862
636338
636769
636851
636873
637128
637330
637543
637893
638237
638696
638977
639370
639608
639706
639854
639999
640457
640707
641020
641211
641559
641882
642094
642285
642746
643162
643400
643660
644051
644330
644463
644827
645259
645521
645975
646219
646447
646647
646736
647155
647296
647381
647876
648357
648400
648455
648576
648713
649188
649480
649759
650144
650438
650732
651166
651486
651658
652057
652488
652632
652850
653159
653465
653883
654155
654446
654809
655150
655415
655672
656169
656432
656900
657341
657591
657987
658256
658490
658944
659061
659301
659315
659761
660100
660311
660332
660811
661250
661656
661960
662041
662479
662930
663127
663624
663886
664281
664283
664413
664739
664772
664881
665370
665421
665746
666095
666112
666539
666721
667020
667287
667699
668045
668541
669034
669365
669553
669653
670115
670491
670572
670921
670962
671302
671499
671576
672046
672236
672568
672811
673210
673325
673448
673676
673731
673985
674202
674262
674579
674838
675228
675707
675973
676142
676390
676406
676459
676548
676935
677048
677276
677605
678078
678497
678883
678955
679384
679715
679987
680004
680132
680437
680790
681283
681549
681615
681780
682062
682282
682402
682776
683189
683434
683482
683589
684059
684469
684751
685169
685632
685898
686029
686282
686493
686648
687010
687180
687534
687809
688222
688657
688842
688878
689098
689589
689626
690059
690117
690358
690672
691107
691443
691552
691869
691885
691996
692178
692216
692464
692469
692617
692927
693207
693227
693721
694062
694247
694361
694716
695071
695203
695383
695551
696017
696484
696509
696907
697193
697354
697433
697449
697712
697726
698042
698537
698821
698993
699444
699802
699822
700295
700457
700729
700964
701007
701282
701758
701967
702297
702753
703005
703239
703631
703688
703852
704287
704339
704796
704817
705040
705438
705520
705619
706078
706427
706719
706880
707190
707218
707319
707777
708088
708493
708977
709044
709267
709546
709801
709941
710059
710093
710463
710766
710823
711072
711350
711416
711739
711818
712269
712348
712790
713245
713405
713582
713619
714076
714540
714649
714726
715043
715498
715938
716127
716188
716670
716741
716752
717039
717167
717440
717602
717654
717794
718020
718474
718495
718522
718860
719218
719378
719636
719962
720383
720679
720859
721121
721512
721531
721958
722129
722395
722597
722668
723012
723164
723459
723711
723989
724481
724602
724818
725078
725428
725797
725884
726299
726326
726622
726972
727091
727357
727551
727620
728113
728230
728305
728740
729068
729237
729626
729969
730018
730083
730375
730475
730922
731228
731639
732071
732103
732584
732887
732989
733128
733623
733936
734032
734384
734871
735208
735337
735438
735777
736256
736635
736962
737341
737791
737794
738219
738592
738856
738986
739221
739500
739617
739725
739869
740016
740264
740604
740880
741378
741694
741740
742145
742195
742479
742646
743139
743211
743596
743609
744046
744301
744474
744573
744701
745143
745286
745470
745753
745803
745808
745957
746089
746478
746702
747008
747194
747595
747772
747813
747898
748356
748600
749034
749113
749307
749353
749394
749712
750052
750306
750471
750738
750780
750802
750822
751118
751270
751727
752108
752520
752577
752716
752937
753371
753486
753894
754075
754147
754245
754639
754784
755079
755462
755900
755932
756007
756017
756309
756553
756844
756945
757047
757178
757307
757334
757398
757816
758245
758745
758804
758951
759088
759240
759677
759888
760225
760240
760385
760561
761058
761230
761363
761599
761963
762451
762835
763005
763408
763684
763970
764198
764297
764617
764624
764834
764844
765197
765481
765487
765670
766046
766296
766390
766681
766741
766963
767370
767526
767843
768239
768676
768713
769043
769226
769398
769863
770226
770312
770427
770472
770763
770856
771266
771401
771882
772148
772516
772786
773256
773560
773861
774356
774662
775135
775548
775879
776230
776658
776710
776941
777084
777325
777562
777996
778349
778604
778958
779144
779160
779261
779413
779907
780024
780142
780326
780813
781305
781784
782074
782090
782358
782396
782455
782924
783121
783385
783675
783895
784264
784747
784858
784888
785289
785448
785594
785832
786138
786335
786552
786887
787363
787742
787780
787782
787964
788109
788602
788604
788792
788962
789147
789195
789689
789721
789864
790163
790282
790544
791014
791243
791700
791944
792407
792471
792922
793028
793264
793628
793906
794277
794479
794694
795087
795198
795529
795615
795635
796070
796096
796138
796492
796722
796839
797142
797404
797586
797845
798042
798082
798332
798664
798942
799265
799341
799832
800005
800284
800705
801006
801037
801503
801533
802009
802168
802538
802780
803019
803362
803372
803799
804290
804602
804628
804918
805351
805672
805820
806069
806348
806731
807159
807428
807747
808064
808382
808438
808599
808903
808938
809132
809392
809692
809897
810238
810476
810773
811169
811355
811464
811541
811912
812056
812167
812373
812506
812773
813118
813292
813586
814078
814323
814722
814876
815025
815148
815621
816019
816428
816530
816835
817251
817297
817782
817902
818301
818339
818347
818541
818755
819231
819451
819842
819916
820384
820758
821080
821532
822021
822416
822573
822759
822821
823228
823605
823665
824115
824590
824688
824793
824887
825244
825639
825888
826003
826013
826362
826851
827169
827246
827605
827662
827675
827720
827941
828327
828358
828455
828808
829249
829601
829740
830015
830252
830591
830749
831111
831238
831514
831818
831867
832262
832710
833145
833492
833815
833955
834011
834492
834567
834604
834614
834865
835031
835494
835809
835894
836275
836750
837044
837137
837329
837614
837893
838038
838360
838593
838947
839195
839402
839635
839841
839940
840308
840726
840834
840972
841461
841476
841691
842166
842567
842829
843202
843676
843699
843991
844252
844661
844838
845257
845427
845741
845833
846248
846320
846391
846828
847088
847284
847712
847803
848088
848276
848698
848940
849322
849644
849721
849776
850012
850442
850740
851197
851566
851805
851859
852091
852396
852720
852914
853223
853457
853761
853770
853977
854386
854687
855101
855102
855153
855600
855614
855857
856089
856227
856357
856733
856743
857226
857529
857745
857773
857901
858141
858338
858454
858457
858951
859445
859901
860241
860705
860860
861020
861380
861483
861898
862245
862395
862637
862941
863260
863328
863697
863943
864264
864442
864691
864738
865236
865555
865588
866085
866175
866263
866633
866661
866990
867100
867337
867508
867615
867907
868294
868575
869030
869285
869489
869804
870112
870482
870596
870662
870916
871148
871402
871409
871783
872087
872331
872583
872809
873116
873238
873651
873860
874189
874505
874768
874774
875248
875283
875348
875698
875753
876139
876197
876517
876709
877206
877428
877911
878041
878242
878500
878927
879067
879481
879599
879881
880220
880328
880700
880750
881200
881649
881748
881811
882093
882505
882696
883005
883340
883593
883751
883918
884043
884177
884327
884467
884547
885042
885099
885411
885904
886179
886572
886599
887018
887076
887323
887747
888011
888164
888471
888518
888978
889135
889496
889615
889735
889981
890448
890800
891189
891608
891674
891781
892210
892448
892929
893104
893411
893539
893683
893983
894425
894616
895007
895419
895558
895993
896487
896904
896930
896998
897339
897593
897998
898468
898895
899162
899531
899580
900051
900311
900437
900460
900735
900825
900852
901157
901647
902098
902125
902589
903063
903436
903927
904398
904537
904539
904882
905240
905683
905891
905993
906218
906624
906804
907261
907751
907858
908037
908142
908470
908832
909285
909459
909941
909981
910378
910831
911202
911250
911667
911748
912126
912246
912292
912759
913100
913124
913411
913832
914132
914393
914865
914866
915173
915215
915493
915922
916376
916397
916457
916821
917061
917263
917416
917508
917888
918103
918446
918827
919284
919654
919866
920268
920684
920999
921088
921427
921597
921916
922316
922658
922681
922794
923050
923069
923296
923569
923823
924100
924192
924205
924447
924947
924997
925468
925761
925849
926311
926653
926901
927312
927798
928285
928374
928694
929107
929219
929688
929986
930476
930813
931299
931671
931682
932047
932297
932749
933043
933155
933456
933489
933972
934428
934898
935366
935460
935634
936131
936453
936836
937327
937763
937980
938419
938637
938747
939097
939135
939218
939465
939771
940127
940212
940432
940846
941044
941267
941500
941850
942107
942183
942402
942543
942823
943317
943490
943662
943932
944118
944533
944909
945031
945104
945381
945746
945789
946080
946419
946672
947146
947282
947340
947440
947736
948087
948381
948739
949127
949294
949472
949810
950164
950592
950938
951078
951104
951181
951667
951732
952158
952488
952712
952969
953133
953444
953487
953937
954027
954122
954410
954555
955029
955479
955719
956120
956274
956362
956709
956939
957098
957264
957475
957845
958319
958534
958644
958801
959186
959342
959426
959867
959879
960222
960636
961030
961095
961544
961808
961879
961973
962219
962703
962972
963211
963505
963658
963993
964407
964551
964754
965090
965126
965362
965494
965603
965645
965943
966321
966717
967056
967391
967593
968091
968190
968420
968524
968629
968885
969182
969345
969429
969501
969778
970131
970166
970410
970858
971131
971430
971465
971872
971884
972279
972499
972578
972606
972724
973036
973497
973578
973706
974205
974474
974706
974960
975004
975275
975315
975538
975956
976064
976121
976201
976311
976596
977007
977451
977612
977786
978103
978561
978801
979000
979055
979501
979699
980179
980650
980790
981085
981491
981542
981803
982036
982286
982650
982860
983229
983628
984095
984375
984622
984741
984800
985120
985383
985506
985695
985915
986141
986524
986853
986927
987385
987522
987757
988118
988197
988208
988627
988927
989238
989294
989627
989946
990398
990564
990950
991033
991456
991855
992273
992609
992649
992920
993297
993669
993792
994036
994074
994148
994616
994697
994906
994921
995206
995508
995755
996167
996416
996613
996878
997266
997712
998182
998612
998749
999151
999634
999750
1000169
1000475
1000901
1001056
1001376
1001455
1001499
1001714
1002163
1002309
1002510
1002759
1003233
1003491
1003633
1003825
1003933
1004114
1004322
1004677
1005122
1005463
1005937
1006245
1006619
1007004
1007168
1007605
1008028
1008145
1008462
1008683
1009098
1009166
1009266
1009736
1010089
1010544
1010687
1010988
1011202
1011221
1011434
1011473
1011887
1012019
