La primera linea indica la cantidad de minutos a considerar (n). Luego vienen n lineas que corresponden a los x_i, y luego los n valores que corresponden a la funcion f(.):
5000
821
123
837
408
238
645
462
62
384
417
431
539
154
91
258
549
818
832
728
180
203
882
941
841
804
3
708
471
5
174
698
105
411
477
988
474
447
924
576
535
627
126
939
883
905
381
1
435
817
853
758
81
653
34
268
773
294
837
179
774
333
668
351
7
858
165
880
359
447
797
840
118
957
439
402
102
48
215
1000
922
86
688
254
89
90
405
553
514
923
901
387
540
450
394
955
85
484
115
404
204
836
513
19
538
420
558
404
840
537
428
721
200
774
269
271
483
832
456
983
44
183
873
622
789
697
735
54
143
769
329
547
425
514
688
219
1
914
26
857
483
265
887
926
80
823
398
513
956
641
484
946
365
872
815
792
928
160
465
983
115
426
422
351
525
21
880
596
274
829
293
604
197
6
540
55
84
763
550
41
153
394
916
302
197
97
680
142
678
335
699
286
885
653
930
557
428
315
982
96
918
28
267
481
985
350
337
191
31
328
649
830
422
909
781
292
462
945
249
450
890
39
432
966
182
60
624
249
902
2
997
132
400
199
979
687
834
458
733
289
756
368
826
437
804
436
272
765
122
826
804
871
312
124
808
771
132
129
306
857
173
579
471
8
994
689
193
624
66
106
376
713
195
979
439
319
601
355
620
362
166
811
492
508
798
263
649
260
549
936
359
354
626
676
739
510
172
97
737
880
165
754
229
780
354
716
452
245
874
16
959
734
933
944
697
754
116
269
1000
332
188
979
272
120
978
242
84
742
581
597
646
628
465
972
352
891
728
963
666
304
782
710
157
154
214
331
372
966
90
249
873
709
679
278
925
353
583
522
877
313
239
903
388
514
464
931
201
868
511
350
13
554
806
966
357
45
515
849
613
435
628
74
504
358
966
559
741
130
835
533
427
450
856
209
733
864
73
584
230
970
321
727
341
840
808
754
615
723
720
971
187
206
907
272
276
909
506
904
36
308
277
314
439
385
110
496
61
489
165
742
508
979
951
596
603
523
721
835
678
537
487
202
924
492
355
344
717
612
183
163
409
466
721
19
765
466
999
460
207
808
76
840
209
812
926
925
113
438
197
717
759
673
158
710
479
967
754
65
601
484
403
779
192
832
467
842
807
934
857
711
79
271
465
552
611
463
345
653
421
60
230
32
66
929
895
660
5
494
587
902
978
923
360
982
834
436
696
857
791
389
936
299
809
486
595
724
909
159
934
234
430
103
78
607
39
647
125
45
469
680
504
903
752
86
232
99
953
262
23
565
537
485
666
150
249
658
435
714
331
659
22
822
980
809
54
882
877
661
176
101
278
899
877
486
471
682
757
192
830
362
270
928
66
146
530
790
849
498
842
206
318
64
29
820
65
492
41
253
915
578
730
845
401
704
682
772
777
99
712
278
344
55
777
324
413
31
440
12
889
235
283
817
853
932
249
53
836
779
81
255
926
350
341
45
841
672
658
683
506
704
209
148
755
865
76
854
423
795
283
115
138
926
650
322
370
700
925
957
310
951
557
814
782
742
767
545
229
285
740
511
400
248
894
687
983
404
648
251
415
2
191
37
97
825
6
620
710
157
399
785
642
697
935
648
527
641
750
634
101
551
757
245
534
356
621
747
865
750
767
209
584
864
314
777
910
129
4
695
677
922
845
459
942
95
687
882
554
209
997
31
498
159
362
11
775
569
155
116
872
8
623
942
515
169
226
206
378
106
492
748
882
171
949
884
639
784
255
266
524
643
597
545
888
723
245
797
311
766
459
247
854
571
439
778
934
469
521
44
336
701
455
544
744
33
947
163
689
400
641
660
908
513
937
26
86
104
236
935
285
600
696
94
79
712
156
519
961
563
196
380
12
409
752
953
212
927
555
759
665
690
352
777
598
40
913
337
712
142
45
332
636
415
402
114
391
880
267
829
210
559
224
342
553
923
799
7
691
799
355
293
971
68
737
264
217
947
989
972
578
576
894
281
349
189
908
478
9
928
246
459
617
318
803
343
711
228
999
851
959
235
773
504
724
472
102
849
871
976
453
726
438
855
878
488
376
526
843
984
308
994
697
107
934
434
622
741
606
349
93
992
292
488
876
695
166
626
433
943
59
62
694
890
371
432
947
52
113
751
216
841
543
16
977
194
931
833
594
885
439
864
827
800
377
556
371
266
799
802
999
485
277
188
36
22
512
297
945
382
207
984
428
935
111
677
184
121
155
775
897
638
136
709
61
724
458
40
668
355
715
420
111
196
392
806
91
774
394
248
309
834
743
916
506
680
264
752
12
989
77
136
52
40
8
196
808
143
590
140
257
659
77
56
997
894
506
847
930
890
351
299
61
867
884
970
599
516
458
897
308
161
4
31
487
41
329
181
303
546
240
931
780
538
555
45
284
564
636
480
544
224
929
299
993
634
590
335
613
762
208
355
7
180
782
962
847
415
537
763
775
621
381
551
370
403
59
154
97
106
217
568
715
945
57
82
461
482
258
786
938
234
423
992
842
985
439
697
429
388
777
386
742
70
425
884
973
705
349
384
413
381
783
702
724
35
855
651
397
696
485
75
219
776
113
100
698
137
413
554
197
977
891
851
973
160
404
824
538
4
800
253
235
745
890
26
625
882
725
948
832
536
277
285
785
777
333
379
532
576
985
349
947
267
251
900
666
731
286
667
903
583
846
339
349
473
12
685
803
975
569
395
812
19
371
281
916
239
197
298
268
96
428
501
567
799
56
882
211
203
350
899
533
478
967
88
856
517
269
989
392
721
920
741
923
899
953
221
400
346
617
661
353
743
875
354
657
142
881
896
454
334
138
269
810
51
632
864
982
154
568
638
79
372
786
108
557
153
845
479
720
673
309
479
457
882
539
645
897
543
587
473
528
483
124
926
566
64
671
624
481
702
914
494
102
779
531
251
368
680
727
155
916
305
304
240
180
298
975
612
612
570
531
778
966
88
614
571
673
494
660
931
857
303
577
704
187
956
430
667
625
783
358
72
384
760
604
975
389
470
881
822
908
88
106
974
657
499
662
116
8
118
874
539
159
466
901
118
264
817
805
676
2
535
697
957
379
503
749
346
270
741
752
661
818
708
467
52
708
584
455
611
835
885
746
98
817
431
339
400
114
440
974
947
617
895
449
968
450
768
66
833
474
603
183
546
1
143
184
128
323
846
659
450
983
187
394
722
123
593
536
972
652
903
559
463
217
972
629
361
425
900
750
203
88
311
771
852
539
371
600
148
22
477
422
774
7
223
238
738
453
565
872
938
644
7
287
913
693
564
785
416
502
154
980
860
355
409
198
15
232
315
28
221
889
669
857
265
837
974
361
128
307
366
324
254
288
895
816
398
889
722
115
34
727
584
262
84
925
85
38
910
206
578
224
621
524
743
210
572
872
118
1
687
679
840
71
92
592
187
569
541
591
892
558
978
910
788
640
951
925
707
866
721
434
292
771
804
192
315
820
927
362
286
809
420
880
848
420
400
278
142
970
548
611
222
933
909
558
536
388
877
722
500
563
999
916
284
639
927
408
626
807
782
773
790
933
727
213
690
701
670
919
354
918
593
110
664
887
628
176
677
521
862
847
321
193
868
479
604
426
1000
327
31
609
862
587
849
743
858
602
164
186
830
249
146
819
380
629
67
991
845
238
366
328
196
894
201
632
659
62
104
79
727
680
962
352
298
442
931
240
108
461
487
31
574
342
681
230
793
574
872
861
64
708
105
946
355
7
809
695
816
870
389
352
328
719
343
493
837
659
441
130
983
801
731
83
669
192
188
796
952
932
950
292
203
571
947
430
815
58
152
292
986
183
638
994
992
139
758
764
545
972
46
59
598
434
665
497
144
954
719
552
965
513
110
618
616
655
490
473
324
682
484
136
414
645
131
389
542
203
169
540
838
15
48
426
460
788
95
717
56
940
33
809
575
43
121
813
881
196
295
710
385
827
42
395
546
945
308
984
230
323
621
870
182
355
38
387
411
683
179
530
743
692
766
134
733
729
926
608
867
846
141
472
599
143
876
504
161
140
910
472
431
154
817
201
775
773
533
163
174
697
573
518
688
59
687
410
820
22
144
796
719
918
684
257
370
831
320
377
706
591
380
723
277
152
682
850
400
888
767
128
517
886
221
373
872
282
763
408
117
475
872
325
676
684
648
262
213
738
116
650
753
984
847
87
814
644
11
384
76
648
298
178
437
44
495
759
792
620
944
726
108
985
965
668
732
600
981
593
362
584
974
740
625
618
879
272
312
897
1
942
506
120
569
183
482
907
791
570
490
110
312
891
949
298
482
412
148
861
270
347
73
877
497
30
257
752
660
777
422
574
949
772
412
536
937
718
460
856
710
817
788
893
530
786
223
116
230
783
432
505
632
136
404
717
413
604
705
812
426
545
497
78
744
124
538
304
163
601
631
519
271
642
719
131
634
674
661
699
77
416
962
321
616
377
34
98
29
522
264
631
501
784
882
651
133
628
51
564
428
290
525
653
918
75
991
940
734
971
653
212
516
664
547
200
897
247
460
816
194
690
62
107
154
285
31
717
729
238
495
876
138
279
105
928
809
254
758
503
900
344
7
768
403
200
379
445
779
24
376
176
652
981
293
285
380
809
782
890
862
227
886
52
100
932
259
61
385
781
402
484
609
72
530
679
638
353
650
284
619
219
272
179
779
685
985
43
185
747
936
156
279
142
40
853
909
639
440
674
291
974
840
227
364
510
835
765
901
54
486
192
850
430
977
916
742
318
104
760
688
595
582
548
280
611
641
237
780
718
622
500
273
444
503
324
929
401
190
199
246
907
400
322
491
159
94
234
761
396
657
420
639
628
4
172
280
131
828
551
278
261
991
375
721
389
68
922
544
608
803
535
744
743
859
525
812
902
461
590
850
135
338
917
848
748
527
335
375
720
562
116
772
284
125
584
906
765
766
625
704
267
490
837
296
109
556
104
197
49
912
955
972
270
133
773
106
732
58
157
984
775
873
125
264
497
339
252
927
580
920
527
181
872
904
557
469
346
382
402
911
810
407
468
407
418
68
12
605
37
589
949
206
637
204
330
148
435
833
630
743
471
1
885
231
860
74
487
787
461
243
708
693
321
95
52
896
239
460
737
580
246
207
671
550
923
839
89
860
958
724
403
822
39
525
535
619
124
772
372
346
911
1000
382
416
199
714
839
586
207
332
949
522
734
519
868
431
510
769
497
640
705
737
517
640
314
354
204
292
608
815
700
974
243
629
124
176
172
35
123
253
45
589
261
883
150
626
112
448
644
355
305
719
531
334
155
931
657
657
464
574
639
343
850
216
287
1
839
107
289
742
632
821
435
17
723
773
697
584
896
560
962
235
772
328
498
110
401
668
446
494
418
132
883
175
803
748
291
518
405
883
664
32
416
992
258
730
483
535
909
676
670
673
17
699
417
94
93
596
766
917
607
311
338
813
177
639
861
980
479
538
376
98
686
954
871
791
710
142
795
718
329
238
86
15
875
768
450
439
701
243
435
136
783
204
23
450
285
104
908
394
735
613
888
880
840
570
249
331
216
185
152
115
206
724
999
82
283
329
887
445
143
448
842
573
448
600
19
477
310
550
952
263
357
301
302
783
485
912
882
45
1000
497
176
226
681
742
550
395
207
316
567
342
193
751
725
811
702
338
559
755
609
928
704
728
982
632
438
499
171
476
827
72
982
793
656
251
476
859
274
595
619
369
575
410
330
183
641
103
199
805
730
469
561
221
733
653
492
906
163
940
81
146
195
200
511
269
19
442
556
74
677
121
369
751
699
672
230
1000
905
973
771
828
257
580
851
965
581
10
861
602
211
622
872
279
628
508
928
223
176
918
412
559
252
953
402
683
130
863
898
487
244
348
510
668
566
267
779
626
249
758
978
337
47
875
161
463
118
4
682
988
839
963
935
625
586
627
359
969
831
934
983
881
835
709
627
613
656
253
976
37
729
188
362
125
250
103
256
391
745
599
722
365
706
475
655
432
28
405
142
867
430
434
876
198
475
312
357
565
930
573
462
190
846
262
419
537
614
582
617
317
445
324
383
873
533
782
70
206
726
220
530
448
97
937
283
418
548
282
589
694
86
454
18
846
764
931
747
933
621
721
676
680
82
453
194
194
88
194
26
808
412
941
130
38
173
216
345
941
149
584
271
710
32
314
778
330
390
701
959
885
523
711
191
772
672
498
319
741
91
499
81
520
93
3
838
898
84
773
519
441
427
673
894
26
903
523
386
172
111
344
440
961
551
399
448
354
264
304
716
64
250
858
681
887
188
475
483
748
319
108
572
515
359
554
89
404
923
267
34
151
243
642
477
953
232
323
919
244
452
466
684
538
837
49
653
210
712
93
328
564
16
271
397
812
55
71
11
781
592
630
373
646
268
295
995
742
969
228
263
620
215
322
771
994
880
782
485
100
274
216
784
801
22
22
752
947
399
410
381
757
352
187
477
756
639
39
792
311
771
597
719
766
621
313
722
956
558
241
205
702
888
339
879
853
414
2
297
451
716
20
186
740
328
472
804
697
869
240
789
348
416
674
924
589
201
147
134
841
620
950
851
128
906
557
800
931
679
97
508
455
703
702
504
115
284
433
626
923
248
218
475
345
27
139
740
695
733
66
543
576
529
592
471
517
449
24
59
618
49
563
732
627
750
173
831
138
845
306
400
887
849
428
493
705
109
284
15
135
969
937
503
978
961
919
654
491
348
376
662
821
893
337
16
192
519
330
184
216
460
435
622
114
678
825
533
812
274
874
360
535
63
964
75
472
634
759
431
243
945
16
622
372
954
348
104
260
33
472
249
260
107
587
513
408
975
105
339
249
89
273
936
700
322
569
697
831
257
658
168
656
157
175
276
125
653
156
708
945
735
488
931
765
1
564
650
665
958
932
203
794
203
176
664
640
872
861
269
536
783
548
695
968
601
39
508
476
462
4
817
12
103
293
658
728
822
555
108
22
68
91
693
951
40
627
646
561
642
216
45
587
673
246
825
576
900
565
310
755
816
728
714
130
571
303
15
159
94
200
974
62
518
269
248
743
285
218
794
324
450
174
401
694
820
368
353
234
732
39
301
416
580
114
77
81
443
877
358
304
542
796
175
383
407
701
824
175
109
843
922
982
793
621
726
209
660
118
181
291
182
479
514
649
194
585
611
574
484
219
483
189
999
318
249
897
398
904
722
212
808
968
251
123
471
662
66
861
846
516
28
722
82
791
742
156
12
43
307
859
3
654
25
155
977
470
927
535
276
770
930
372
280
581
90
59
78
882
653
753
707
244
219
923
667
931
475
888
209
674
922
925
825
378
977
602
505
192
806
345
89
662
910
33
411
56
73
407
933
652
785
420
348
153
372
689
413
470
44
402
63
792
676
678
578
492
794
155
594
923
361
567
961
242
495
869
976
237
892
395
88
244
431
795
804
838
608
431
726
813
473
188
350
909
760
739
660
41
309
388
56
848
989
241
529
109
67
293
871
119
318
545
163
128
720
452
867
282
460
41
892
682
97
84
421
397
532
445
296
521
6
748
179
533
719
882
976
609
458
252
439
62
674
54
538
734
8
331
371
639
585
878
940
61
978
227
148
770
452
126
991
785
321
233
39
719
78
467
94
823
991
440
827
98
13
882
834
97
781
910
996
426
334
654
82
817
779
111
63
947
364
911
998
826
431
248
230
629
971
580
602
684
44
552
287
8
314
132
692
627
364
411
477
713
319
215
246
429
651
704
826
908
540
110
160
738
476
273
704
919
558
539
261
676
678
983
878
575
835
696
508
746
687
118
607
149
371
353
590
187
167
319
955
84
40
810
145
154
690
108
472
975
501
153
855
72
351
456
635
558
746
982
338
483
126
407
365
764
164
709
85
859
982
185
746
716
292
297
797
684
443
65
85
493
703
640
338
524
138
350
738
757
14
147
443
528
306
165
610
263
155
109
945
1000
326
137
266
151
16
216
710
901
387
726
977
191
63
70
146
579
217
696
899
458
909
529
887
272
642
124
117
287
876
253
654
259
227
925
313
584
886
921
845
760
673
645
412
158
235
865
576
579
175
526
25
278
201
637
116
612
200
343
167
665
130
888
63
294
465
641
723
437
878
231
93
630
244
814
418
392
619
965
570
316
374
813
484
148
839
236
403
511
421
894
423
480
556
329
273
4
125
218
135
390
177
580
213
734
183
396
156
344
438
905
746
318
984
616
676
59
950
140
214
56
643
146
888
307
648
671
513
529
647
281
947
56
915
176
76
144
127
374
267
565
25
941
912
136
866
675
598
935
46
607
680
822
754
609
333
928
431
79
397
551
91
550
594
586
455
105
188
567
585
966
241
798
394
373
637
286
851
15
183
854
762
415
765
322
187
974
280
37
925
364
674
692
652
980
98
145
297
665
230
574
644
697
797
757
158
296
280
200
455
858
40
847
618
314
189
32
787
332
101
237
498
739
463
720
307
823
335
785
535
160
247
645
46
233
285
253
728
30
900
488
339
276
8
15
246
848
740
344
762
423
940
880
952
191
948
340
653
510
392
790
939
650
380
222
986
699
314
337
285
304
733
81
269
67
353
279
241
62
608
74
687
434
386
342
941
196
927
903
726
482
412
638
789
299
803
929
513
543
583
836
747
963
286
516
943
695
883
173
750
724
312
348
852
524
840
163
645
194
882
123
843
757
388
676
750
482
783
920
480
180
781
415
232
744
336
389
734
931
187
6
240
752
307
762
896
696
728
748
782
838
83
315
943
259
154
156
845
426
326
210
990
546
234
813
698
188
17
92
216
668
872
973
386
157
903
514
487
990
276
541
53
407
375
788
316
35
120
223
65
802
421
803
96
931
627
954
100
388
284
239
886
650
990
30
287
330
417
510
809
799
93
776
616
148
69
262
893
722
69
966
721
953
533
530
942
470
261
479
21
751
666
464
262
805
725
79
413
640
114
788
475
977
856
460
219
867
233
751
396
235
721
28
426
396
774
918
135
163
743
852
192
139
317
225
827
304
845
958
46
684
339
5
918
543
120
167
944
426
333
463
781
511
807
558
106
636
429
21
576
509
775
865
889
953
735
346
615
646
124
487
53
729
317
105
171
120
7
733
589
631
806
753
998
56
342
682
241
426
299
148
239
641
663
52
395
53
458
903
227
876
451
199
654
495
374
993
893
81
193
723
296
150
44
706
337
177
932
432
532
936
7
901
572
976
912
102
101
655
83
235
986
808
630
770
111
791
910
717
209
195
577
210
504
152
5
680
63
482
383
347
338
465
460
766
993
704
307
606
669
810
970
853
360
248
875
704
676
705
424
756
885
486
403
957
95
492
924
859
20
764
653
124
421
543
297
671
605
182
593
718
865
678
107
497
755
297
167
495
77
798
405
172
170
665
777
797
16
644
591
76
100
423
242
661
975
443
478
481
740
947
903
174
750
953
410
233
31
775
453
496
270
922
509
667
578
974
749
407
869
771
103
487
246
937
745
443
636
164
128
129
84
913
105
289
1
884
704
958
822
241
762
575
491
732
310
251
645
97
982
300
194
607
801
109
325
726
912
377
800
650
339
676
292
512
1
449
211
571
934
622
742
723
839
931
255
805
256
877
616
497
612
516
189
1000
424
156
33
565
47
549
382
401
213
955
86
642
730
210
930
680
752
595
265
22
591
514
141
949
610
757
818
219
350
548
327
459
144
141
617
651
790
21
790
168
320
462
508
782
362
459
236
842
830
902
322
608
861
376
834
337
367
899
698
35
537
980
163
949
77
639
450
23
48
969
112
944
295
81
578
983
68
864
362
182
558
126
649
469
962
843
682
310
565
374
990
197
818
953
903
977
695
579
795
28
544
14
689
239
582
339
996
589
228
12
261
306
947
527
858
345
409
912
766
495
758
142
567
39
948
559
515
994
583
345
42
585
697
724
289
941
64
407
45
355
647
442
143
429
896
943
310
630
456
308
832
706
659
838
385
934
423
399
736
109
627
658
95
1000
607
150
168
144
983
432
46
954
907
912
991
716
148
702
408
467
628
411
733
898
70
148
254
716
510
733
682
184
458
896
757
607
318
258
26
10
476
365
6
607
335
152
978
469
433
914
147
541
526
334
264
193
534
23
470
310
517
354
321
590
388
892
948
639
608
461
404
205
157
494
282
952
866
579
313
271
756
887
514
661
551
571
461
191
680
646
988
205
933
778
46
587
790
807
758
28
618
60
289
778
496
327
99
42
489
75
924
444
978
447
587
134
284
641
352
312
459
279
3
912
831
537
472
335
603
880
826
85
97
501
18
557
600
527
962
746
652
826
924
673
92
354
554
191
995
228
818
29
615
113
195
982
564
34
467
875
568
890
756
90
488
618
30
726
744
302
866
386
78
349
823
616
682
872
47
288
338
954
164
735
565
281
818
715
986
774
694
158
621
822
51
562
371
447
461
811
238
763
20
198
935
394
838
575
96
582
162
691
329
912
191
31
174
219
618
700
203
597
792
762
445
874
39
977
562
385
107
316
934
81
745
224
856
868
812
95
412
18
363
61
728
83
899
342
50
644
277
628
629
323
995
959
659
600
250
197
650
917
143
837
212
471
588
267
219
980
247
521
574
778
247
654
810
153
609
187
542
316
921
434
291
206
551
308
566
380
986
890
412
958
671
253
847
215
880
618
204
583
367
177
976
989
700
318
706
321
441
168
543
689
282
627
423
617
271
929
624
899
984
426
491
707
267
676
715
725
938
386
451
735
521
784
639
864
449
682
156
89
881
157
857
117
386
651
590
696
68
13
65
469
692
654
37
962
786
271
699
222
682
958
319
618
242
700
225
522
829
398
486
78
525
845
649
284
760
648
866
586
198
910
47
702
282
63
824
420
254
207
854
11
473
436
898
697
838
663
123
511
868
534
658
81
340
647
840
612
527
447
570
360
587
53
707
343
1000
160
467
291
112
124
834
530
336
33
602
919
478
593
807
560
666
654
370
945
150
155
152
605
96
56
76
315
838
913
528
103
609
596
26
269
39
356
603
546
187
969
290
560
699
2
863
788
905
655
474
490
338
70
641
932
445
631
701
579
296
861
978
189
491
415
761
835
844
514
393
691
818
308
759
679
558
185
366
885
112
824
651
631
677
843
253
740
705
865
155
353
188
693
616
308
219
275
126
23
395
46
936
838
24
94
737
480
849
50
394
611
463
364
75
289
100
243
389
463
966
125
371
317
906
500
288
531
993
635
715
536
694
221
642
390
230
763
358
928
147
769
639
600
467
684
278
642
796
109
106
161
87
96
384
46
136
133
647
368
46
714
631
680
696
457
338
848
191
45
420
302
663
541
791
142
905
702
558
635
989
922
992
306
177
175
105
117
216
424
920
1414
1681
2078
2313
2319
2673
3124
3164
3536
3812
4009
4317
4438
4890
5008
5242
5702
6052
6151
6479
6678
6753
6829
6976
7054
7076
7120
7513
7555
7681
8137
8584
8996
9007
9218
9284
9624
9848
10063
10074
10358
10701
11039
11420
11640
11954
12302
12590
13011
13180
13329
13336
13374
13813
14002
14219
14581
14815
15132
15285
15418
15832
15858
16329
16684
16757
17056
17241
17444
17860
17924
18261
18759
18800
19222
19318
19797
20207
20332
20732
20867
21096
21385
21824
21973
22018
22035
22528
22659
22836
23259
23435
23820
24254
24637
24842
25215
25502
25530
25610
26091
26465
26568
26656
26822
27246
27522
27880
28341
28514
28887
28933
29016
29053
29394
29744
30203
30221
30336
30707
30824
31060
31549
31845
32283
32379
32772
33249
33619
33838
34046
34205
34265
34757
34855
35032
35034
35351
35368
35527
36026
36072
36298
36536
36650
36707
36907
37234
37489
37604
37835
38105
38208
38413
38729
38754
38755
38812
38930
39113
39387
39750
39838
39941
40158
40601
41003
41226
41376
41760
42249
42338
42759
42984
43219
43344
43573
43616
43689
43951
44041
44407
44618
44818
44989
45380
45840
46147
46550
46684
47022
47293
47454
47529
47840
48268
48321
48676
49062
49357
49668
50163
50400
50552
50720
50797
50892
51312
51787
52045
52502
52780
53147
53397
53519
53745
54033
54324
54379
54801
55232
55451
55684
55884
55975
56041
56293
56505
56997
57476
57808
58163
58339
58799
58915
58962
58975
59392
59599
59723
60104
60354
60752
61170
61427
61638
61797
62062
62406
62468
62715
63003
63010
63211
63676
64104
64218
64288
64651
64934
65336
65511
65603
66103
66480
66892
67214
67451
67535
67958
68041
68522
68890
68902
68907
69183
69537
69743
69919
70007
70135
70228
70307
70774
71193
71299
71332
71617
71686
72084
72511
72727
72928
73225
73542
73650
73886
74278
74516
74840
75199
75362
75389
75460
75653
76065
76170
76255
76595
76811
77202
77568
77747
78097
78247
78261
78592
78842
78881
79194
79540
79824
80316
80812
81116
81365
81555
81563
82044
82488
82678
83112
83228
83691
84062
84263
84629
85019
85430
85862
86301
86609
86660
86921
87111
87478
87730
87929
88223
88335
88574
88939
88946
89271
89358
89611
89690
90096
90118
90317
90633
90994
91224
91276
91336
91535
91714
92166
92405
92546
92557
92672
92912
93317
93564
93669
93745
94090
94518
94588
94673
94700
94757
95251
95520
95911
96066
96252
96556
96737
96859
97177
97637
98076
98355
98843
99148
99318
99519
99994
100459
100657
100733
100836
101170
101516
101838
102267
102639
102812
103223
103281
103308
103704
103862
104270
104297
104725
104904
105398
105497
105757
106165
106461
106465
106733
107044
107403
107554
107987
108148
108160
108179
108387
108480
108615
109101
109346
109686
109769
110024
110187
110262
110421
110898
111374
111639
112052
112377
112660
112729
113227
113342
113582
113711
114050
114254
114395
114496
114800
115049
115091
115527
115545
116001
116143
116346
116689
116821
117167
117276
117659
117836
118327
118376
118712
119009
119034
119179
119302
119423
119919
120117
120413
120891
121113
121407
121864
122077
122565
122980
122988
123452
123842
124286
124507
124591
124637
124928
125263
125546
125876
126263
126446
126887
126920
126935
127371
127469
127945
128255
128535
128782
128790
128852
129237
129267
129576
129797
130209
130463
130815
130884
131053
131539
131691
131758
132034
132038
132469
132794
132828
133041
133112
133258
133673
133796
134097
134589
134764
134898
135319
135609
136041
136262
136618
136908
137031
137396
137628
137849
138038
138267
138597
138835
139277
139461
139810
140143
140628
141011
141229
141505
141592
141931
142070
142086
142143
142481
142900
142979
143302
143345
143525
143652
143717
143946
144281
144478
144875
144957
145068
145471
145820
146191
146364
146754
146767
146827
147177
147449
147508
147869
147896
148028
148060
148357
148848
148889
149021
149397
149694
150156
150218
150451
150907
151199
151400
151473
151852
152277
152591
152976
153179
153283
153619
153681
153803
154124
154418
154443
154746
155012
155156
155227
155530
155766
155819
156041
156046
156160
156216
156672
156932
157082
157162
157478
157549
157925
158122
158230
158406
158571
158597
158868
158995
159133
159219
159525
159997
160274
160287
160451
160465
160816
160976
161405
161547
161588
161621
161794
162062
162258
162519
162988
162994
163196
163243
163508
163818
164131
164312
164341
164468
164654
164996
165489
165628
165900
165947
166359
166707
167044
167195
167606
168055
168182
168494
168611
168887
169102
169459
169605
170036
170486
170866
171243
171433
171617
172098
172380
172475
172917
173343
173673
173996
174458
174589
174763
175007
175204
175696
175887
176299
176307
176512
176990
177381
177591
177767
177965
178247
178333
178772
179091
179149
179500
179533
179568
179712
180066
180256
180636
180640
180793
181031
181193
181450
181506
181963
182370
182728
183056
183430
183845
183900
184097
184214
184430
184493
184711
184788
184925
185373
185627
185855
186264
186381
186470
186717
187179
187613
187810
187937
188026
188290
188631
188938
189026
189328
189765
189941
190083
190466
190648
191019
191321
191375
191674
191719
192088
192390
192842
192983
193118
193529
193745
194069
194249
194697
194952
195197
195454
195503
195807
196120
196195
196695
196827
197309
197321
197499
197825
197841
197936
198042
198318
198778
199230
199414
199674
199783
200137
200615
200931
201117
201560
201762
201840
202261
202441
202824
202990
203451
203585
203777
204022
204317
204405
204523
204640
205023
205458
205887
206373
206720
207128
207133
207190
207247
207470
207847
207867
208047
208253
208300
208760
209079
209432
209672
209875
210273
210538
210751
210946
211048
211540
212014
212069
212422
212470
212792
213264
213309
213611
213949
214177
214563
214697
214991
215466
215527
215740
215822
216209
216401
216618
216778
217268
217433
217857
218317
218789
219042
219432
219803
219994
220001
220444
220853
220997
221213
221696
221852
222337
222695
222994
223108
223324
223750
223873
223937
224268
224605
224769
224868
225222
225398
225688
225763
226060
226483
226632
226672
227047
227301
227444
227805
228037
228261
228604
228626
228875
229210
229307
229516
229726
230126
230547
230760
230990
231269
231751
231782
231806
231930
232422
232688
232751
233062
233494
233691
233769
233893
233973
234019
234272
234433
234589
234649
234949
235447
235819
236235
236690
236886
237186
237248
237734
238121
238262
238500
238727
238955
238962
239248
239676
240162
240410
240745
240876
241171
241313
241440
241599
241783
242073
242471
242544
242729
243112
243590
243632
244055
244555
244864
245031
245223
245280
245629
245731
246206
246263
246557
246893
247299
247529
247793
247862
248184
248475
248684
248702
249109
249443
249458
249661
249843
250267
250682
250987
251455
251613
251934
252345
252640
252721
252739
253134
253296
253684
253920
253932
254355
254356
254813
255107
255158
255378
255673
255920
256064
256132
256261
256505
256769
257240
257588
257615
258028
258328
258681
258763
258934
259204
259284
259737
259767
259967
260272
260318
260467
260559
260809
261067
261247
261671
262050
262213
262397
262598
262679
263044
263412
263718
263745
264076
264243
264577
264677
265042
265523
265943
266103
266271
266752
266850
266935
267418
267588
267756
267760
268162
268350
268452
268674
268752
269195
269290
269506
269730
269767
270174
270473
270873
271100
271212
271318
271544
271795
272104
272244
272385
272543
272698
273172
273329
273481
273895
274126
274565
274773
274779
275064
275549
275550
275816
276250
276635
277113
277507
277526
277657
277929
278414
278567
278909
279077
279377
279499
279854
279955
280169
280561
280726
280803
281066
281122
281332
281681
281846
282270
282678
283021
283420
283517
283941
283987
284273
284769
284904
285241
285264
285561
285635
285693
286083
286230
286725
286921
287298
287331
287422
287854
287963
288324
288591
288899
288946
289202
289339
289554
289801
290255
290659
290699
290787
290979
291181
291338
291418
291799
292048
292071
292508
292761
293155
293326
293678
294024
294217
294713
294922
294972
295265
295481
295792
295828
296180
296354
296783
297163
297558
297811
298029
298068
298381
298675
298828
299033
299206
299506
299595
300062
300501
300897
301047
301491
301704
301707
301895
302005
302450
302852
303339
303563
303896
304045
304389
304653
305029
305285
305454
305629
305769
306068
306282
306708
307202
307313
307702
307929
308001
308047
308096
308263
308493
308509
308602
309096
309408
309802
310102
310405
310722
310727
310980
311029
311186
311651
311901
311914
311948
312041
312248
312573
312602
313071
313123
313283
313391
313525
313911
314198
314412
314635
315061
315520
315938
316404
316829
316979
317295
317300
317310
317661
318079
318275
318561
318615
318966
319190
319416
319846
319882
319918
320310
320325
320739
320823
320835
321324
321591
321974
321976
322473
322655
322925
323127
323499
323856
324163
324484
324938
325034
325238
325363
325652
325899
326160
326408
326501
326589
326913
327309
327718
327854
328194
328634
329035
329217
329614
329753
329988
330438
330670
330742
330866
331081
331092
331418
331466
331668
331996
332120
332245
332676
333087
333445
333447
333687
334015
334059
334337
334535
334673
334822
335058
335073
335356
335401
335785
336056
336220
336501
336556
336885
337248
337739
338202
338285
338314
338659
338669
339115
339151
339299
339389
339815
340118
340393
340802
341237
341474
341577
342031
342528
342994
343361
343834
343896
344055
344380
344698
344791
344949
344981
345268
345675
345915
346085
346196
346384
346453
346706
346979
347130
347510
347749
348136
348608
348979
349174
349405
349698
349961
350450
350790
351099
351292
351444
351806
351989
352168
352405
352431
352800
353196
353495
353877
353888
354363
354858
355249
355339
355514
355710
355880
356186
356639
357041
357051
357435
357655
357956
358232
358396
358481
358870
359016
359231
359438
359524
359867
360366
360446
360791
360875
361081
361399
361745
361787
361897
362264
362407
362659
363151
363500
363636
363929
364306
364350
364377
364794
365172
365494
365617
365905
366385
366727
367001
367185
367435
367659
367914
368282
368622
368857
368978
369276
369516
370006
370290
370787
371103
371295
371742
371967
372146
372438
372482
372572
372767
373085
373304
373312
373377
373721
373934
373959
373986
374025
374349
374714
375166
375198
375563
375619
375676
375774
376059
376299
376540
376827
377090
377130
377203
377440
377578
377814
377826
378323
378340
378835
379146
379595
379752
379880
380303
380379
380552
380704
381053
381291
381754
382198
382644
382739
382842
383236
383455
383931
384058
384319
384677
384837
385129
385402
385867
386319
386729
387065
387527
387831
387844
387857
388015
388391
388585
388745
388883
389381
389505
389695
390032
390366
390507
390512
390669
391023
391354
391771
391846
392105
392591
392863
393064
393301
393600
393949
394415
394568
394875
395311
395602
395611
395622
395628
395795
395839
395980
396164
396433
396547
396652
396987
397252
397399
397441
397830
398263
398299
398748
398802
399200
399671
399965
400062
400454
400869
401359
401755
402143
402349
402769
403245
403373
403650
403673
403806
403816
403926
404381
404865
405163
405471
405829
406207
406219
406342
406393
406822
407000
407162
407340
407403
407505
407995
408165
408194
408574
408970
409255
409284
409685
409862
410282
410614
411022
411103
411483
411914
411965
412118
412254
412389
412711
412900
413393
413824
414313
414464
414512
414827
415092
415104
415238
415367
415692
416192
416379
416452
416566
416873
417362
417595
418082
418468
418674
418981
419411
419569
419611
419810
420090
420400
420656
420770
421140
421373
421458
421482
421815
422133
422588
422907
423265
423758
423840
424123
424309
424388
424396
424636
425007
425375
425523
425770
425905
425930
426365
426527
426680
426807
427089
427244
427353
427823
428032
428157
428533
429024
429373
429491
429774
430246
430720
431193
431328
431704
432143
432450
432455
432772
432860
432971
433317
433338
433770
433989
434346
434711
434729
434747
435109
435302
435616
435733
435905
436316
436815
437267
437683
437872
438345
438667
439056
439448
439580
439893
440024
440178
440304
440717
441048
441538
441980
442142
442325
442560
442655
442954
443057
443276
443577
443750
443860
444091
444535
444970
445091
445263
445716
445988
446132
446623
447089
447409
447695
448153
448433
448766
448794
448931
449178
449603
449931
450368
450615
451083
451486
451821
451842
452034
452099
452499
452688
453183
453244
453309
453343
453754
454136
454320
454498
454668
454785
454951
455405
455821
455861
455885
456365
456636
456693
456756
456784
457036
457395
457772
457977
458327
458630
458916
459330
459350
459832
460175
460418
460489
460801
461279
461529
461992
462322
462363
462640
463064
463257
463484
463793
463853
463973
464304
464560
464722
464946
465088
465156
465376
465562
465596
465948
466320
466638
466921
467151
467325
467759
468002
468106
468426
468640
468969
469222
469532
469735
469817
470246
470649
470978
471391
471501
471990
472202
472372
472407
472592
473001
473146
473408
473685
473886
474145
474404
474488
474766
475021
475518
475957
476436
476531
476799
477076
477418
477912
478300
478549
478872
478951
479176
479597
479672
480050
480451
480848
481310
481394
481868
481999
482435
482902
483167
483429
483555
483962
483997
484201
484266
484591
484635
484945
485176
485521
486002
486043
486481
486591
486739
486955
487333
487594
487663
488008
488349
488839
489287
489304
489327
489671
490123
490449
490505
490882
491269
491353
491747
491755
492008
492396
492451
492615
492706
493101
493430
493474
493714
493973
494318
494681
495161
495218
495360
495612
495868
496232
496723
496863
497068
497556
497714
498195
498472
498675
499123
499274
499624
499711
500169
500566
500634
500787
501227
501509
501962
502299
502522
502600
502686
502986
503325
503628
503797
503867
504321
504566
505066
505385
505559
505778
506149
506313
506354
506756
506837
507121
507180
507592
507760
508136
508443
508888
509377
509639
509655
509714
509927
510162
510272
510752
511020
511294
511306
511386
511735
511930
511938
511992
512231
512369
512448
512567
512643
512848
513050
513305
513468
513857
514056
514358
514466
514702
514759
515093
515108
515368
515426
515911
515937
516225
516318
516784
516894
517293
517522
517568
517841
517949
518286
518366
518429
518772
519206
519447
519531
519845
519888
520192
520296
520524
520668
520995
521104
521528
521812
522290
522703
522881
523180
523567
523607
523934
524316
524498
524516
524912
525110
525449
525602
525788
526085
526575
526776
526840
526902
527062
527353
527742
528129
528619
528652
528981
529061
529181
529644
530017
530245
530365
530532
530995
531024
531073
531409
531499
531741
532188
532631
532769
533043
533109
533436
533489
533605
534045
534439
534485
534682
535146
535439
535700
535903
536386
536718
536991
537474
537720
538163
538471
538665
538931
539109
539511
539745
540063
540528
540626
540960
541420
541754
542127
542384
542631
543066
543269
543498
543829
543865
544100
544541
544960
545205
545227
545289
545496
545693
545915
545960
546351
546533
547007
547115
547238
547476
547752
548132
548229
548482
548795
549144
549216
549544
549741
549811
549926
549957
550159
550427
550656
551072
551208
551510
551919
552142
552195
552644
552694
552899
553178
553443
553576
553927
554121
554209
554413
554649
554734
555232
555610
555766
556214
556305
556607
557083
557354
557511
557530
557996
558397
558401
558720
559206
559369
559529
559719
559996
560159
560600
560703
561067
561328
561706
562147
562298
562463
562739
562817
563100
563427
563672
564112
564294
564470
564758
565202
565693
565760
565809
566022
566213
566542
566596
566771
566788
567159
567419
567905
567988
568058
568178
568667
569145
569289
569399
569548
569551
569946
570269
570522
570803
571045
571436
571810
572133
572566
572809
572853
573085
573298
573693
573940
574129
574447
574536
574997
575103
575554
575585
575647
576126
576160
576639
577056
577410
577625
578029
578458
578817
579121
579484
579585
579749
580079
580271
580705
580818
581226
581346
581660
581734
582101
582214
582383
582402
582900
583326
583683
583746
584017
584103
584192
584548
584792
585013
585028
585457
585621
585650
585716
585853
586017
586353
586418
586476
586725
586986
587325
587679
588089
588578
588653
589036
589046
589143
589455
589680
589816
590021
590328
590480
590629
590847
591173
591428
591841
592177
592370
592430
592725
592987
593213
593239
593624
593920
594158
594646
595035
595232
595294
595373
595684
595733
596214
596687
596738
597032
597347
597540
597811
598086
598430
598888
599106
599367
599379
599728
599917
600355
600426
600490
600563
600647
600755
600792
600823
601114
601507
601522
601595
601783
601833
602022
602105
602436
602617
602632
602777
602857
603124
603145
603509
603746
604077
604441
604474
604785
605169
605627
605983
606355
606527
606604
606832
606954
607405
607537
607616
607932
607975
608205
608580
608864
609165
609187
609368
609810
610154
610356
610610
610723
611081
611259
611378
611707
611814
611828
611871
611944
612263
612403
612574
612999
613406
613536
613920
614419
614537
615003
615338
615531
616004
616089
616231
616272
616278
616639
616951
617016
617443
617503
617976
617978
618223
618689
618878
619151
619645
620124
620308
620355
620531
620655
620991
621402
621692
621750
622050
622355
622849
622951
623380
623475
623867
624336
624620
624769
624887
625354
625706
625941
626240
626656
627020
627503
627716
627986
628080
628384
628724
629006
629130
629399
629541
629612
629783
629911
630228
630419
630739
631220
631398
631456
631723
631827
632081
632505
632670
633066
633071
633239
633277
633375
633508
633821
634047
634516
634600
635043
635372
635857
636115
636548
636848
637203
637672
637922
638283
638445
638472
638579
639067
639270
639488
639691
639799
639803
639942
640172
640332
640512
640705
640933
641297
641356
641582
641644
642032
642275
642314
642317
642604
643053
643091
643171
643288
643315
643333
643812
644135
644426
644771
644876
644895
645009
645279
645312
645635
645812
646111
646219
646712
646912
647037
647186
647530
647599
648015
648197
648571
648590
648805
649181
649384
649417
649544
649915
650103
650323
650463
650873
651027
651094
651292
651712
651962
652356
652521
652918
653041
653415
653461
653631
654076
654422
654477
654612
654783
655185
655203
655544
655671
655890
656255
656607
657054
657229
657564
657959
658365
658824
658846
659002
659231
659693
660044
660166
660398
660883
661106
661511
661733
661869
661951
662242
662541
663018
663446
663843
664242
664255
664691
664892
665368
665671
665855
665997
666477
666853
667041
667242
667653
667716
667807
667876
667940
668259
668332
668651
668724
669134
669577
669792
670279
670750
670971
671054
671366
671560
672018
672050
672388
672823
672833
672984
673192
673362
673435
673715
674174
674622
675113
675173
675507
675661
675859
676249
676425
676628
677023
677423
677675
677861
677931
678080
678396
678723
679023
679440
679844
680325
680660
681062
681248
681724
681926
682161
682290
682775
682923
683219
683519
683583
683616
683665
683939
684045
684168
684179
684225
684238
684251
684301
684337
684505
684709
685178
685466
685793
686013
686356
686583
686741
686921
687066
687201
687501
687692
687693
688179
688363
688666
689052
689501
689634
689977
690252
690344
690696
690722
691035
691533
691833
692157
692275
692357
692731
692806
692850
693071
693383
693554
693868
694146
694613
695043
695423
695631
695671
695745
696037
696215
696360
696574
696847
697312
697331
697762
698136
698450
698610
698732
699138
699585
699875
700135
700174
700585
701032
701224
701342
701742
701987
702286
702359
702794
702883
703218
703570
703843
704002
704063
704403
704798
705217
705272
705431
705538
705878
706090
706234
706545
706631
707129
707359
707550
707912
708298
708507
708713
709046
709530
709713
710157
710459
710607
710888
711140
711317
711688
711717
711851
711902
712153
712633
713025
713447
713762
713857
714169
714181
714538
714693
714795
715161
715487
715518
715991
716428
716560
716840
717340
717722
718143
718423
718520
718603
718897
719246
719553
719795
719964
720324
720346
720641
720649
720996
721416
721751
722097
722322
722366
722428
722570
722974
723294
723686
724115
724450
724629
725070
725369
725541
725975
726024
726392
726493
726665
727037
727182
727359
727791
728208
728217
728659
728942
729345
729713
729984
730345
730546
730710
730776
731132
731344
731637
732053
732488
732714
732800
732974
733387
733478
733552
733828
734256
734689
734829
734969
735452
735739
736000
736036
736098
736424
736632
736961
737093
737324
737651
737827
738311
738656
738963
739346
739717
740177
740375
740463
740469
740706
741046
741243
741713
742200
742432
742686
742911
743271
743730
744092
744514
744641
744736
744842
744871
745064
745330
745739
746165
746337
746761
747143
747232
747328
747594
747790
747803
748067
748345
748777
748924
749186
749390
749730
749970
750208
750282
750312
750611
751054
751265
751322
751729
752006
752016
752342
752700
752845
752984
752997
753187
753518
753613
753800
753861
753967
754280
754482
754787
754855
755231
755434
755722
756019
756090
756369
756570
756969
757467
757589
757731
757792
757798
757883
757963
758280
758664
758885
759289
759667
759917
759985
760298
760395
760720
761044
761525
761692
761858
762117
762185
762313
762629
762860
762988
763109
763138
763287
763544
763548
763986
764338
764524
764640
764703
765191
765630
765917
766401
766746
767123
767242
767555
767941
768057
768145
768364
768806
768994
769136
769148
769223
769568
769825
770080
770216
770636
770899
771009
771093
771163
771312
771564
771870
772091
772542
773027
773059
773446
773697
773710
773894
773968
774094
774175
774517
775008
775016
775512
775830
776018
776438
776818
776886
777348
777685
777735
777803
778159
778218
778616
778671
778840
779131
779444
779869
780317
780331
780422
780709
780863
780997
781402
781822
781879
782250
782496
782868
783182
783336
783741
784200
784287
784317
784380
784635
784983
785463
785859
786211
786550
786589
786921
787280
787380
787872
788318
788658
789110
789448
789525
789588
789664
790164
790607
790651
790910
791291
791467
791606
791622
791996
792345
792408
792844
793061
793472
793735
793807
793934
793941
794371
794677
794932
795375
795853
796023
796286
796320
796389
796805
797305
797635
798023
798467
798949
799419
799861
799885
800013
800450
800918
800974
801063
801381
801806
801862
801950
802429
802732
802805
803200
803486
803497
803794
804146
804244
804310
804414
804884
804987
805194
805538
805709
806183
806394
806689
806905
807400
807877
808377
808423
808566
808800
809144
809613
810025
810163
810374
810520
810592
810662
810964
811296
811635
812074
812574
812775
812970
813274
813709
813772
813876
813984
814065
814220
814392
814474
814796
815018
815366
815732
815907
816339
816787
816920
817313
817318
817781
818155
818398
818575
818768
818971
819307
819582
819757
820087
820479
820594
820866
821144
821214
821303
821774
822019
822309
822648
822682
822815
823239
823697
824103
824464
824650
824655
824894
825333
825506
825971
826460
826747
826750
827247
827495
827826
827835
827901
828067
828292
828559
828713
828863
829207
829560
829844
830317
830620
831068
831436
831738
832034
832293
832373
832458
832686
833056
833459
833509
833669
834169
834576
834836
835183
835480
835894
836139
836532
836837
837109
837253
837619
837905
838062
838239
838534
838637
838767
839001
839205
839618
839724
839761
840198
840350
840719
841189
841574
841733
841940
842382
842532
842866
843275
843478
843659
843664
843731
843849
844195
844683
845162
845582
845776
845935
846062
846072
846424
846529
846894
847137
847275
847535
847864
848145
848191
848442
848809
849300
849620
849983
850340
850350
850528
850597
850710
850859
851250
851536
852009
852267
852406
852871
853356
853534
853891
854098
854461
854538
854744
854859
854949
855143
855516
855853
855988
856420
856665
857141
857163
857558
857574
857855
858342
858698
858702
858782
858885
859068
859431
859913
859989
860273
860550
860937
860997
861341
861792
861851
861993
862171
862660
862989
863279
863315
863357
863681
864152
864337
864653
864671
864816
865257
865345
865706
865967
866279
866664
867069
867294
867640
867824
868016
868066
868304
868516
868526
868676
869008
869038
869126
869366
869466
869923
870271
870761
870931
871219
871294
871641
871991
872357
872404
872731
873124
873575
873604
873817
874146
874318
874674
874806
875252
875550
875970
876336
876824
877126
877236
877635
877845
878291
878597
878807
878898
879351
879379
879633
880108
880210
880642
880711
880713
880720
881045
881468
881590
881791
882006
882460
882500
882541
882635
883028
883413
883478
883685
883688
884069
884334
884551
884905
885248
885366
885822
886283
886591
887022
887091
887184
887194
887449
887801
888073
888337
888576
888685
888879
888961
888976
889162
889367
889537
889671
889974
890359
890409
890832
890912
891018
891209
891644
891667
891958
891978
892268
892504
892661
893056
893195
893417
893495
893505
893611
893997
894296
894395
894850
895350
895557
896036
896501
896773
897071
897408
897503
897874
898079
898371
898627
898897
899339
899522
899956
900036
900161
900243
900632
900687
900880
901237
901645
901847
901954
902031
902510
902585
902773
903228
903712
904129
904138
904587
904822
905027
905147
905642
906058
906292
906694
906706
907028
907245
907391
907419
907665
908000
908319
908807
909256
909335
909467
909482
909556
909740
909786
909988
910395
910585
910919
911058
911206
911466
911489
911603
912028
912325
912517
912578
912997
913406
913494
913770
913914
914316
914814
915135
915389
915457
915530
915743
916177
916298
916720
916736
916788
916977
917393
917741
918060
918372
918487
918973
919088
919296
919658
920142
920307
920705
920806
921071
921133
921136
921608
921758
922217
922517
922993
923489
923850
923976
924097
924105
924322
924348
924824
925157
925519
925565
925629
926032
926192
926329
926622
926791
926945
926974
927038
927128
927361
927659
927766
928085
928429
928840
928952
929137
929387
929506
929507
929532
929568
929571
929939
930049
930428
930787
931030
931288
931472
931553
931702
931995
932368
932647
932890
933293
933630
934076
934305
934544
934864
935081
935221
935677
935783
936219
936595
936964
937228
937305
937774
938108
938507
938892
939312
939603
939910
940321
940382
940810
940949
940959
941450
941945
942082
942314
942328
942483
942866
943103
943249
943701
943817
944075
944472
944883
945283
945330
945599
945918
946277
946580
946940
947116
947566
948061
948388
948629
948701
949037
949141
949412
949556
949623
949852
950303
950560
950680
950683
950958
951310
951373
951858
952239
952615
952747
952883
952977
953110
953239
953430
953841
954011
954476
954957
955188
955232
955356
955602
955623
955956
956351
956445
956890
957257
957335
957777
958242
958561
958942
959201
959254
959753
959883
960095
960532
960885
961264
961676
961774
962124
962561
962644
963084
963193
963325
963646
963827
964295
964759
964790
964920
964986
965293
965473
965744
965858
966181
966449
966616
966820
967239
967517
967926
968417
968740
968881
969329
969786
969844
970297
970315
970400
970692
970830
970935
971091
971383
971526
971852
972106
972329
972692
972853
973302
973755
973791
973919
974059
974159
974399
974847
975042
975360
975764
976098
976367
976824
977076
977421
977809
977907
978353
978688
979144
979228
979264
979746
979749
979920
980227
980345
980418
980721
981187
981314
981435
981708
982198
982572
982766
982892
982922
983066
983520
983726
983989
984378
984653
985000
985433
985789
986111
986595
987051
987146
987289
987728
988125
988587
988809
989163
989263
989322
989458
989573
989889
990173
990618
990952
991011
991468
991894
992191
992350
992849
992929
993123
993218
993653
993949
994238
994494
994804
995023
995035
995215
995676
995728
996033
996277
996624
997069
997460
997552
998046
998167
998269
998636
998752
998778
998878
998932
999138
999448
999532
999560
999639
999990
1000089
1000306
1000657
1000902
1001030
1001445
1001782
1001963
1002044
1002349
1002524
1002565
1003010
1003068
1003516
1003905
1004262
1004689
1005099
1005298
1005599
1005959
1006175
1006507
1006762
1007085
1007338
1007651
1007803
1007831
1008290
1008328
1008527
1008823
1009254
1009739
1010097
1010242
1010685
1011030
1011438
1011498
1011780
1012269
1012428
1012831
1012893
1013102
1013180
1013633
1013962
1014261
1014576
1014588
1014707
1015206
1015621
1015838
1015915
1016026
1016491
1016931
1017094
1017228
1017360
1017739
1018207
1018490
1018633
1018679
1019047
1019517
1019960
1020187
1020319
1020782
1021164
1021632
1022089
1022483
1022554
1022773
1022920
1023091
1023178
1023381
1023578
1023832
1024081
1024207
1024366
1024732
1025079
1025566
1025996
1026063
1026154
1026419
1026463
1026808
1026944
1026967
1027440
1027522
1027655
1027780
1028255
1028625
1029024
1029190
1029336
1029793
1030162
1030336
1030572
1031058
1031194
1031269
1031309
1031726
1031972
1032032
1032168
1032242
1032384
1032459
1032499
1032520
1032701
1033106
1033174
1033416
1033890
1034111
1034264
1034426
1034867
1035095
1035490
1035949
1036178
1036250
1036358
1036430
1036564
1036606
1036901
1037115
1037537
1037837
1038260
1038526
1038623
1038779
1038994
1039076
1039534
1039976
1040453
1040669
1040972
1041446
1041859
1042204
1042440
1042628
1042876
1043020
1043445
1043846
1043988
1044240
1044606
1044841
1045198
1045428
1045539
1046017
1046284
1046460
1046902
1046921
1047271
1047769
1047852
1048194
1048316
1048535
1048585
1048854
1049297
1049300
1049710
1050063
1050557
1050998
1051125
1051601
1052091
1052151
1052543
1053006
1053030
1053068
1053266
1053428
1053777
1053904
1053979
1054191
1054501
1054554
1054815
1054931
1055124
1055513
1055766
1055910
1055933
1056225
1056304
1056517
1056627
1057072
1057142
1057388
1057560
1057798
1058174
1058284
1058352
1058626
1058650
1058893
1059017
1059076
1059210
1059652
1059909
1060169
1060270
1060486
1060695
1060804
1061232
1061448
1061759
1061992
1062228
1062566
1062675
1063000
1063496
1063566
1063913
1064064
1064440
1064763
1065156
1065468
1065877
1066142
1066573
1067014
1067403
1067584
1067977
1068196
1068446
1068750
1068958
1068997
1069159
1069500
1069519
1069745
1069951
1070423
1070537
1070822
1071016
1071214
1071527
1071966
1072014
1072350
1072804
1073167
1073325
1073807
1073897
1074020
1074095
1074199
1074691
1075167
1075282
1075492
1075538
1076016
1076475
1076902
1077080
1077240
1077622
1077625
1077964
1077985
1078069
1078557
1078639
1078680
1078813
1079043
1079261
1079282
1079403
1079501
1079999
1080144
1080615
1081038
1081533
1081841
1082007
1082359
1082649
1082670
1083050
1083078
1083540
1083988
1083995
1084059
1084395
1084772
1085113
1085559
1085724
1086040
1086397
1086691
1087057
1087477
1087939
1088127
1088507
1088540
1088832
1089143
1089551
1089690
1090145
1090512
1090657
1090846
1090881
1090962
1091322
1091574
1092042
1092134
1092593
1092965
1093324
1093375
1093850
1094179
1094573
1094905
1094941
1095178
1095573
1095699
1095810
1095896
1096027
1096192
1096408
1096501
1096932
1097281
1097560
1097659
1097965
1098371
1098609
1098754
1098777
1098781
1098906
1099024
1099370
1099739
1100051
1100107
1100393
1100528
1100975
1101353
1101830
1101976
1102296
1102581
1102893
1102917
1103314
1103333
1103418
1103559
1103717
1103809
1103851
1104233
1104517
1104893
1105184
1105254
1105349
1105660
1105967
1106013
1106361
1106706
1107008
1107484
1107840
1108317
1108441
1108882
1109247
1109248
1109556
1109596
1109657
1109943
1110148
1110353
1110464
1110719
1111193
1111633
1111699
1112126
1112439
1112874
1113131
1113529
1113727
1114145
1114198
1114215
1114446
1114894
1115316
1115480
1115659
1115833
1115961
1116273
1116419
1116832
1116884
1117021
1117146
1117165
1117331
1117462
1117560
1117930
1118184
1118660
1118777
1119071
1119334
1119735
1119898
1120113
1120363
1120737
1121038
1121347
1121522
1121946
1122034
1122442
1122807
1122981
1123222
1123295
1123367
1123828
1123994
1124094
1124454
1124594
1124749
1125155
1125348
1125362
1125593
1125840
1126059
1126143
1126389
1126399
1126657
1126835
1127262
1127295
1127770
1127931
1128015
1128342
1128515
1128705
1128920
1129238
1129616
1130037
1130212
1130356
1130371
1130799
1131222
1131443
1131680
1131817
1132077
1132433
1132854
1133280
1133549
1133638
1133759
1134095
1134349
1134710
1135120
1135451
1135534
1135992
1136469
1136920
1137380
1137526
1137731
1137819
1137984
1138154
1138317
1138571
1138587
1139014
1139472
1139686
1140118
1140587
1140808
1141072
1141308
1141347
1141525
1141536
1141845
1141950
1142255
1142413
1142818
1143260
1143361
1143448
1143619
1143664
1143689
1144060
1144538
1144717
1144828
1145216
1145646
1146086
1146524
1146614
1146988
1147100
1147525
1147742
1148047
1148086
1148452
1148465
1148880
1149071
1149459
1149937
1150095
1150393
1150875
1151336
1151731
1152160
1152577
1152664
1152803
1153258
1153282
1153614
1153857
1154356
1154852
1155143
1155181
1155283
1155701
1155989
1156416
1156692
1156944
1157044
1157171
1157563
1157687
1157801
1157818
1157864
1158019
1158431
1158682
1158981
1159154
1159612
1159895
1160353
1160473
1160760
1161067
1161088
1161241
1161279
1161461
1161511
1161662
1161707
1162019
1162283
1162363
1162383
1162838
1162981
1163441
1163554
1163824
1163949
1164442
1164889
1165192
1165670
1165682
1166077
1166245
1166498
1166744
1167197
1167517
1167553
1167959
1168039
1168066
1168535
1168720
1169211
1169517
1169572
1169770
1170105
1170295
1170778
1170788
1170950
1171118
1171539
1171768
1172170
1172436
1172697
1172847
1172948
1173197
1173227
1173515
1173592
1173980
1174241
1174548
1175004
1175394
1175460
1175681
1175783
1175899
1175900
1176007
1176199
1176402
1176783
1176824
1176992
1177448
1177619
1177914
1178150
1178470
1178907
1178972
1179222
1179294
1179528
1179796
1180085
1180458
1180540
1180840
1180942
1180953
1180973
1181387
1181886
1182033
1182272
1182762
1183167
1183552
1183914
1184211
1184349
1184792
1184938
1185087
1185147
1185237
1185362
1185858
1186179
1186376
1186443
1186904
1187038
1187068
1187286
1187721
1188150
1188340
1188610
1189035
1189068
1189133
1189468
1189505
1189854
1190218
1190597
1190989
1191043
1191206
1191323
1191434
1191867
1192232
1192459
1192619
1193020
1193286
1193600
1193727
1193733
1193819
1194160
1194596
1194715
1195152
1195224
1195244
1195453
1195616
1195993
1196431
1196755
1197014
1197094
1197361
1197758
1198040
1198148
1198596
1198983
1199014
1199069
1199430
1199682
1199922
1200385
1200732
1201092
1201095
1201250
1201261
1201551
1202008
1202445
1202887
1202915
1202973
1203420
1203720
1203807
1204107
1204110
1204505
1204712
1204830
1204841
1205008
1205420
1205792
1206267
1206687
1207116
1207567
1207893
1208386
1208818
1208859
1209150
1209371
1209699
1210146
1210387
1210774
1211273
1211772
1212214
1212567
1212739
1212869
1213266
1213736
1213930
1214216
1214679
1214807
1215069
1215283
1215304
1215339
1215691
1216008
1216219
1216521
1216565
1216836
1217126
1217179
1217283
1217734
1217888
1218337
1218469
1218796
1218804
1219019
1219326
1219645
1220129
1220542
1220866
1221021
1221038
1221462
1221566
1221811
1221886
1222320
1222558
1223027
1223174
1223319
1223819
1223868
1223995
1224292
1224293
1224371
1224532
1224584
1224823
1225033
1225357
1225641
1225683
1226074
1226113
1226400
1226463
1226605
1226905
1226964
1227279
1227508
1227924
1227993
1228083
1228549
1228893
1229112
1229387
1229476
1229522
1229792
1230139
1230554
1230996
1231244
1231485
1231977
1232429
1232580
1232693
1232763
1232829
1232923
1233008
1233297
1233633
1234133
1234232
1234399
1234689
1235153
1235251
1235336
1235744
1235963
1236013
1236251
1236733
1237160
1237592
1237756
1237998
1238358
1238556
1238864
1239152
1239366
1239406
1239738
1240013
1240111
1240337
1240626
1241085
1241136
1241461
1241933
1242179
1242505
1242757
1243084
1243507
1243641
1243661
1243896
1244142
1244173
1244645
1244919
1244930
1245393
1245766
1246041
1246446
1246495
1246704
1246792
1247014
1247118
