La primera linea indica la cantidad de minutos a considerar (n). Luego vienen n lineas que corresponden a los x_i, y luego los n valores que corresponden a la funcion f(.):
6000
431
834
203
797
766
316
464
598
901
328
531
907
610
331
59
23
718
934
915
201
682
140
805
898
873
826
338
50
617
115
302
563
870
383
642
447
885
354
267
196
273
746
808
377
911
497
739
539
997
484
497
491
112
648
409
973
926
892
910
643
843
548
531
527
527
666
934
902
720
81
586
700
582
796
734
750
530
224
452
911
397
796
827
294
385
266
514
701
404
892
672
277
911
597
891
995
773
176
841
888
225
608
754
47
687
778
246
667
277
361
45
395
375
880
372
360
598
948
563
331
182
837
733
128
915
824
645
781
526
772
439
951
612
834
493
889
478
198
643
217
433
501
544
1000
176
195
525
693
489
358
650
203
63
183
366
551
710
721
774
780
971
389
668
523
49
651
923
367
478
246
47
305
739
697
252
709
699
919
395
289
18
447
728
695
853
790
983
636
629
473
987
418
685
250
199
149
622
336
363
680
82
94
613
264
383
49
948
834
448
960
269
142
526
411
205
49
576
907
369
632
913
792
213
480
419
546
362
34
473
565
725
534
475
111
803
541
723
355
813
632
839
137
328
173
641
735
516
807
896
817
594
876
182
293
864
498
853
994
922
304
679
34
289
700
588
643
528
968
694
782
261
490
691
906
804
71
823
731
624
627
2
630
20
144
806
704
23
886
85
287
731
576
817
111
113
427
780
659
268
89
388
23
688
711
78
357
939
768
155
777
694
765
787
160
449
640
660
708
530
846
993
652
599
951
963
22
538
113
995
511
785
514
509
674
440
185
847
507
857
883
278
134
902
905
691
183
3
616
288
671
134
400
506
440
218
558
21
462
499
871
69
99
181
15
825
502
351
626
695
94
582
981
700
52
111
573
39
191
999
541
815
842
873
976
184
942
94
589
693
664
555
321
135
724
650
808
560
889
677
455
306
47
995
849
85
474
764
691
878
606
361
131
202
766
525
640
845
667
639
438
889
145
115
330
64
691
300
555
306
494
600
295
843
981
135
911
285
163
224
529
537
634
5
226
417
494
806
701
173
653
466
473
945
276
94
865
819
700
26
584
221
782
442
717
117
259
653
708
850
867
948
370
339
353
735
141
476
228
46
538
605
898
42
134
545
798
142
712
968
907
222
210
691
978
189
661
795
10
504
22
163
666
339
836
229
676
439
968
738
296
180
662
78
102
512
473
112
127
145
372
269
937
175
747
486
200
62
480
23
173
795
395
283
552
510
870
817
312
668
909
858
991
222
654
153
108
489
508
613
368
338
168
301
580
931
202
550
737
66
255
219
931
453
720
683
962
50
514
710
816
847
119
989
394
337
304
457
461
615
67
666
525
554
980
206
713
674
411
650
187
607
895
206
405
788
241
172
508
642
156
449
785
715
448
488
797
961
200
352
455
149
410
992
962
651
887
667
979
857
471
826
187
951
126
340
933
916
806
958
169
131
936
289
553
610
192
57
789
580
875
834
940
231
703
877
350
955
466
540
908
362
251
868
120
180
665
148
72
240
456
78
727
393
408
901
873
675
711
5
218
194
912
170
650
778
124
875
491
345
911
532
683
419
566
751
750
533
783
823
766
368
445
711
307
903
560
716
17
655
856
706
3
823
475
872
469
612
946
410
265
428
978
278
876
755
670
930
961
166
932
305
536
466
942
712
377
186
339
433
122
784
911
408
637
988
955
43
907
172
889
967
358
20
649
386
736
915
448
633
580
963
657
984
809
736
236
227
311
620
390
419
808
289
679
409
91
804
688
939
505
190
474
272
771
641
562
690
597
309
315
217
887
751
582
803
14
223
95
309
215
736
681
517
693
159
716
753
553
128
195
814
820
64
77
297
50
477
530
706
870
224
460
547
524
894
866
114
227
345
431
118
598
397
870
602
713
841
522
673
387
995
374
671
952
517
743
39
805
765
723
830
174
989
719
957
395
585
892
423
878
781
701
646
768
436
25
42
725
743
311
603
769
97
830
83
885
478
106
38
906
523
297
244
527
420
262
962
826
207
254
823
117
130
714
758
309
862
54
591
325
183
501
541
60
881
17
839
168
287
127
818
481
909
647
86
629
384
525
471
993
60
208
56
405
561
731
702
961
527
542
942
8
186
165
338
388
395
354
730
120
629
86
73
563
952
753
37
509
534
649
926
229
762
844
285
40
915
580
27
804
992
922
848
329
278
7
952
108
306
851
806
137
758
489
781
950
433
446
39
411
715
240
548
954
731
788
554
433
162
56
471
956
119
661
940
531
409
356
716
320
794
382
918
334
251
356
250
309
858
878
816
61
870
453
318
597
979
228
331
863
637
243
587
8
57
195
595
954
239
66
944
828
238
654
274
520
124
668
6
672
529
338
705
773
600
561
236
930
465
813
965
452
135
376
746
360
511
51
515
999
581
78
194
507
211
72
848
70
614
89
183
316
444
895
611
583
614
954
551
666
951
287
695
271
834
113
45
729
972
754
273
178
143
949
499
235
957
410
767
854
249
310
176
190
527
368
598
947
516
92
365
442
273
620
786
617
68
773
598
272
194
61
524
108
228
835
526
93
735
579
266
849
934
152
420
30
775
407
9
393
431
63
702
530
827
857
491
398
320
954
801
230
253
525
461
611
779
933
544
854
251
44
656
352
557
306
877
836
840
563
644
289
76
711
942
171
902
280
64
625
653
301
154
948
731
793
913
101
435
52
260
105
796
434
286
454
684
679
260
929
402
555
372
157
39
873
443
331
906
329
84
550
206
31
268
438
722
487
211
738
734
711
19
709
410
370
47
482
533
811
309
852
402
411
987
616
783
695
757
811
586
37
343
493
935
186
206
431
843
196
452
524
153
848
875
79
986
723
62
766
57
447
386
929
706
33
211
4
525
913
205
313
291
425
94
244
461
421
279
259
197
724
540
702
416
498
382
730
500
249
353
627
837
58
801
22
705
722
559
982
20
161
521
350
579
580
480
810
926
967
377
85
204
900
296
190
240
33
270
386
689
965
393
517
723
512
676
419
255
310
334
746
983
548
935
558
550
498
867
888
817
673
544
414
178
257
918
116
832
693
41
759
521
467
832
501
151
848
955
236
488
929
960
39
925
905
479
118
438
864
884
470
90
489
601
574
634
29
759
161
848
55
188
967
310
315
822
542
173
302
3
987
582
184
513
72
85
435
501
286
782
35
214
210
845
125
605
430
449
729
976
431
96
277
432
633
869
209
512
847
192
475
654
971
880
648
451
699
529
592
54
11
883
590
189
317
265
117
281
67
662
268
221
419
972
712
804
290
135
897
911
529
513
233
533
340
805
401
654
308
230
630
400
244
3
680
665
167
25
188
903
212
869
483
508
262
557
974
508
457
151
546
629
344
672
485
612
49
707
5
216
131
46
489
157
478
878
651
636
583
724
578
681
642
935
864
781
487
408
450
66
947
766
185
720
652
565
469
876
453
514
346
169
28
314
727
540
709
681
901
258
235
912
166
923
800
47
342
726
809
578
164
79
302
988
347
449
328
372
791
978
190
893
882
323
694
50
275
90
522
872
421
362
43
501
721
804
901
854
355
312
395
898
817
639
92
407
36
333
197
409
258
853
758
217
599
411
193
759
378
776
948
557
494
804
457
79
18
708
27
988
19
811
801
773
158
54
348
424
556
668
809
354
867
373
243
434
740
800
382
926
284
258
428
921
898
792
114
452
170
773
151
375
89
829
304
115
240
699
678
102
712
975
72
163
374
788
740
649
28
463
948
711
718
125
336
759
545
792
330
901
647
100
719
913
882
848
1
273
326
186
357
677
468
449
696
636
234
783
752
939
70
563
422
48
597
112
464
337
486
243
397
430
751
773
833
428
864
177
859
481
976
350
691
69
309
63
704
87
830
424
692
975
800
175
308
16
94
6
159
661
937
523
345
528
557
761
540
351
233
12
300
575
642
591
735
939
932
410
592
421
516
819
93
727
366
789
838
355
780
684
726
574
846
34
523
122
374
82
594
751
764
659
849
572
316
245
379
755
853
488
237
969
783
865
18
89
185
360
777
701
110
504
461
61
127
243
663
661
289
32
287
597
952
216
108
230
123
379
203
334
898
43
144
494
225
519
862
367
279
853
28
506
536
508
544
93
869
199
997
606
419
827
353
957
87
981
170
969
678
980
140
695
191
683
771
347
780
928
799
261
464
664
852
646
692
901
673
654
379
365
370
503
466
306
954
125
822
501
911
529
274
548
552
666
784
529
875
204
718
88
795
59
968
926
172
507
722
518
191
240
81
581
432
842
349
783
936
982
548
592
15
412
880
208
180
522
638
78
680
91
623
810
705
74
230
231
465
492
307
686
324
254
593
341
349
840
385
232
799
334
635
785
533
670
20
689
800
164
593
620
8
799
726
128
75
883
976
624
697
484
881
514
771
875
231
894
531
680
290
572
773
413
470
119
258
192
780
874
878
892
70
259
149
102
865
159
10
139
743
650
161
258
89
434
741
174
219
309
336
773
466
225
63
208
913
286
192
917
390
673
162
994
439
661
111
843
538
240
337
389
729
170
233
270
823
772
654
230
715
647
425
852
191
945
215
701
453
315
625
107
811
40
857
705
766
429
161
496
866
176
362
237
917
935
841
558
218
631
686
930
915
106
645
760
182
889
609
900
683
32
306
509
286
736
903
585
533
935
56
612
993
610
988
397
756
973
151
145
955
396
782
803
927
816
669
597
236
794
991
148
176
461
238
683
151
120
153
102
589
502
27
990
180
598
23
67
610
155
182
668
32
236
628
730
208
923
709
194
693
493
789
255
489
938
439
952
711
698
389
206
263
544
880
543
166
536
459
794
693
107
857
850
94
161
265
343
287
350
945
356
769
860
483
503
335
288
458
360
200
100
695
808
40
941
574
631
590
2
749
933
445
169
815
45
476
396
802
358
597
358
613
408
920
578
619
978
790
234
725
975
5
541
996
919
909
873
100
803
626
621
40
659
831
456
143
990
659
853
708
569
603
374
722
322
785
135
493
235
270
289
940
30
366
867
743
71
139
797
116
491
310
521
758
920
836
449
640
179
239
713
617
164
258
247
956
459
284
459
828
449
10
882
695
590
10
466
305
575
403
480
226
580
239
828
557
82
515
832
29
816
201
365
585
840
360
128
24
119
617
158
223
971
470
14
785
1000
34
76
157
440
620
223
809
296
809
976
931
965
999
906
378
547
13
463
494
713
109
894
282
687
70
898
607
558
837
697
505
159
904
452
193
962
895
354
859
768
759
125
702
682
764
193
573
139
9
760
730
892
528
300
568
593
751
428
503
490
992
60
520
251
523
182
703
360
882
693
909
685
647
95
848
306
577
956
945
438
268
664
608
622
848
189
357
668
157
699
217
322
340
5
960
526
174
513
321
838
196
785
19
830
742
747
50
214
222
574
233
107
952
605
70
903
703
202
91
823
292
548
600
944
639
788
93
239
968
207
106
325
109
168
437
261
919
122
61
371
334
462
77
222
207
328
249
536
238
485
688
773
275
209
432
762
595
347
859
410
43
11
437
269
483
556
166
609
137
885
195
569
747
654
322
489
62
606
670
765
214
838
891
189
415
635
947
767
933
158
878
369
606
317
448
845
430
502
82
790
382
455
908
601
992
439
493
123
490
474
371
952
187
588
358
727
995
294
255
771
84
19
438
340
790
131
956
227
694
341
378
934
925
947
486
947
538
183
861
978
498
208
910
942
726
653
915
493
821
510
691
673
149
440
669
36
563
657
956
693
476
277
145
624
929
488
35
616
62
114
327
578
435
168
893
57
540
186
158
139
628
204
245
767
494
114
450
461
750
42
775
346
152
591
451
933
593
573
848
369
608
703
376
742
48
113
723
428
885
346
159
755
923
425
965
601
746
955
560
706
906
930
747
287
877
634
42
737
524
194
489
739
373
801
124
732
744
813
943
871
956
79
174
40
930
605
559
945
820
416
149
595
165
599
556
360
86
671
420
33
277
203
223
547
495
727
442
839
671
638
180
602
665
699
450
210
951
866
36
7
461
912
967
276
246
451
101
546
717
902
864
203
624
918
456
391
493
956
132
190
440
242
948
309
743
168
558
633
402
974
549
106
971
116
91
376
571
110
476
391
200
229
877
887
881
413
416
607
403
47
571
63
93
795
918
559
517
612
571
468
867
243
101
391
815
765
926
320
519
474
572
422
868
658
538
252
116
18
507
853
588
132
411
839
772
735
755
989
845
744
284
535
142
405
99
336
574
856
142
181
202
636
758
819
307
937
450
73
53
76
386
856
353
859
809
376
364
479
585
891
595
589
327
666
638
604
741
904
612
807
642
862
467
265
698
24
551
49
690
920
240
745
226
125
332
406
566
632
641
356
627
946
372
528
99
77
276
994
727
729
737
825
492
297
724
201
5
94
919
449
394
36
429
59
39
203
909
101
605
286
880
186
777
521
423
701
524
298
668
430
459
911
607
543
901
584
766
476
41
519
316
172
15
402
746
786
434
336
101
606
917
808
880
206
23
816
41
715
102
363
61
41
657
1000
96
779
236
844
981
252
496
777
416
609
514
702
350
753
114
45
694
978
82
760
892
579
477
752
89
26
743
440
375
684
436
95
814
60
490
815
862
717
140
74
319
140
508
574
372
294
136
923
539
870
720
341
672
300
549
863
882
788
92
286
547
159
30
420
293
66
178
678
483
853
442
257
427
718
306
972
546
714
105
831
452
597
561
796
27
8
690
745
530
295
396
113
190
922
959
175
919
845
875
914
738
366
604
497
22
578
51
808
823
657
645
742
454
500
377
926
782
560
462
250
366
840
697
571
709
226
874
21
367
441
659
579
961
505
830
47
995
186
943
275
518
165
230
834
677
350
190
592
711
206
549
132
976
478
333
780
753
485
727
180
649
447
455
314
198
809
371
322
123
413
520
512
372
963
320
643
452
555
143
499
463
782
7
330
14
95
875
946
327
714
551
422
525
510
65
688
735
554
3
879
823
845
996
420
148
193
106
982
221
179
217
491
155
197
583
489
262
360
726
753
426
331
379
608
444
857
478
542
558
171
38
27
764
41
874
258
262
835
531
312
521
665
443
365
442
342
78
24
455
257
642
543
884
580
786
135
472
127
105
451
248
389
523
432
733
666
896
244
376
502
880
30
713
158
827
807
744
119
938
586
754
893
871
475
646
919
558
977
356
123
133
115
403
480
774
986
324
250
147
176
854
535
450
387
112
590
354
835
823
434
424
775
963
294
879
385
724
290
428
790
309
697
412
96
836
44
999
97
178
296
261
301
262
948
962
77
154
509
485
741
823
293
787
393
998
444
797
915
33
425
652
113
766
76
629
616
581
440
139
38
584
106
738
460
890
909
872
461
515
914
935
862
520
183
410
289
327
515
657
32
690
332
235
681
597
965
992
838
24
740
688
286
532
768
890
315
926
64
576
507
424
655
302
530
616
513
140
295
207
664
414
25
444
962
953
943
803
664
34
684
195
518
787
94
331
38
673
72
931
394
410
87
59
749
668
194
871
206
768
165
838
808
720
231
99
182
730
668
493
380
776
549
96
591
562
209
240
101
932
814
815
445
383
108
167
294
137
281
332
840
841
472
901
959
256
125
183
8
970
127
179
38
193
62
851
331
37
629
449
267
210
32
943
473
583
184
568
965
388
108
471
473
405
504
973
692
711
503
278
973
273
357
764
748
686
829
904
666
551
234
191
968
231
316
31
174
335
871
606
241
527
499
529
996
946
473
565
873
785
616
595
415
460
268
810
974
515
284
797
620
766
836
814
751
849
488
543
383
169
136
521
908
2
674
870
235
108
925
886
795
240
34
489
532
152
598
448
917
46
844
665
28
824
495
547
436
708
804
76
448
430
6
787
329
97
797
986
92
707
617
287
944
804
92
956
439
110
882
982
187
215
30
728
328
839
242
930
340
188
80
215
636
429
857
23
206
697
442
985
912
988
718
264
893
616
755
725
871
828
763
533
929
457
344
373
513
324
327
992
627
526
455
658
694
692
561
224
86
587
472
880
241
792
636
543
642
244
554
70
701
270
159
254
988
984
365
611
32
49
736
471
621
221
56
49
546
577
925
392
63
647
986
789
960
640
369
828
617
428
437
951
272
25
103
896
292
979
957
542
931
782
198
428
337
355
384
363
341
947
161
847
112
168
679
739
962
247
783
593
310
508
664
187
98
900
704
871
784
761
640
682
785
372
626
902
945
966
872
641
26
960
196
540
461
351
180
944
447
685
824
940
463
952
381
114
4
412
641
744
597
467
322
855
843
841
442
73
813
930
536
451
293
965
162
15
852
671
670
271
61
459
646
267
497
962
20
611
23
70
852
542
801
623
93
323
636
817
411
446
669
888
393
297
285
35
838
548
601
355
749
966
307
921
94
623
910
885
229
912
916
771
699
472
196
478
287
475
848
359
181
507
867
904
132
998
321
33
642
750
987
408
88
666
557
557
305
620
255
364
219
702
301
641
45
276
778
184
599
258
310
387
283
298
728
413
581
976
999
645
879
391
625
731
175
945
34
927
336
542
116
474
941
998
36
628
319
394
929
533
396
555
66
236
875
429
818
279
435
173
832
231
511
600
583
681
536
179
880
475
315
972
877
478
73
755
275
398
825
906
382
916
518
257
385
655
465
815
949
62
446
586
432
610
505
938
139
283
369
526
959
372
926
61
428
552
591
353
856
587
933
944
718
859
48
32
621
896
234
609
406
574
486
620
355
429
345
91
681
537
474
271
977
745
119
104
190
38
872
513
829
698
294
787
623
9
355
54
123
746
669
120
175
828
727
586
165
517
14
168
326
214
84
768
537
5
792
732
203
530
549
692
876
512
442
486
888
174
143
225
343
188
576
628
87
2
329
668
242
13
323
893
267
452
23
835
734
583
496
610
565
599
568
39
246
980
36
645
153
264
902
838
996
1
70
639
651
92
194
688
423
686
315
819
962
544
170
149
557
64
50
642
264
939
586
48
860
485
999
232
227
29
678
747
502
787
641
538
835
118
115
305
985
312
70
9
341
758
965
104
537
199
564
13
385
517
192
193
554
584
946
282
797
29
106
89
686
715
16
89
997
590
395
902
570
48
104
152
100
635
81
716
624
695
509
305
992
561
931
338
61
2
739
314
223
823
836
420
531
371
696
735
654
394
423
472
161
933
833
666
766
488
570
661
638
350
70
142
605
743
978
911
496
108
893
366
151
549
466
715
584
14
52
995
962
647
254
286
159
698
178
936
912
208
295
850
856
364
32
773
227
349
113
425
561
595
320
1000
282
166
485
254
869
697
468
9
85
257
813
781
666
194
801
209
303
508
917
990
884
94
287
919
656
938
397
272
209
919
329
603
723
35
201
137
603
283
918
677
507
880
670
423
177
238
630
802
204
285
101
106
809
534
476
400
983
523
246
633
53
134
612
956
718
350
16
175
434
270
348
917
784
670
181
465
64
805
243
16
892
754
858
637
176
809
605
814
410
64
338
115
725
935
880
402
301
442
811
601
741
175
47
937
83
336
210
979
647
409
567
545
455
52
674
821
600
63
316
238
558
134
852
671
88
652
917
390
135
850
267
122
523
455
750
552
755
780
287
803
602
209
765
702
839
124
497
923
288
497
295
182
852
154
136
473
904
209
839
545
674
817
549
559
496
283
928
233
248
955
53
32
7
706
613
247
420
86
746
930
243
790
307
964
252
369
638
948
348
271
895
171
356
875
750
644
745
181
386
506
281
670
403
795
457
57
73
139
150
840
162
517
871
701
625
526
323
697
85
946
69
671
109
420
791
638
415
749
276
333
159
875
524
740
505
442
433
813
988
806
676
693
574
634
610
783
948
96
5
867
896
83
810
763
436
393
176
422
36
465
9
265
930
524
651
543
952
645
187
519
623
76
802
602
316
119
400
194
370
973
280
339
132
387
490
656
642
579
478
676
883
941
854
598
644
218
366
856
804
321
690
85
872
504
520
250
314
659
48
112
219
538
348
498
513
308
485
340
12
555
689
146
491
183
205
390
187
141
34
683
883
17
737
801
661
356
328
228
544
938
522
962
898
789
174
632
104
341
920
81
516
568
401
150
785
797
346
16
18
63
490
813
404
226
358
635
531
362
526
934
139
456
890
613
608
813
651
657
670
229
572
324
969
539
153
459
543
714
530
342
491
955
564
261
250
226
287
564
481
879
72
539
264
249
960
255
870
192
573
363
798
541
96
580
756
182
437
528
49
280
360
433
108
30
914
37
98
179
974
842
865
797
350
834
678
967
161
410
817
137
278
704
544
271
145
630
722
511
903
513
368
379
838
11
887
815
521
517
837
725
997
941
921
199
153
862
425
648
702
493
471
140
370
323
731
697
162
938
836
412
733
656
913
353
435
633
244
599
264
443
829
867
207
173
709
998
564
895
933
215
364
244
364
88
193
524
229
558
902
968
346
132
103
185
459
381
95
70
551
950
977
866
669
826
408
568
953
35
413
569
606
129
999
977
831
629
587
824
861
583
896
138
290
80
183
128
871
640
501
875
846
189
811
484
158
795
116
133
937
309
827
242
394
25
505
441
341
81
73
727
751
546
342
729
930
180
105
668
91
16
883
878
227
586
265
639
127
615
212
21
335
665
566
68
541
660
719
836
557
966
341
759
928
734
650
169
64
108
706
34
419
514
728
153
953
744
848
808
474
400
551
793
871
489
858
374
229
148
44
469
83
937
304
424
689
790
68
245
797
180
482
988
885
521
336
244
909
748
946
31
835
586
902
422
336
244
926
81
590
166
654
229
12
324
519
429
548
141
100
360
363
818
524
556
826
156
849
526
693
650
666
13
628
571
193
360
610
860
211
486
219
714
678
665
511
632
348
390
156
205
550
924
354
113
89
510
901
373
858
751
905
83
770
695
883
124
360
579
109
515
280
376
364
62
582
764
292
275
266
6
422
864
227
789
673
231
41
701
92
616
701
872
481
513
864
258
724
25
180
364
526
813
297
788
176
830
903
650
924
418
588
719
232
634
144
311
85
513
421
799
702
61
579
599
587
859
186
47
116
89
596
768
568
834
991
662
218
632
567
59
198
109
452
559
339
370
816
537
458
208
623
585
677
891
122
137
546
361
763
716
187
742
374
119
546
281
826
166
630
126
882
996
785
827
726
796
454
196
284
571
146
179
623
749
613
630
938
266
766
573
481
356
589
717
92
674
493
815
158
377
395
997
608
752
97
608
105
599
792
872
426
241
745
999
271
345
800
719
443
477
716
885
249
520
534
479
44
769
189
999
580
947
544
151
291
381
14
997
300
512
949
295
254
607
454
591
925
224
304
795
102
306
891
994
448
355
122
764
152
706
480
763
773
612
101
493
953
407
359
691
547
460
908
580
590
450
221
892
669
586
351
423
631
707
227
439
727
204
267
403
480
975
715
407
302
133
477
150
534
83
469
424
526
959
443
901
179
325
221
742
580
201
395
717
426
33
937
979
753
6
452
107
848
730
571
467
608
840
545
148
566
396
107
352
275
938
886
325
192
183
691
228
526
96
377
753
827
625
593
67
582
337
321
666
750
240
475
467
125
165
904
896
877
131
409
706
987
108
705
780
975
780
517
245
79
148
674
876
532
111
609
381
905
553
213
839
856
9
538
658
849
386
215
49
674
139
686
896
147
967
348
603
276
272
71
81
514
309
858
838
30
508
45
697
760
337
363
81
268
448
817
814
243
827
384
439
822
311
279
892
827
730
394
555
870
444
147
619
787
157
23
1
971
114
349
600
28
375
557
336
279
462
943
92
570
112
616
32
605
598
253
920
330
80
197
274
807
227
524
967
87
323
124
636
37
185
73
327
993
384
434
391
916
676
737
663
199
218
460
783
712
84
604
128
16
425
283
454
737
418
742
973
565
55
787
552
691
194
688
360
555
338
140
748
241
181
235
201
436
390
735
378
771
470
311
202
930
702
535
432
32
49
165
341
382
254
511
638
585
782
159
426
337
986
516
701
186
592
563
525
294
683
747
16
110
784
39
785
752
218
681
481
44
702
759
683
412
408
303
346
644
538
628
710
712
3
10
820
914
595
874
415
499
194
220
885
377
929
7
342
21
238
526
999
439
644
632
453
118
703
275
692
441
679
501
822
747
996
8
551
856
351
310
484
784
490
685
495
469
102
41
445
308
766
564
260
670
728
291
35
520
870
223
364
201
438
189
948
252
107
774
190
291
78
51
874
135
309
127
119
627
922
114
437
892
644
899
660
497
954
663
645
609
786
282
379
226
932
920
875
581
957
626
807
954
629
693
311
72
358
885
718
850
839
192
601
799
482
667
93
817
958
776
947
510
816
310
735
92
618
750
863
95
860
109
750
975
402
414
185
159
8
519
289
405
277
477
956
960
460
50
658
35
272
55
162
880
499
331
343
509
848
145
156
500
911
666
275
451
461
758
685
516
226
871
152
335
722
357
840
142
317
117
618
370
403
734
823
762
51
955
190
964
713
701
321
784
242
417
534
594
472
681
355
388
370
287
171
829
435
698
822
158
126
300
695
966
531
244
976
998
742
542
698
969
832
460
138
459
6
110
279
813
5
273
512
778
226
224
881
871
991
68
266
548
638
85
469
738
206
966
695
400
312
221
476
24
264
230
805
797
469
139
697
472
623
904
578
863
850
663
49
880
283
367
835
441
655
147
684
191
114
135
401
819
425
172
663
715
733
143
766
706
644
78
922
563
820
566
496
232
310
284
576
669
242
746
551
872
848
954
522
584
764
643
869
310
449
158
355
945
555
196
541
142
287
369
390
858
887
878
522
92
705
907
649
325
792
13
57
646
752
162
811
992
445
441
615
32
644
896
553
53
65
971
73
438
648
712
921
653
999
6
487
510
65
918
995
973
77
772
247
17
954
15
296
539
904
815
682
277
461
886
958
507
817
464
907
909
708
905
993
970
195
475
518
848
229
930
522
304
661
113
517
570
862
42
291
513
685
698
992
112
863
194
447
99
356
126
748
814
144
493
948
417
910
651
527
439
19
588
965
402
654
322
23
770
311
820
957
89
572
769
686
96
834
93
638
372
541
718
514
258
621
708
287
60
545
948
563
725
961
942
907
452
913
63
137
91
924
677
326
971
668
204
558
235
158
542
524
711
180
125
983
468
491
425
786
588
479
294
92
579
181
896
66
836
806
963
839
897
681
74
363
848
65
163
531
786
267
869
26
770
521
520
331
942
575
160
25
758
634
260
489
647
622
647
7
442
720
593
301
790
32
610
157
846
85
392
90
728
381
377
802
589
851
865
78
510
147
842
226
34
973
475
176
91
926
230
910
846
66
893
951
460
286
693
392
257
260
667
856
420
871
418
136
481
96
55
81
371
472
411
493
500
714
704
213
677
164
589
726
174
757
461
7
971
42
883
85
303
822
245
549
719
188
247
900
869
252
465
294
65
768
243
297
789
700
234
995
183
183
529
808
875
157
650
216
153
820
464
185
354
570
736
183
301
457
358
925
142
286
933
210
99
783
413
26
169
216
527
996
449
826
138
694
32
585
464
860
926
182
568
72
549
686
839
369
650
949
936
574
2
838
643
996
895
858
16
290
863
861
793
679
607
718
270
25
887
58
474
583
7
412
784
950
956
1116
1567
2049
2053
2530
2830
3220
3412
3629
3969
4421
4733
4828
4901
4942
5112
5523
5889
6260
6297
6513
6833
7117
7144
7512
7934
7981
8474
8479
8559
8859
9017
9365
9466
9831
10166
10333
10559
10849
10996
11315
11405
11843
11890
12110
12569
12570
12981
13294
13703
13866
14196
14672
14734
15127
15624
16034
16271
16761
16958
17414
17802
18000
18169
18614
19076
19226
19678
20060
20391
20830
20899
20983
21035
21532
21916
22198
22294
22521
22531
23027
23035
23396
23839
23938
24190
24299
24652
24894
25030
25286
25629
25789
26084
26394
26776
26865
26962
27461
27581
27803
27948
28390
28835
29112
29198
29247
29441
29918
30150
30274
30275
30353
30414
30683
31006
31275
31500
31619
31649
31727
32008
32336
32530
32714
33148
33204
33593
33762
33910
34281
34692
35114
35393
35684
35730
36209
36254
36379
36406
36482
36923
37187
37212
37238
37645
37839
38236
38685
39085
39563
39680
39942
40156
40273
40307
40782
41052
41517
41793
42242
42492
42604
42614
43035
43346
43765
44207
44571
45023
45272
45348
45748
46189
46379
46393
46878
47298
47653
47771
48046
48248
48263
48542
49036
49138
49231
49706
50070
50538
50746
51152
51370
51499
51815
52098
52245
52615
53075
53541
53813
53821
54319
54787
54924
55088
55489
55533
55886
56278
56598
56890
57114
57356
57610
57799
58097
58495
58940
58969
59043
59376
59786
60071
60363
60782
61116
61176
61312
61338
61596
61810
61876
62205
62705
62900
63058
63175
63397
63825
63999
64056
64334
64420
64748
64907
65337
65834
65906
66244
66253
66534
66990
66998
67209
67408
67413
67541
67995
68433
68758
68857
69240
69632
69881
70296
70721
70801
70847
71247
71583
71950
72365
72457
72946
73368
73709
73981
74125
74292
74690
74943
75235
75242
75479
75758
75945
76237
76578
76862
77137
77309
77312
77358
77806
78015
78171
78603
78952
78968
79242
79496
79705
79945
80078
80280
80561
80563
80830
80927
80934
80984
81148
81196
81241
81354
81570
81684
82124
82205
82673
82806
83114
83271
83362
83861
84206
84386
84701
85131
85399
85829
85847
85992
86269
86657
87065
87522
87998
88403
88464
88811
89294
89304
89521
89930
90099
90154
90617
91103
91166
91447
91571
92065
92540
92695
92994
93285
93639
93830
94093
94147
94403
94501
94746
95143
95404
95424
95858
95911
96070
96557
96901
97268
97348
97695
97851
98043
98253
98288
98523
98690
98759
99177
99211
99440
99813
100256
100267
100658
100965
101031
101408
101688
102009
102230
102603
102682
102937
103129
103560
103817
103892
104180
104616
104808
105257
105289
105760
105820
106143
106264
106447
106634
106833
106938
107417
107659
107867
108286
108620
108733
109087
109109
109142
109559
110047
110318
110507
110523
110612
110668
111001
111153
111162
111173
111543
111784
111830
112096
112567
112780
113279
113528
113689
114086
114103
114196
114426
114844
115107
115460
115545
115800
116170
116633
116898
117287
117776
118148
118510
118925
119194
119552
119807
120282
120365
120383
120637
121123
121424
121500
121632
121811
121857
121957
121967
122371
122532
122888
122900
123062
123158
123199
123489
123828
124001
124469
124533
124838
124847
124943
125007
125311
125696
125835
126144
126319
126655
126664
127140
127376
127660
127688
127852
128229
128622
128721
129160
129279
129289
129347
129691
130164
130622
130673
131114
131324
131678
132039
132093
132194
132635
133086
133419
133864
134126
134403
134701
134809
134911
134923
135001
135149
135354
135490
135620
135839
135851
136320
136645
136763
137027
137519
137724
138177
138525
138588
138886
139182
139193
139293
139721
140003
140163
140558
140580
140614
140667
140889
141354
141854
142006
142305
142727
142895
143065
143204
143449
143546
143986
144008
144349
144466
144521
144846
144995
145364
145661
145797
146223
146272
146713
147063
147442
147715
147966
148324
148513
148684
149101
149343
149397
149647
150015
150318
150636
151038
151078
151463
151562
151616
151869
152144
152284
152760
152800
152893
153274
153695
153957
154109
154121
154586
154914
155168
155174
155465
155917
155963
156376
156390
156868
157124
157598
158019
158030
158295
158788
158840
158884
159261
159361
159777
160139
160230
160626
160810
161047
161150
161239
161288
161334
161737
162233
162473
162951
163002
163442
163891
163981
164052
164346
164783
164884
165103
165230
165721
165991
166341
166802
167049
167250
167540
168025
168461
168661
168800
169265
169375
169509
169899
170254
170716
170826
171204
171600
171683
171973
172185
172669
172772
172779
172828
173073
173218
173583
173594
173953
174299
174365
174859
175315
175773
176185
176566
176623
177019
177229
177238
177581
177933
178077
178556
178705
179093
179170
179438
179686
180092
180313
180656
181101
181274
181348
181462
181940
182035
182303
182374
182603
182788
183211
183244
183483
183921
184070
184539
184719
185157
185580
185956
186293
186745
187167
187377
187628
188066
188200
188698
189157
189475
189763
189780
189878
189966
190236
190357
190696
191174
191601
191974
192134
192317
192782
193239
193288
193402
193459
193677
193963
194275
194765
194913
195118
195194
195211
195264
195701
196014
196394
196833
197195
197362
197537
197707
197830
198071
198209
198593
198785
198949
199290
199570
199978
200276
200484
200617
201058
201281
201606
201960
202390
202881
203164
203495
203807
204146
204614
204882
205364
205634
205820
206211
206554
206815
207017
207134
207357
207701
208025
208401
208764
209038
209538
209652
209676
209743
210079
210465
210484
210603
210659
210907
211075
211569
211995
212195
212205
212414
212447
212840
213298
213711
214054
214474
214557
214843
214875
215275
215481
215849
216226
216705
217003
217024
217376
217526
217612
217926
218035
218221
218258
218515
218750
218972
219103
219299
219496
219665
219780
219916
220328
220529
220612
220836
220948
221307
221762
222045
222106
222408
222699
223109
223306
223761
224184
224224
224258
224302
224455
224534
224637
224866
225251
225674
226150
226242
226478
226816
227254
227536
227805
228255
228499
228723
228734
228771
228981
229398
229638
229952
230447
230823
230888
230927
231073
231210
231417
231662
231711
231822
232015
232021
232442
232467
232657
232939
233069
233550
234027
234246
234397
234465
234522
234672
234987
235117
235456
235834
235928
235959
236194
236478
236852
237084
237456
237807
238284
238753
239093
239364
239805
240174
240222
240275
240341
240544
240725
240896
241372
241585
242003
242403
242697
243034
243073
243097
243445
243686
244139
244638
244969
245386
245609
245660
245778
245904
245951
246029
246168
246397
246732
246884
246960
247264
247507
247549
247863
248289
248692
249095
249269
249560
249704
249876
249988
250163
250588
251059
251373
251854
251986
252180
252578
252950
252962
253019
253439
253907
254285
254635
254728
254805
254966
255410
255728
256214
256411
256441
256771
256904
257314
257540
257973
258348
258664
258915
259172
259554
259933
260034
260313
260569
260798
261008
261164
261504
261521
261999
262005
262396
262704
262756
263174
263477
263942
264429
264797
264942
265072
265145
265564
265721
265816
265884
266242
266492
266707
267081
267259
267518
267748
267969
268037
268172
268442
268590
268763
269199
269434
269668
269678
270166
270359
270453
270921
271337
271659
271895
272117
272522
272681
273052
273234
273635
273974
274325
274572
274653
274681
274806
275281
275751
276020
276282
276688
277099
277412
277711
277733
278193
278317
278694
279096
279435
279445
279911
280060
280229
280628
280799
280937
280992
281031
281182
281558
281888
282070
282248
282487
282687
283186
283528
283652
283906
284365
284826
285268
285547
285653
285710
285746
286098
286360
286756
287047
287150
287645
287776
287853
288086
288346
288457
288612
288917
289255
289427
289572
290017
290470
290785
291114
291185
291196
291597
292050
292110
292146
292347
292647
293086
293283
293635
293981
294001
294168
294214
294410
294790
295103
295165
295280
295428
295918
296301
296359
296502
296851
297028
297428
297492
297556
297919
298357
298448
298629
298847
299113
299286
299332
299545
300022
300316
300521
300891
301246
301475
301690
301716
301794
301882
302084
302550
302759
302911
303304
303434
303817
303952
304193
304394
304543
305043
305284
305775
306157
306232
306593
306837
307303
307717
308083
308481
308664
308887
308986
309295
309379
309813
309872
310356
310376
310865
311287
311296
311463
311752
311953
312340
312352
312512
313009
313486
313563
313994
314232
314665
315147
315252
315368
315536
315786
316224
316228
316487
316546
316912
317197
317567
318038
318452
318863
319324
319521
319542
319620
319798
319879
320068
320532
320709
321039
321344
321404
321639
321939
321996
322187
322543
322903
323066
323508
323842
324223
324311
324370
324758
325101
325571
325666
325869
326203
326273
326438
326879
327242
327352
327413
327718
328200
328418
328584
328854
329078
329141
329396
329822
330124
330280
330720
331135
331630
331899
331945
332344
332772
333015
333195
333637
333707
334036
334474
334520
334975
335395
335641
335679
335865
335975
336445
336491
336551
336594
336887
337212
337262
337580
337612
338103
338108
338432
338920
339186
339241
339739
340148
340366
340718
341029
341515
341873
342253
342537
342704
342974
343383
343843
343845
344274
344622
344918
345127
345188
345383
345734
346003
346460
346837
347145
347398
347735
347924
347965
348280
348634
349113
349416
349505
349715
349854
350317
350442
350590
350732
350924
351083
351527
351913
352352
352480
352600
352657
353042
353480
353901
353964
354193
354544
354641
354999
355411
355598
356080
356209
356603
356720
356840
357037
357318
357677
357890
358390
358636
358928
359288
359549
360031
360465
360927
361208
361594
361683
362172
362569
362822
363054
363295
363678
364079
364215
364704
365133
365352
365831
366313
366779
366836
366856
367278
367359
367457
367523
367730
368102
368273
368508
368767
369159
369194
369527
369983
370473
370958
371116
371330
371626
372105
372489
372547
372854
373068
373486
373808
374148
374410
374643
375115
375150
375394
375619
375773
376021
376326
376499
376702
377016
377272
377410
377894
378104
378243
378299
378308
378510
378540
378731
378897
379015
379190
379506
379801
379870
379975
380315
380402
380890
381149
381356
381819
382155
382263
382328
382399
382789
383239
383334
383829
383997
384380
384764
385159
385164
385381
385733
385802
385836
385862
386279
386330
386774
386949
387027
387134
387563
387915
388180
388617
389076
389163
389299
389762
390079
390237
390281
390324
390442
390827
391088
391402
391825
392064
392253
392602
392791
392964
393130
393283
393438
393688
394056
394128
394183
394332
394532
394584
394997
395361
395693
395923
395965
396352
396497
396696
396721
396798
397012
397277
397446
397578
397821
398031
398121
398409
398858
399183
399492
399953
400226
400296
400570
400880
401019
401175
401295
401298
401638
402096
402236
402535
402627
403093
403365
403831
404086
404224
404448
404544
404631
404750
405068
405512
405671
406011
406391
406886
407309
407790
407962
408457
408565
408576
408694
409007
409103
409522
409541
409812
409846
410305
410340
410827
411154
411246
411471
411801
411905
412276
412323
412441
412547
413045
413455
413666
413711
414075
414228
414343
414741
414816
415042
415050
415383
415578
415743
415897
416278
416545
416647
417128
417139
417477
417765
417861
417869
418228
418276
418280
418642
418904
419341
419711
419875
420025
420460
420721
420738
420990
421200
421656
421994
422014
422160
422452
422727
422940
423413
423727
423731
424111
424464
424640
424893
425174
425250
425316
425564
425885
426105
426297
426653
426872
427159
427286
427604
427962
428155
428638
428722
429142
429455
429594
429679
429943
430001
430091
430439
430452
430647
430872
431131
431241
431552
431682
432156
432270
432295
432657
432954
433279
433770
433973
434135
434205
434544
434945
435209
435341
435434
435864
436094
436378
436689
437118
437135
437563
437990
438229
438538
438592
438602
438766
438875
439355
439371
439781
439853
440108
440213
440433
440445
440862
441006
441439
441522
441641
441690
441732
441806
442118
442125
442159
442189
442379
442716
443212
443513
443582
443758
444187
444561
444981
445034
445311
445601
445928
446175
446233
446723
446962
447120
447149
447361
447547
447716
448114
448385
448785
448936
449333
449543
449998
450377
450613
450820
450887
450971
451039
451073
451441
451628
451920
452198
452346
452573
452882
453037
453104
453454
453882
454254
454500
454710
454929
455260
455574
455689
455872
456035
456374
456696
456727
456904
457043
457488
457617
458103
458319
458527
458589
458895
458986
459290
459746
459761
460146
460541
461017
461277
461301
461656
461863
461898
462396
462815
462929
463411
463674
464058
464482
464744
465151
465259
465660
465689
465908
466279
466325
466466
466849
467102
467417
467795
468149
468573
468715
468989
469400
469409
469463
469629
470019
470465
470843
470972
471106
471219
471694
471883
471951
472380
472442
472860
473318
473561
473581
473767
474217
474419
474864
474890
475040
475514
475793
476112
476302
476590
476721
477004
477260
477407
477672
477785
477975
478303
478425
478748
479140
479173
479239
479731
479811
480059
480072
480320
480628
480889
481352
481446
481920
482370
482717
483124
483278
483688
483930
484427
484525
484585
484675
484716
484821
485190
485408
485555
485946
486196
486565
486569
486684
486704
487088
487455
487878
488243
488316
488516
488859
489167
489488
489502
489619
489816
489833
490101
490455
490858
491355
491847
492310
492656
492673
492766
493163
493184
493222
493525
493889
494326
494414
494807
495173
495232
495583
495714
495858
496024
496208
496219
496580
496851
497153
497632
497639
497985
498350
498546
499002
499453
499571
499901
500180
500352
500506
500786
500926
500948
501073
501347
501361
501761
502185
502384
502832
503147
503171
503277
503419
503723
504020
504126
504421
504492
504658
504900
505158
505190
505253
505377
505479
505565
505742
505782
506224
506401
506791
507269
507561
507595
507725
508095
508530
508564
508602
508906
509012
509233
509688
510102
510578
510610
510728
511049
511190
511237
511535
511986
512238
512328
512531
512892
513019
513047
513346
513437
513488
513546
513754
514190
514355
514672
514898
515245
515566
516038
516523
516717
517077
517515
517907
517930
518322
518347
518575
518829
519102
519136
519441
519858
520235
520448
520497
520806
521062
521199
521367
521463
521781
521981
522275
522617
522793
522865
523257
523509
523743
524129
524472
524545
524673
524839
524958
525348
525394
525680
525692
526076
526267
526595
527078
527254
527503
527588
527925
528026
528286
528583
528841
528975
529412
529527
529802
530237
530380
530807
530927
531052
531546
531547
531796
531857
531995
532482
532564
532973
533226
533608
533652
533961
534347
534727
535184
535195
535554
535804
536279
536674
536888
537106
537218
537565
538062
538516
538566
538823
539029
539184
539474
539952
540430
540511
540574
540952
541188
541566
541866
542294
542622
542670
542728
542887
543349
543727
543893
543999
544047
544115
544341
544607
544779
544932
545341
545515
545958
546307
546596
546892
547373
547375
547859
548063
548369
548843
549070
549502
549960
550021
550457
550867
550933
551394
551542
551834
552082
552142
552632
552848
552917
553102
553406
553680
554156
554623
554734
555085
555219
555571
555979
556339
556545
556828
557115
557605
557640
558046
558122
558460
558746
558893
559392
559463
559787
560284
560469
560656
560891
561164
561287
561648
562011
562162
562262
562748
562999
563153
563443
563540
563937
564389
564778
564936
564993
565060
565533
565792
566260
566512
566932
567309
567677
567986
568448
568602
568664
568735
569206
569372
569552
569727
569806
570163
570442
570656
570913
571129
571266
571634
571792
571873
571914
572189
572190
572423
572678
573107
573461
573958
574151
574155
574156
574403
574550
575043
575279
575646
575816
576277
576307
576377
576628
576877
576915
577232
577674
577766
577873
578107
578503
578666
578682
578809
578824
578832
579296
579532
579545
579879
580284
580320
580357
580661
581103
581378
581670
581921
582064
582087
582377
582488
582681
582754
582968
583173
583360
583772
584154
584436
584599
584738
584884
584967
585269
585288
585788
585912
586178
586641
586976
587042
587497
587618
588059
588444
588839
589045
589366
589502
589507
589887
589977
590364
590753
590892
591246
591720
592114
592161
592524
592546
592655
592944
593191
593291
593553
593958
594092
594512
594909
595027
595143
595642
595863
595901
595967
595992
596429
596522
596904
596913
597352
597606
597858
598051
598283
598645
599010
599367
599577
599981
600134
600400
600580
600611
601003
601221
601454
601766
601932
602015
602056
602405
602782
602961
603322
603602
604050
604053
604186
604211
604669
604840
605169
605438
605676
605867
606234
606569
606705
606897
607369
607743
607765
607917
608145
608247
608379
608648
608867
609289
609604
609913
609996
610255
610465
610710
610783
611196
611386
611641
611982
612093
612368
612462
612485
612895
613128
613496
613597
613892
614044
614362
614424
614908
615362
615638
616052
616511
616957
617209
617620
617691
617896
618115
618462
618601
618828
618866
619101
619403
619537
619591
619666
620045
620265
620422
620782
620983
621278
621602
621836
621848
622110
622187
622286
622539
622611
622873
623178
623277
623746
624066
624094
624386
624847
625075
625572
625697
626068
626535
626874
626942
627098
627171
627638
627983
628006
628177
628338
628715
629203
629520
629770
629773
629781
630214
630399
630792
630884
631135
631265
631344
631514
631965
632158
632590
633084
633266
633643
634114
634368
634587
634750
635160
635290
635425
635639
635841
635853
636171
636623
636904
637120
637430
637514
637839
638191
638538
638938
639405
639733
639736
640204
640255
640600
640665
641047
641539
641957
642317
642477
642606
643080
643268
643705
643730
643826
643996
644242
644741
645056
645326
645789
646255
646347
646493
646759
647217
647281
647606
647890
648181
648276
648439
648878
649350
649497
649661
650152
650334
650825
651201
651553
651866
652330
652645
652925
653163
653557
653897
654150
654554
654954
655245
655503
655928
656178
656552
656891
657111
657154
657546
658024
658118
658197
658321
658433
658726
658828
659318
659777
659955
660427
660619
661110
661367
661517
661866
662152
662218
662560
662686
662896
663280
663690
663817
663917
664065
664438
664714
664924
664986
665467
665678
665855
665892
665908
666101
666568
666902
667030
667225
667718
667833
668186
668300
668749
669140
669485
669705
669720
670189
670515
671011
671355
671596
671892
672061
672157
672351
672431
672466
672840
672966
673129
673342
673550
673727
673790
673820
674250
674378
674670
675168
675363
675793
675843
676064
676563
676672
676974
677461
677521
677736
677926
678393
678472
678907
679252
679623
680121
680139
680476
680497
680796
680935
680960
680977
681100
681102
681525
681982
682187
682224
682405
682664
683101
683449
683531
683745
684146
684210
684521
684740
684905
685325
685487
685496
685921
686129
686592
687004
687052
687314
687698
688127
688314
688372
688435
688564
689062
689149
689629
690081
690213
690474
690736
690809
690926
691337
691824
692203
692678
692679
693151
693470
693652
694103
694183
694678
694734
695097
695568
696013
696303
696538
696552
696627
696646
697029
697362
697525
698018
698279
698576
698589
698936
699064
699479
699918
700151
700304
700352
700683
701083
701285
701636
701928
702366
702470
702578
702632
703083
703304
703692
704189
704562
705058
705141
705331
705782
705833
706262
706415
706849
706946
707104
707263
707467
707602
708063
708531
708605
708863
709016
709510
709747
709755
710081
710209
710406
710619
710858
710862
711238
711296
711332
711435
711650
711786
711821
712165
712450
712809
712829
712851
713085
713542
713890
714006
714333
714816
715262
715276
715609
716008
716425
716909
717210
717277
717774
717858
718261
718711
719134
719340
719763
719986
720478
720968
721079
721094
721291
721398
721890
722077
722506
722594
723040
723462
723499
723911
724360
724558
725000
725017
725112
725535
725933
726258
726374
726564
726677
726915
727341
727829
728080
728110
728584
728840
729080
729323
729723
729804
730031
730361
730756
731239
731466
731523
731629
732040
732231
732436
732437
732575
732722
732881
733221
733504
733979
734445
734798
735004
735162
735566
735962
736073
736194
736605
736768
736903
737129
737425
737455
737506
737756
738075
738354
738659
738941
739255
739461
739500
739935
740405
740613
740931
741338
741737
742159
742595
742792
742811
743038
743497
743556
743667
743750
744246
744582
744924
745197
745591
745684
745973
746252
746587
746597
746766
746813
747103
747285
747762
747988
748189
748234
748688
748723
748958
749374
749387
749880
749973
750155
750444
750852
751214
751330
751442
751489
751757
752191
752455
752925
752944
752957
753295
753367
753499
753666
753913
754074
754466
754702
754779
755111
755564
755614
755943
756342
756453
756596
757008
757309
757635
757711
758139
758182
758474
758785
759256
759628
760086
760530
760677
760742
760878
761108
761462
761529
761876
762117
762568
762960
763310
763750
763902
764197
764503
764682
764989
765016
765096
765541
765664
766108
766496
766594
766950
767374
767569
767705
767795
768173
768247
768250
768420
768821
768828
769147
769352
769627
769992
770147
770332
770546
770623
770695
771016
771510
771584
771857
771871
771935
772119
772470
772606
772808
772914
773331
773420
773703
773966
774188
774287
774455
774488
774738
774936
775173
775388
775727
776025
776217
776548
776585
776728
776837
777222
777509
777643
777754
777997
778284
778343
778796
778871
779214
779596
779644
779976
780276
780544
780597
780943
781110
781267
781556
781915
782175
782640
783007
783506
783950
784007
784421
784910
784953
785233
785485
785658
785893
785994
786148
786414
786658
786789
786816
787042
787236
787513
787567
787701
787859
787982
788473
788526
788899
788919
788994
789183
789297
789710
790056
790511
790953
791078
791483
791959
791973
792320
792356
792606
793105
793289
793434
793819
793939
794224
794512
794627
794810
794938
795168
795503
795650
795766
795791
795933
796233
796727
797003
797066
797211
797533
797943
798158
798320
798583
798818
799192
799524
799531
799712
799761
800146
800601
801060
801464
801901
802043
802384
802516
802881
802983
803103
803479
803651
804000
804294
804440
804732
805006
805465
805892
806152
806433
806703
806908
807027
807064
807095
807263
807689
807829
808135
808322
808606
808701
808774
809159
809614
809882
810048
810375
810660
810700
811067
811518
811656
811994
812125
812607
812749
812758
813185
813323
813705
813808
814054
814112
814324
814470
814641
814962
815201
815536
815770
815793
815940
816295
816522
816737
817103
817181
817193
817273
817672
818113
818200
818324
818492
818838
819286
819747
819819
819875
820055
820275
820627
820882
821081
821363
821703
821732
821827
822029
822107
822465
822887
823338
823765
824071
824146
824217
824543
824718
824934
825304
825414
825731
826120
826351
826545
826848
827199
827626
827670
828133
828308
828387
828641
828783
828972
829266
829529
829680
830125
830554
830576
830673
830886
831273
831548
831774
832222
832448
832484
832704
832725
832805
833222
833360
833722
833740
833920
834358
834635
835068
835359
835513
835793
835858
836232
836674
837081
837331
837687
837773
837975
838337
838833
839307
839327
839677
840003
840260
840704
841026
841453
841873
841965
842198
842593
843066
843380
843711
844033
844200
844389
844869
844910
845173
845626
845891
846141
846557
846910
847067
847316
847527
847811
847965
848327
848817
849033
849490
849693
850155
850551
850798
850947
851039
851125
851129
851167
851538
851808
851897
851907
852374
852699
852833
853301
853305
853781
854269
854645
854877
855184
855431
855818
856287
856455
856622
856983
857461
857752
857796
857823
858195
858494
858840
859159
859488
859517
859771
859791
859808
859967
860322
860715
861022
861424
861899
862330
862793
863143
863237
863390
863706
864140
864580
864663
864928
864956
865239
865559
865958
866111
866264
866655
866706
867100
867307
867560
867929
868148
868341
868549
868651
868804
869073
869517
869780
869885
870170
870482
870563
870872
870920
871267
871490
871724
872085
872544
872627
873123
873367
873374
873380
873545
873879
873931
874373
874405
874762
874994
875051
875255
875431
875792
875912
876373
876456
876745
877168
877437
877826
877991
878435
878493
878913
878944
879420
879456
879623
880114
880168
880460
880626
880788
881179
881203
881545
881552
881715
882008
882015
882399
882649
882748
882965
883179
883466
883835
884112
884521
884920
885406
885704
885826
886098
886436
886570
886787
887056
887395
887431
887557
887883
888325
888626
888820
888823
889071
889112
889215
889504
889752
890122
890258
890618
891089
891536
891951
891997
892046
892485
892748
892918
893112
893392
893767
893807
893961
894119
894172
894251
894394
894405
894653
894852
895083
895483
895498
895877
895932
896048
896328
896435
896742
897120
897275
897733
898224
898460
898500
898739
899213
899262
899571
899944
900323
900610
900689
900933
901260
901687
901976
902199
902425
902771
903162
903492
903890
904061
904456
904808
905033
905505
905780
906266
906570
906825
907226
907458
907736
907887
908164
908210
908481
908871
909223
909280
909448
909670
909833
910231
910492
910982
911221
911243
911605
911688
912188
912489
912850
913300
913734
914101
914341
914626
915029
915345
915373
915398
915565
915600
915704
915984
916022
916244
916382
916741
916859
916901
917164
917468
917506
917808
918141
918407
918754
919235
919404
919574
919653
920022
920522
920840
920923
921175
921510
921605
921903
922334
922588
922827
923064
923109
923569
923753
923868
924000
924472
924892
925327
925331
925395
925662
925931
926255
926349
926744
927109
927420
927676
928146
928453
928502
928536
928851
929031
929074
929095
929474
929738
929927
930333
930582
930980
931288
931650
932085
932187
932344
932564
933033
933150
933323
933528
933944
933964
934110
934197
934341
934351
934795
934927
935066
935530
935732
935776
935778
935913
936013
936129
936465
936631
936984
937124
937510
937951
937983
938161
938269
938695
938859
939002
939213
939590
939739
940116
940541
940819
940895
941100
941404
941409
941870
942154
942477
942519
943008
943308
943442
943631
943742
944153
944516
944601
944611
945018
945094
945171
945600
945681
945802
946028
946506
946664
947083
947458
947757
948040
948129
948482
948778
948967
949370
949855
950212
950454
950692
950831
950981
951188
951233
951566
951829
951962
952282
952651
952856
953234
953490
953923
953926
953932
954044
954390
954713
955039
955308
955610
955980
956033
956066
956490
956560
956749
957015
957352
957728
958070
958373
958440
958632
958921
959206
959660
960072
960318
960482
960590
960731
960877
961374
961838
962053
962319
962360
962539
962648
962800
963172
963289
963493
963559
963571
964000
964234
964249
964648
964751
965133
965437
965933
966028
966132
966326
966468
966704
967098
967517
967856
967911
968331
968442
968475
968754
969182
969388
969866
970053
970348
970766
971018
971032
971074
971446
971555
971928
972125
972334
972789
972885
973318
973382
973713
974176
974613
974704
974718
974873
975362
975428
975907
976179
976247
976724
976735
976917
976948
976978
977202
977594
977867
977910
978009
978124
978271
978686
978829
979161
979353
979601
979607
979926
980270
980651
981137
981271
981393
981447
981645
982036
982517
982852
983021
983453
983767
983796
984019
984095
984440
984470
984787
985203
985330
985452
985802
986128
986323
986589
986771
987118
987185
987492
987760
988150
988173
988632
989058
989273
989330
989418
989662
990121
990419
990617
990809
991173
991510
991872
992061
992191
992554
992662
993123
993324
993368
993663
994039
994267
994391
994482
994511
995010
995466
995892
996270
996311
996791
996962
997041
997496
997817
997951
998001
998376
998869
999267
999465
999902
1000187
1000480
1000745
1000959
1001275
1001400
1001625
1001820
1001914
1002045
1002507
1002929
1002997
1003291
1003619
1003860
1004010
1004452
1004922
1005206
1005621
1006043
1006325
1006661
1007148
1007276
1007483
1007787
1007901
1008286
1008715
1009125
1009511
1009760
1010171
1010389
1010525
1010881
1010990
1011337
1011715
1011858
1012211
1012288
1012672
1013111
1013200
1013386
1013561
1014056
1014171
1014368
1014380
1014657
1014744
1014929
1015298
1015538
1015655
1015978
1016017
1016114
1016236
1016373
1016569
1016778
1016786
1017086
1017140
1017360
1017473
1017720
1017859
1018268
1018693
1018748
1019078
1019162
1019367
1019778
1020130
1020434
1020447
1020819
1020989
1021194
1021212
1021286
1021414
1021768
1022184
1022588
1023045
1023277
1023683
1024092
1024435
1024846
1024968
1025093
1025519
1025737
1026210
1026594
1027073
1027210
1027212
1027273
1027460
1027872
1028048
1028333
1028639
1028725
1029021
1029285
1029740
1029790
1029932
1030314
1030416
1030531
1030720
1031130
1031353
1031513
1031547
1031575
1032000
1032008
1032306
1032708
1033041
1033091
1033222
1033448
1033592
1034027
1034146
1034462
1034898
1035248
1035453
1035478
1035956
1036010
1036292
1036496
1036654
1037138
1037630
1037822
1038255
1038624
1038707
1038809
1038870
1039326
1039787
1039905
1039924
1040153
1040332
1040466
1040642
1040720
1040903
1041326
1041796
1041997
1042068
1042430
1042701
1043058
1043369
1043750
1044247
1044558
1044821
1044868
1045245
1045628
1045986
1046293
1046405
1046728
1047169
1047331
1047574
1047695
1047815
1048008
1048256
1048375
1048574
1048969
1049141
1049279
1049774
1050252
1050447
1050912
1051178
1051371
1051852
1052303
1052350
1052699
1053046
1053273
1053451
1053768
1053873
1053926
1054356
1054472
1054956
1055246
1055520
1055558
1055753
1056058
1056133
1056431
1056901
1057252
1057324
1057793
1058272
1058444
1058794
1058963
1059002
1059438
1059603
1059795
1059839
1060001
1060341
1060559
1060593
1061068
1061511
1061521
1061640
1062078
1062245
1062442
1062557
1062798
1063054
1063149
1063163
1063548
1064022
1064366
1064563
1064954
1065394
1065533
1065676
1065951
1066249
1066251
1066356
1066819
1066831
1067205
1067525
1067959
1068399
1068640
1068853
1068957
1069118
1069614
1069996
1070384
1070596
1070643
1070861
1070911
1071389
1071611
1072000
1072003
1072253
1072346
1072479
1072596
1072701
1072986
1073085
1073563
1073679
1073878
1074127
1074613
1075093
1075523
1075905
1076281
1076298
1076541
1076586
1076784
1076798
1076904
1077039
1077115
1077295
1077540
1077745
1077892
1078064
1078418
1078701
1078824
1078988
1079295
1079701
1079851
1080161
1080286
1080709
1081125
1081145
1081275
1081487
1081751
1081890
1081903
1082310
1082743
1082854
1083342
1083493
1083743
1083878
1084306
1084765
1085183
1085581
1085983
1086282
1086345
1086665
1086812
1087169
1087496
1087695
1087793
1087813
1088068
1088397
1088852
1089328
1089406
1089821
1090003
1090057
1090360
1090634
1091112
1091369
1091527
1091615
1092022
1092490
1092852
1093214
1093349
1093643
1093776
1094092
1094499
1094878
1095074
1095430
1095730
1096216
1096683
1097131
1097239
1097367
1097761
1098141
1098603
1098651
1098766
1099041
1099209
1099699
1100174
1100338
1100449
1100798
1101210
1101549
1101873
1102142
1102308
1102641
1102844
1102945
1103396
1103705
1103893
1104258
1104649
1104878
1105361
1105850
1106249
1106307
1106497
1106577
1107002
1107488
1107579
1107771
1108062
1108162
1108501
1108540
1108700
1109021
1109411
1109487
1109665
1110054
1110115
1110588
1110751
1111016
1111066
1111183
1111511
1111982
1112261
1112423
1112424
1112776
1112944
1113308
1113707
1113942
1113950
1114415
1114705
1114813
1114977
1115023
1115057
1115281
1115683
1115833
1116322
1116599
1116962
1117429
1117634
1117982
1118448
1118574
1118603
1118810
1118880
1119115
1119284
1119775
1120188
1120377
1120715
1120997
1121488
1121627
1122044
1122451
1122788
1123283
1123591
1123677
1124139
1124217
1124260
1124675
1125098
1125549
1125610
1125663
1125840
1125958
1126155
1126544
1126653
1126980
1127409
1127622
1127654
1127715
1127952
1128297
1128731
1129068
1129189
1129551
1129900
1129931
1130133
1130334
1130419
1130798
1130884
1130943
1131203
1131362
1131640
1131835
1132160
1132361
1132836
1133221
1133570
1133963
1134160
1134563
1134839
1134995
1135008
1135084
1135527
1135680
1135804
1136068
1136228
1136616
1136833
1137274
1137381
1137400
1137451
1137471
1137614
1137963
1137988
1138010
1138336
1138343
1138519
1138550
1138652
1138945
1139092
1139563
1139984
1140354
1140530
1140703
1141164
1141460
1141502
1141780
1141857
1142143
1142382
1142804
1142961
1142974
1143430
1143721
1143975
1144471
1144796
1145159
1145202
1145372
1145828
1146310
1146584
1146966
1147089
1147581
1147963
1148450
1148855
1148887
1149103
1149340
1149738
1150160
1150528
1150890
1151297
1151598
1151773
1151882
1152101
1152113
1152116
1152248
1152449
1152641
1152796
1152917
1152959
1153061
1153181
1153464
1153777
1153780
1154015
1154510
1155005
1155055
1155259
1155619
1155946
1155973
1156317
1156610
1156850
1157191
1157362
1157505
1157775
1157869
1158307
1158756
1158900
1158994
1159033
1159470
1159502
1159836
1160300
1160753
1160899
1161278
1161586
1161673
1161696
1161811
1162136
1162569
1162899
1163181
1163247
1163720
1163745
1164078
1164562
1165022
1165346
1165411
1165518
1165858
1166018
1166473
1166874
1167157
1167650
1167968
1168166
1168375
1168670
1168734
1168795
1168829
1169175
1169214
1169435
1169530
1169707
1170025
1170305
1170679
1171170
1171457
1171527
1171593
1171694
1171894
1172031
1172279
1172361
1172823
1173317
1173456
1173725
1173899
1174061
1174279
1174493
1174752
1175121
1175188
1175438
1175915
1175959
1176063
1176103
1176120
1176154
1176301
1176526
1176599
1176996
1177241
1177265
1177445
1177920
1178152
1178250
1178285
1178449
1178695
1178961
1178995
1179064
1179132
1179326
1179386
1179669
1179743
1180143
1180526
1180831
1181292
1181445
1181466
1181887
1181934
1182356
1182659
1183114
1183474
1183573
1183861
1183868
1184357
1184719
1184785
1184922
1185310
1185592
1186017
1186091
1186105
1186224
1186558
1186794
1186870
1187368
1187671
1187846
1187907
1188202
1188593
1188759
1189115
1189393
1189486
1189911
1190127
1190621
1190787
1191206
1191270
1191379
1191572
1191616
1192043
1192288
1192696
1193137
1193442
1193605
1193876
1194093
1194320
1194796
1195116
1195302
1195473
1195807
1196013
1196434
1196891
1197363
1197789
1198048
1198126
1198450
1198666
1199014
1199128
1199611
1199765
1199863
1200211
1200387
1200591
1200601
1200793
1201241
1201417
1201698
1202036
1202194
1202533
1202700
1202755
1202942
1203195
1203650
1204064
1204365
1204438
1204589
1205082
1205478
1205479
1205938
1206073
1206400
1206438
1206653
1206680
1206916
1207052
1207467
1207554
1207837
1208043
1208115
1208434
1208808
1208930
1209294
1209581
1209886
1210193
1210260
1210265
1210648
1210869
1211026
1211452
1211681
1212048
1212440
1212540
1212585
1212636
1212840
1212882
1213337
1213597
1213767
1214236
1214288
1214676
1215031
1215157
1215561
1216032
1216271
1216647
1216811
1217236
1217437
1217636
1217692
1218057
1218199
1218322
1218550
1218911
1218987
1219308
1219311
1219796
1220017
1220133
1220460
1220900
1221294
1221609
1221833
1221887
1222145
1222560
1222785
1223241
1223547
1223551
1223697
1224074
1224133
1224408
1224807
1225252
1225387
1225739
1226083
1226558
1226730
1227149
1227206
1227581
1227768
1227963
1228147
1228492
1228880
1228944
1229284
1229619
1230084
1230268
1230470
1230696
1231158
1231545
1231615
1231765
1232024
1232512
1232669
1232956
1233166
1233622
1234118
1234300
1234643
1234923
1235035
1235303
1235503
1235760
1235765
1236255
1236546
1236802
1236967
1237189
1237600
1238070
1238513
1238990
1239277
1239534
1239928
1240019
1240076
1240459
1240484
1240908
1241083
1241107
1241517
1241585
1241586
1241773
1241834
1242032
1242489
1242738
1243070
1243545
1243807
1244263
1244723
1244902
1244933
1245402
1245406
1245842
1245931
1246334
1246392
1246829
1246900
1247207
1247459
1247572
1247871
1248286
1248636
1248861
1249177
1249346
1249475
1249639
1249644
1249845
1250190
1250404
1250546
1250936
1251190
1251676
1251830
1252325
1252772
1253163
1253634
1253969
1254288
1254312
1254484
1254933
1255298
1255515
1255921
1256155
1256223
1256654
1257037
1257333
1257726
1257910
1258166
1258168
1258633
1258762
1258875
1259020
1259481
1259522
1259807
1260105
1260301
1260491
1260791
1260997
1261011
1261494
1261633
1261902
1262106
1262502
1262983
1263466
1263682
1263869
1263919
1264223
1264294
1264375
1264379
1264618
1264983
1265358
1265804
1266003
1266137
1266315
1266605
1266927
1267013
1267458
1267483
1267929
1268270
1268513
1268988
1269093
1269581
1269966
1270252
1270675
1270981
1271234
1271254
1271323
1271565
1271836
1271941
1272078
1272209
1272562
1273040
1273456
1273527
1273538
1273850
1274306
1274337
1274737
1275014
1275026
1275091
1275283
1275653
1275892
1275937
1276108
1276130
1276418
1276484
1276714
1277128
1277354
1277656
1277899
1278035
1278041
1278149
1278300
1278489
1278621
1278855
1279116
1279347
1279357
1279495
1279539
1279959
1280397
1280414
1280695
1281124
1281538
1281725
1281765
1281809
1281813
1282132
1282504
1282769
1282951
1283365
1283818
1284267
1284567
1284875
1285071
1285408
1285775
1286065
1286193
1286418
1286694
1286811
1286966
1287363
1287595
1287770
1288025
1288393
1288484
1288955
1289449
1289533
1289757
1290083
1290121
1290616
1290771
1290855
1291069
1291488
1291625
1292095
1292382
1292774
1292883
1292930
1292996
1293090
1293226
1293705
1293732
1293998
1294400
1294473
1294731
1294804
1295078
1295475
1295667
1295847
1295886
1296045
1296233
1296583
1296973
1297354
1297721
1297788
1298021
1298339
1298832
1298909
1298939
1299187
1299282
1299432
1299701
1299946
1299974
1300330
1300713
1301105
1301208
1301367
1301528
1301677
1302023
1302288
1302472
1302862
1303134
1303542
1303676
1304130
1304406
1304740
1304861
1304969
1305050
1305235
1305582
1305827
1306109
1306456
1306819
1306983
1307299
1307550
1307961
1308019
1308469
1308587
1308973
1309198
1309609
1309655
1310128
1310434
1310881
1311210
1311656
1311782
1311887
1312223
1312555
1312795
1313222
1313373
1313517
1313573
1313800
1314188
1314346
1314639
1315095
1315520
1315521
1316002
1316180
1316619
1317036
1317305
1317413
1317644
1318023
1318408
1318646
1318826
1318892
1319291
1319760
1320064
1320296
1320541
1321020
1321234
1321283
1321631
1321749
1322001
1322086
1322265
1322269
1322306
1322775
1323089
1323586
1323597
1324051
1324346
1324626
1324689
1324969
1325103
1325374
1325782
1325972
1326461
1326610
1326761
1327138
1327183
1327507
1327970
1328180
1328369
1328765
1329237
1329415
1329428
1329507
1329696
1329823
1330232
1330322
1330526
1330957
1331439
1331681
1331701
1332039
1332484
1332922
1332953
1333272
1333335
1333830
1334281
1334427
1334758
1335152
1335539
1335697
1335801
1336255
1336359
1336531
1337011
1337432
1337842
1338067
1338428
1338582
1338757
1339210
1339681
1339707
1340127
1340488
1340830
1341125
1341601
1341898
1342075
1342571
1342608
1342979
1342988
1343449
1343652
1343992
1343993
1344127
1344605
1344933
1345318
1345524
1345879
1346206
1346472
1346814
1347054
1347283
1347682
1347986
1348174
1348363
1348805
1348953
1349404
1349419
1349535
1349744
1350045
1350177
1350215
1350247
1350596
1350994
1351454
1351773
1351901
1352184
1352488
1352785
1353264
1353367
1353584
1354065
1354559
1354887
1355066
1355493
1355646
1355836
1355850
1356283
1356695
1357060
1357261
1357494
1357668
1357921
1358400
1358483
1358649
1358743
1359154
1359399
1359773
1360008
1360326
1360484
1360887
1361048
1361292
1361659
1361916
1362363
1362835
1363059
1363506
1363521
1363988
1364224
1364420
1364736
1365058
1365372
1365862
1366142
1366592
1366738
1366917
1367054
1367488
1367630
1367656
1367692
1368026
1368385
1368548
1368703
1369006
1369395
1369793
1370109
1370218
1370713
1371025
1371403
1371527
1372022
1372334
1372822
1373282
1373624
1374000
1374330
1374676
1374804
1374818
1374821
1374879
1375283
1375530
1375660
1375911
1376237
1376526
1376625
1376773
1377207
1377698
1378159
1378313
1378356
1378708
1379100
1379203
1379642
1380015
1380477
1380598
1380698
1380843
1380978
1381325
1381756
1381989
1382246
1382599
1382961
1383433
1383592
1383689
1384130
1384371
1384826
1385236
1385711
1385775
1386138
1386171
1386303
1386318
1386380
1386864
1386892
1386942
1387311
1387574
1387660
1387767
1388256
1388682
1389086
1389510
1389916
1390369
1390413
1390602
1390915
1391254
1391277
1391437
1391496
1391860
1392048
1392288
1392758
1393061
1393408
1393565
1393977
1394393
1394732
1394896
1395154
1395508
1395660
1395729
1395843
1395982
1396367
1396793
1397015
1397070
1397078
1397429
1397912
1397913
1398281
1398400
1398489
1398764
1399054
1399083
1399558
1399661
1399878
1400206
1400452
1400483
1400491
1400540
1400774
1400995
1401249
1401294
1401442
1401792
1402180
1402203
1402508
1402742
1403177
1403659
1403705
1403817
1404096
1404340
1404552
1404671
1405036
1405453
1405823
1406104
1406411
1406888
1407129
1407615
1407639
1408011
1408019
1408136
1408491
1408756
1408987
1409070
1409316
1409587
1409824
1410064
1410430
1410515
1410540
1410574
1410659
1411106
1411336
1411400
1411721
1412023
1412032
1412189
1412296
1412493
1412755
1413005
1413374
1413692
1414062
1414063
1414438
1414723
1415026
1415329
1415651
1416064
1416306
1416315
1416328
1416368
1416395
1416838
1416936
1417197
1417228
1417501
1417703
1417875
1418296
1418566
1419022
1419516
1419739
1419875
1420155
1420313
1420345
1420697
1421152
1421554
1421671
1421994
1422145
1422419
1422611
1423095
1423350
1423379
1423522
1423804
1423851
1424262
1424615
1424865
1425178
1425552
1425923
1426288
1426738
1427138
1427169
1427440
1427605
1428071
1428234
1428708
1428847
1429083
1429261
1429761
1429954
1430319
1430746
1431014
1431217
1431289
1431318
1431723
1431880
1432129
1432177
1432212
1432493
1432496
1432814
1433068
1433272
1433490
1433573
1433666
1434121
1434265
1434740
1434880
1435068
1435391
1435800
1436239
1436245
1436390
1436686
1436982
1437294
1437493
1437761
1438251
1438621
1439112
1439245
1439715
1440038
1440312
1440474
1440779
1441209
1441497
1441694
1442042
1442504
1442905
1443337
1443352
1443559
1443788
1443826
1444119
1444325
1444748
1445212
1445554
1445693
1445995
1446283
1446570
1446933
1447371
1447809
1447913
1448090
1448160
1448407
1448515
1448806
1449041
1449042
1449055
1449276
1449472
1449522
1449606
1449715
1450140
1450474
1450739
1450972
1451399
1451711
1452053
1452489
1452895
1453074
1453533
1453756
1454070
1454478
1454741
1454895
1455048
1455252
1455311
1455650
1455952
1456025
1456049
1456253
1456393
1456718
1456732
1457122
1457219
1457558
1457828
1458045
1458216
1458632
1459011
1459087
1459386
1459872
1460143
1460471
1460793
1460798
1461165
1461502
1461769
1462226
1462641
1462784
1463043
1463149
1463242
1463454
1463882
1464084
1464243
1464428
1464547
1464549
1465048
1465543
1465612
1465632
1466085
1466445
1466652
1466966
1467052
1467462
1467864
1468295
1468345
1468817
1468881
1469156
1469334
1469657
1469926
1469986
1470394
1470586
1470966
1471267
1471714
1471760
1472019
1472309
1472562
1472628
1472890
1473180
1473281
1473376
1473810
1473836
1474303
1474736
1475061
1475365
1475719
1475839
1476199
1476551
1476707
1477012
1477507
1477714
1477807
1478010
1478362
1478661
1478929
1479149
1479439
1479673
1479859
1480235
1480660
1480885
1481142
1481415
1481462
1481554
1481928
1482086
1482277
1482384
1482561
1482669
1482939
1483179
1483676
1484028
1484237
1484613
1485111
1485489
1485884
1486195
1486650
1486881
1487038
1487086
1487511
1487810
1487839
1488219
1488528
1488904
1489140
1489455
1489465
1489541
1489664
1490042
1490055
1490131
1490152
1490470
1490526
1490691
1490744
1490891
1491023
1491214
1491495
1491581
1491894
1492326
1492401
1492441
1492754
1493087
1493337
1493831
1494167
1494363
1494476
1494562
1495051
1495335
1495405
1495515
1495732
1496088
1496441
1496815
1497021
1497068
1497418
1497607
1497913
1498073
1498569
1498871
1498975
1499230
1499271
1499616
1499987
1500084
1500282
1500451
1500632
1500726
1500765
1501022
1501276
1501294
1501703
1501748
1501970
1502141
1502433
1502459
1502533
1502655
1502785
1503088
1503580
1503718
1504035
1504082
1504228
1504454
1504483
1504695
1505152
1505357
1505781
1506250
