La primera linea indica la cantidad de minutos a considerar (n). Luego vienen n lineas que corresponden a los x_i, y luego los n valores que corresponden a la funcion f(.):
7000
471
611
150
356
752
452
239
915
393
528
27
572
238
96
209
679
912
648
118
453
176
506
311
61
250
817
105
404
152
270
446
124
267
141
841
903
143
883
456
584
496
276
393
238
826
814
783
314
115
803
386
449
924
337
276
771
791
593
123
760
504
581
607
517
126
889
478
44
326
732
598
691
69
599
204
164
383
69
246
396
96
464
295
472
563
632
734
625
490
899
26
772
482
470
930
196
943
630
201
44
759
239
409
959
393
853
301
537
380
915
296
897
829
939
255
891
459
946
382
471
177
323
631
889
997
873
968
594
907
105
134
606
546
151
487
273
577
473
703
790
608
469
999
680
517
547
184
687
992
724
726
266
218
893
325
723
482
38
987
525
544
985
299
469
133
496
379
709
408
943
406
346
734
979
428
30
229
977
936
419
774
343
794
622
243
155
344
202
66
215
996
677
467
662
588
289
850
148
502
421
361
369
117
138
852
111
622
850
520
363
377
911
548
79
701
548
836
395
150
184
899
32
239
289
801
463
978
796
360
514
878
334
107
555
897
750
71
933
103
651
462
26
739
729
489
686
28
327
262
272
578
812
3
501
344
975
895
322
682
237
796
34
978
229
760
579
576
873
607
731
631
287
317
299
600
601
996
78
629
885
630
31
383
302
58
740
41
804
35
445
735
498
400
430
639
519
524
504
986
36
211
462
242
761
576
422
490
188
757
175
795
73
27
612
196
227
102
68
246
338
904
950
168
601
177
936
894
758
193
127
952
492
728
335
367
94
72
903
588
417
538
171
7
987
181
215
41
454
362
611
835
541
76
156
126
626
990
777
229
721
904
80
668
320
756
432
120
361
562
349
167
619
632
865
816
629
726
305
123
53
405
42
213
54
831
672
9
106
610
384
29
125
558
298
885
446
747
501
253
941
247
306
612
31
376
517
407
614
325
476
549
846
76
221
940
289
132
280
949
47
396
464
737
440
413
287
811
396
998
106
146
532
985
167
684
73
805
104
676
398
421
754
871
253
777
53
914
869
579
111
184
803
917
176
861
108
561
993
139
59
527
928
197
483
89
568
370
44
495
89
223
373
366
798
531
469
91
984
230
172
987
292
174
552
281
345
825
84
22
626
946
397
200
578
497
88
56
140
940
507
957
463
875
770
331
166
981
294
200
960
238
717
532
313
841
256
383
961
18
743
978
43
123
560
80
794
739
675
314
43
567
607
794
311
966
227
700
391
35
993
983
426
804
345
512
121
798
608
362
539
583
408
58
874
585
716
86
594
873
998
651
224
911
746
955
718
157
217
751
948
471
523
113
825
346
257
366
615
341
56
629
387
144
948
364
565
560
477
307
998
545
810
893
518
391
675
554
812
82
259
124
62
205
712
459
194
132
808
390
912
906
814
889
81
177
534
150
549
987
649
708
168
149
465
613
62
524
584
9
386
270
137
27
566
506
769
8
733
379
594
931
263
197
408
827
110
289
525
494
78
21
158
105
648
585
731
429
795
173
723
161
8
993
275
815
632
826
778
685
539
327
447
19
337
365
354
37
611
86
352
695
642
623
806
422
19
625
641
994
143
510
525
59
587
463
203
16
517
730
484
375
397
275
593
459
188
412
244
355
33
783
404
263
804
410
95
199
660
116
457
464
5
458
742
621
334
212
570
194
61
580
360
26
974
386
201
849
861
655
78
313
738
474
207
239
356
649
102
181
468
56
793
958
312
60
113
586
779
332
940
715
28
884
185
746
577
388
805
529
890
878
478
402
656
458
903
674
124
675
494
570
805
328
613
37
539
86
556
264
717
689
390
414
919
236
504
66
758
639
253
926
59
315
367
338
122
2
380
994
934
289
297
928
21
34
165
333
604
72
382
894
345
376
796
153
691
164
151
853
449
121
385
442
819
744
463
695
168
369
530
51
429
820
807
950
811
870
849
262
193
934
67
743
99
943
260
944
797
288
264
267
761
611
245
407
494
495
168
190
281
641
999
73
992
911
161
878
524
398
969
59
792
784
461
902
654
712
772
19
49
947
873
933
783
620
180
234
946
586
804
791
317
726
747
672
602
421
983
618
934
661
908
300
301
770
406
544
304
493
236
708
329
779
21
914
297
502
681
594
68
589
141
840
568
787
349
107
328
387
528
890
479
494
592
380
418
796
778
477
726
272
61
571
731
798
870
98
983
972
961
765
748
853
844
1
680
476
7
662
303
713
539
29
389
948
24
210
46
380
921
645
655
419
342
793
766
560
794
46
356
95
329
57
645
495
508
754
629
20
460
392
171
652
725
830
625
349
776
823
329
112
930
117
837
920
601
738
749
4
444
426
857
20
49
944
244
631
870
741
607
799
684
970
167
850
535
195
412
748
609
192
166
198
613
935
498
524
715
293
472
715
236
565
139
880
243
618
575
838
502
384
27
739
755
197
210
965
717
3
401
286
749
205
872
778
338
539
938
299
36
992
396
334
646
935
306
165
546
709
687
729
277
758
430
204
767
896
743
729
771
918
240
317
316
2
41
434
191
617
905
824
755
525
45
890
960
280
669
288
885
50
562
200
520
492
265
651
743
937
853
661
893
758
70
29
833
286
280
66
730
288
694
387
490
903
373
256
990
467
463
706
23
960
588
722
982
231
548
21
372
608
156
308
444
210
795
330
394
436
810
158
120
778
349
60
826
991
97
185
577
407
827
250
259
268
683
16
690
813
521
497
232
24
798
138
622
405
351
839
893
439
749
51
779
552
396
286
302
189
546
182
592
503
579
397
623
997
868
43
615
232
292
708
486
382
998
308
353
797
713
11
415
920
766
417
156
119
685
403
589
763
695
945
937
64
622
299
46
350
87
259
378
753
690
545
121
611
693
71
906
474
715
891
372
313
392
716
249
523
766
673
163
572
557
921
724
17
675
585
329
815
985
879
476
760
391
283
703
381
216
609
605
340
363
958
651
419
565
461
679
650
942
681
587
257
257
757
645
185
904
4
587
823
675
136
184
748
424
359
587
711
299
548
52
400
278
748
14
612
616
844
990
781
78
979
421
454
823
617
700
90
459
945
700
390
691
403
114
909
483
764
367
432
337
614
932
829
992
543
443
723
87
348
175
449
704
713
756
179
871
280
860
469
439
781
14
523
499
79
513
966
654
614
267
406
321
101
556
600
354
483
279
998
192
261
66
412
725
317
797
811
682
926
154
702
896
605
223
444
545
752
204
399
601
352
137
366
804
375
977
882
325
208
945
260
230
714
768
258
625
230
346
831
803
885
984
590
683
240
514
748
446
730
953
462
477
34
434
756
406
443
55
881
162
181
754
946
872
972
297
966
832
979
750
882
590
550
25
371
73
19
148
150
968
193
685
329
34
968
342
287
693
733
551
66
382
9
971
445
934
834
10
892
68
489
937
596
461
220
713
757
343
706
687
738
970
808
914
129
131
535
619
811
38
902
199
814
428
913
601
859
73
388
441
141
525
506
604
503
104
257
335
143
961
810
243
564
278
458
476
574
937
733
16
989
427
209
132
113
319
392
465
433
768
320
688
391
737
656
392
809
181
938
665
464
371
706
671
799
554
233
29
518
522
951
54
554
875
913
249
278
336
819
527
6
83
842
395
171
261
414
7
907
423
116
80
677
884
941
345
145
490
282
392
513
544
670
533
592
655
164
927
323
643
248
87
432
85
552
316
166
936
378
35
225
418
233
832
314
135
422
887
6
467
954
375
633
757
355
669
499
176
659
239
282
889
919
599
86
721
7
798
923
498
536
30
172
148
514
875
952
159
122
648
809
241
876
641
506
137
760
64
329
815
622
733
989
659
503
768
664
416
742
447
945
606
412
195
90
155
708
547
741
285
846
243
6
123
829
3
542
397
349
385
481
621
820
187
181
120
941
915
615
181
150
455
356
82
904
650
421
61
437
268
220
896
412
455
199
412
743
884
648
74
81
529
355
978
697
131
382
869
857
260
628
433
999
979
782
457
604
156
649
344
691
18
647
457
16
921
325
673
596
850
973
91
641
653
13
320
913
954
639
637
588
978
756
413
842
504
958
986
820
999
928
652
818
474
311
954
260
993
404
709
804
327
911
546
507
753
860
83
609
996
744
627
865
175
191
502
155
307
159
766
588
313
360
598
867
781
501
856
229
423
298
798
335
812
876
175
920
519
413
10
300
23
483
579
618
777
462
174
624
882
966
884
280
384
50
987
282
733
461
243
424
321
549
740
757
669
956
325
4
238
986
318
579
394
428
229
127
538
992
759
703
867
852
861
109
778
67
428
148
912
88
283
847
549
77
566
50
803
1
407
456
933
367
251
182
931
491
911
318
456
425
45
100
762
399
392
949
173
552
171
869
304
589
35
267
148
889
701
9
130
400
531
672
294
612
828
604
561
970
909
309
634
98
134
57
29
982
193
723
303
935
127
493
158
49
177
199
887
702
317
434
559
274
111
208
592
709
200
646
912
159
766
367
85
372
970
478
929
387
6
178
70
181
853
410
251
743
209
735
588
133
543
270
184
201
69
140
758
178
483
442
580
890
596
143
981
607
957
408
102
232
165
10
825
51
698
606
139
979
21
522
28
201
897
537
649
732
378
714
701
294
14
608
225
952
862
52
149
320
943
479
533
624
886
251
591
242
219
251
835
148
940
213
957
872
717
916
50
434
31
491
544
341
445
596
906
53
797
42
900
735
934
304
987
901
787
26
108
25
914
483
42
904
686
872
63
591
786
8
673
613
944
803
653
821
585
83
481
393
145
647
318
950
927
602
601
27
502
37
337
738
599
978
534
897
396
363
406
169
909
476
51
389
715
720
171
555
222
881
57
697
68
519
88
868
512
570
287
347
679
741
91
987
90
998
531
444
362
607
946
585
854
724
922
871
228
620
120
886
184
229
549
785
60
394
822
273
446
876
466
640
745
934
487
659
236
955
81
61
938
548
42
481
820
23
231
393
530
827
588
152
891
538
117
857
414
70
981
452
425
669
633
334
542
733
784
917
403
985
599
335
807
355
737
874
238
453
441
229
390
950
790
330
43
513
346
342
677
899
32
999
57
423
455
220
67
647
662
753
931
67
611
488
49
172
95
257
58
769
807
992
238
937
103
207
596
700
189
675
222
554
78
272
51
686
830
924
79
799
154
369
30
706
863
769
585
275
658
616
582
663
997
624
754
952
806
200
226
450
226
662
121
41
521
990
65
134
644
540
248
804
42
472
860
681
254
517
516
865
770
678
329
805
930
561
204
935
857
294
474
580
802
919
844
222
892
652
939
129
836
209
842
346
340
264
551
355
433
254
985
302
918
648
911
831
717
139
121
797
47
72
271
464
536
288
34
486
859
764
966
441
398
74
1
854
455
908
301
461
718
918
496
501
853
80
411
307
577
571
718
48
855
653
372
39
442
75
232
755
597
433
141
302
635
577
973
936
385
175
445
623
957
899
281
736
481
831
232
555
560
182
447
950
876
878
545
84
9
527
739
441
784
808
209
752
230
916
855
923
970
995
578
494
75
571
704
755
298
766
252
494
768
922
638
796
380
853
540
755
149
896
400
673
365
509
498
74
425
539
857
393
416
257
938
729
636
427
363
309
142
13
703
599
471
547
924
230
874
770
970
171
709
937
57
335
425
973
727
361
663
190
867
664
886
78
691
990
992
356
567
376
725
183
849
760
141
78
186
441
185
201
323
549
998
70
440
995
692
370
236
349
175
111
270
598
344
857
335
319
916
656
137
876
374
591
447
632
262
792
355
3
346
363
91
255
146
440
265
992
296
657
173
981
999
169
326
300
335
743
237
768
840
274
373
265
101
827
832
142
446
596
634
192
644
607
794
17
598
846
615
679
962
803
888
420
369
51
119
39
678
759
541
343
830
949
926
914
442
155
684
394
708
372
374
216
391
79
281
61
167
768
647
913
305
981
734
431
503
986
106
735
303
954
45
901
393
995
680
4
672
614
785
350
926
844
539
503
399
220
654
834
566
532
292
997
270
428
660
727
212
809
7
869
526
717
238
865
356
516
348
579
81
992
276
415
670
848
564
73
409
298
359
725
602
257
442
461
196
728
485
216
761
271
746
496
303
383
899
787
312
178
916
88
919
253
494
969
109
386
832
437
681
241
905
254
55
652
316
759
259
272
528
904
901
627
939
22
392
947
1
556
711
285
538
938
43
36
982
86
207
419
788
902
998
844
538
502
884
314
641
751
98
91
913
159
274
862
770
229
559
699
327
530
758
172
808
847
77
342
239
555
721
382
221
49
174
437
560
397
112
588
768
425
655
607
213
13
736
479
422
401
414
379
983
679
924
259
937
871
457
161
789
340
117
726
327
62
747
974
994
61
746
332
45
686
20
780
665
18
833
367
626
756
649
458
2
824
515
460
546
719
395
845
141
414
503
742
92
150
34
160
330
886
6
198
318
975
649
884
257
879
570
35
411
851
377
803
233
930
352
686
647
13
101
381
501
310
464
452
600
770
668
67
705
801
797
750
447
540
191
492
807
471
124
312
28
267
825
3
683
746
175
672
919
669
308
435
585
125
346
244
5
458
360
888
489
268
101
926
631
86
616
331
579
988
35
367
299
343
465
596
216
789
156
916
287
246
21
549
103
813
782
429
403
17
419
937
43
477
610
324
13
341
17
949
802
754
131
977
738
875
430
48
327
750
258
224
36
576
221
345
198
966
240
603
39
933
78
693
376
354
754
411
589
708
498
208
509
24
9
965
561
407
203
735
22
115
883
231
672
389
928
629
863
855
205
907
170
349
481
474
425
946
968
147
668
302
546
86
337
385
897
536
851
811
54
668
420
199
359
304
229
737
642
153
263
825
341
502
101
393
362
175
490
820
434
833
442
411
135
928
824
980
637
687
261
961
118
393
757
174
490
481
104
901
681
362
263
768
853
799
523
435
551
676
231
115
125
308
621
799
282
843
73
306
276
492
596
388
64
805
25
370
996
842
425
408
146
125
732
808
413
615
403
967
923
548
287
361
775
317
94
258
615
970
332
265
61
135
991
869
320
735
488
92
851
369
427
425
873
306
692
366
166
46
998
308
402
425
354
522
887
996
792
739
201
595
189
763
519
241
184
970
139
302
895
608
593
871
334
631
176
694
977
763
502
487
454
736
40
49
408
891
463
68
848
264
19
414
111
94
430
781
471
214
929
471
266
422
926
164
718
248
392
473
437
984
998
985
240
601
435
864
404
855
129
816
471
184
762
634
80
812
164
46
876
285
19
864
553
761
466
570
921
49
247
699
518
339
677
600
837
218
48
986
262
408
837
964
442
525
900
798
55
718
918
949
85
390
190
904
451
543
103
642
321
709
515
969
875
977
819
511
456
288
447
195
669
854
971
307
939
320
53
370
846
287
141
679
565
707
584
249
93
744
99
148
84
654
15
580
158
723
240
664
327
712
240
819
753
229
788
195
255
602
70
542
10
489
359
90
862
572
455
475
226
336
697
602
471
673
701
830
453
16
823
992
108
770
487
125
392
102
181
212
964
821
220
802
849
537
145
767
996
813
784
934
823
928
635
687
905
106
483
570
304
487
806
319
784
876
752
227
610
470
100
604
505
362
25
482
624
256
111
372
200
849
992
566
519
764
951
421
796
278
337
676
559
111
423
613
1
438
652
897
900
151
664
601
247
897
626
567
445
231
501
973
279
772
994
475
191
815
314
159
76
771
376
288
51
224
42
773
517
596
285
925
396
875
614
127
444
455
472
528
528
29
236
697
73
347
43
945
904
611
348
497
302
951
685
854
813
598
705
483
310
602
511
801
191
564
467
992
607
305
453
779
875
310
46
657
318
795
722
73
5
800
527
641
1
905
815
632
498
830
904
809
481
222
441
678
688
505
199
55
963
49
170
189
522
663
575
587
540
312
340
420
252
30
812
637
514
909
959
759
461
703
457
974
606
74
174
454
727
721
255
819
246
377
143
238
83
283
206
309
790
112
477
804
564
159
367
157
182
117
262
833
448
865
784
738
298
447
775
535
83
473
601
856
22
870
537
817
386
394
172
754
849
155
493
622
588
579
696
238
510
493
887
755
419
441
143
864
24
455
552
500
386
256
124
801
263
902
916
507
879
507
182
540
750
182
1
950
700
884
540
511
732
252
265
371
168
303
321
758
161
540
596
904
623
138
437
588
760
932
204
486
194
948
85
445
110
393
410
142
230
664
134
177
623
813
943
416
268
904
645
946
330
328
588
584
366
214
744
66
181
139
10
850
706
271
225
633
327
860
736
368
54
93
543
515
836
186
549
220
458
555
442
133
987
228
573
459
806
860
951
630
692
561
30
876
75
872
457
900
218
531
986
441
722
600
919
149
474
695
926
448
692
123
215
761
50
339
710
80
740
96
877
716
355
573
431
743
339
864
315
272
51
718
375
390
185
982
833
248
207
124
99
155
812
344
513
633
854
448
20
573
695
89
883
315
104
405
108
348
697
250
137
183
679
972
671
416
91
897
917
472
972
953
427
963
370
340
434
220
618
955
130
147
309
402
562
429
664
77
177
136
359
341
100
693
77
469
3
174
732
807
960
679
946
779
260
890
247
679
254
160
128
876
801
417
784
615
842
581
335
182
936
45
47
937
671
147
859
573
931
588
83
791
829
521
916
832
323
4
713
302
877
229
170
255
11
749
787
540
240
480
127
944
64
517
440
803
774
213
992
814
63
246
996
149
689
156
647
504
551
198
546
769
768
608
324
94
835
907
966
386
896
301
607
883
298
675
436
194
208
221
91
671
722
361
950
533
990
632
67
123
313
815
23
947
302
714
884
585
193
146
607
877
28
296
289
724
952
348
842
385
568
564
338
808
366
920
259
327
218
905
518
439
919
271
47
479
391
577
646
432
547
829
456
158
667
149
908
188
917
79
299
135
708
175
284
77
688
906
763
305
887
762
967
876
883
240
797
696
335
949
89
586
591
599
802
61
647
74
161
438
920
427
112
953
892
39
895
972
917
839
643
634
38
113
747
426
739
611
339
974
526
838
250
663
217
288
326
63
261
251
500
892
788
134
151
759
243
164
418
177
613
848
205
673
607
164
732
104
766
297
986
650
740
315
140
349
601
550
258
940
94
413
466
293
218
53
975
964
587
234
184
777
170
678
825
732
268
597
133
173
464
545
520
512
376
683
866
408
244
443
878
11
237
758
397
178
222
663
460
408
528
110
589
218
976
501
824
645
113
965
152
679
582
617
21
969
34
589
679
461
960
619
960
375
641
601
746
14
404
325
969
651
91
308
477
413
152
867
180
213
370
764
263
321
13
155
181
13
41
888
236
640
612
55
358
882
885
437
962
142
782
774
659
147
422
289
173
587
838
625
36
120
966
745
651
948
621
349
413
376
714
215
819
553
998
727
804
745
55
976
633
101
843
128
252
774
803
662
243
668
907
607
370
442
976
208
631
723
563
879
442
966
995
219
533
955
59
97
810
659
274
526
209
620
422
954
523
639
644
952
30
27
543
907
939
201
83
803
37
423
750
496
882
158
42
935
664
784
104
712
811
341
534
943
991
668
12
947
337
334
912
498
761
876
136
364
240
578
418
55
100
34
130
430
261
831
284
104
416
571
143
932
198
806
889
177
504
26
61
361
280
251
773
250
95
487
392
985
437
444
603
348
400
948
715
942
356
963
99
327
633
211
925
695
791
962
344
775
136
943
276
974
863
782
502
716
329
370
650
476
525
149
76
911
901
774
494
440
138
170
283
780
851
740
125
380
46
900
883
541
388
924
831
643
842
327
13
929
72
512
645
570
501
549
888
68
609
951
778
853
690
110
109
168
746
530
773
269
931
430
27
533
50
780
200
839
518
642
684
339
670
265
185
854
928
797
870
762
737
448
893
393
873
753
417
8
429
35
658
957
495
110
887
9
630
976
307
343
834
267
52
901
302
725
896
600
711
659
381
999
926
371
384
575
203
525
841
281
587
722
982
577
86
668
617
280
645
144
964
785
758
198
815
291
821
817
636
477
744
12
559
41
770
234
263
780
600
800
860
930
500
14
811
289
82
763
512
926
350
762
622
579
184
113
550
563
529
709
276
627
58
673
44
815
793
850
412
84
827
941
113
477
167
249
287
407
499
941
617
714
823
963
106
167
139
51
462
712
412
598
434
593
52
589
175
132
853
758
857
988
314
200
580
895
981
552
339
925
719
336
407
299
381
206
363
309
822
460
746
861
618
762
359
698
278
251
321
369
696
1000
357
710
426
659
6
559
909
49
858
27
56
938
638
911
640
479
678
687
366
824
463
217
507
372
792
418
984
235
685
111
31
76
954
363
314
369
330
135
817
398
294
234
696
434
902
975
289
548
208
358
129
470
88
869
7
914
550
231
678
626
95
247
384
512
954
186
247
233
169
805
679
456
186
320
614
120
381
88
763
240
767
673
257
1000
626
116
34
215
458
709
871
470
631
932
677
691
586
893
404
703
84
139
666
500
758
172
43
338
812
640
117
462
449
471
607
513
266
394
5
316
386
718
165
188
645
223
654
826
289
897
65
770
392
565
854
253
966
239
288
459
922
439
423
638
417
246
76
944
505
246
195
947
800
850
710
744
674
591
65
704
24
64
673
968
478
718
334
687
821
249
748
320
604
535
730
36
689
90
510
433
820
518
771
791
534
434
498
648
260
254
543
760
729
742
764
960
735
167
288
677
86
207
756
682
139
907
386
49
862
292
65
398
4
467
332
199
881
608
61
498
143
873
182
726
890
101
81
639
454
818
103
112
313
317
500
784
995
806
850
655
868
243
938
52
721
911
928
814
461
334
3
855
687
679
621
977
617
388
109
911
445
481
557
61
139
639
891
540
450
332
409
490
754
223
14
172
389
545
636
582
758
265
283
873
9
908
806
664
861
502
131
483
384
473
2
490
956
999
395
8
551
742
83
6
120
289
497
886
179
599
200
745
294
268
265
144
858
521
745
589
452
544
42
711
76
371
273
422
374
279
773
262
20
415
995
267
155
774
653
390
451
693
848
292
967
33
623
735
124
481
477
534
365
473
133
867
291
471
890
420
948
803
59
845
242
223
200
286
982
8
747
137
671
888
843
280
346
62
389
288
959
27
966
939
460
555
253
6
21
649
489
510
584
340
996
351
194
474
650
74
906
938
880
717
211
539
690
40
471
741
68
726
987
513
766
56
393
246
956
621
940
37
719
506
903
526
186
779
596
385
607
411
375
139
800
3
431
715
944
42
22
626
370
232
915
464
800
224
461
887
489
471
832
210
152
560
709
698
784
992
734
969
650
553
56
739
584
963
801
414
106
244
246
545
258
637
482
353
754
501
962
113
95
156
342
88
507
27
267
780
256
474
697
728
722
234
181
208
368
790
726
607
802
967
668
490
567
245
982
289
449
549
75
687
849
940
908
118
578
266
52
986
643
386
12
789
153
412
343
480
983
185
258
656
917
718
491
264
156
354
109
814
66
535
24
726
201
453
931
808
537
413
735
350
571
887
33
963
9
621
61
403
877
267
326
921
530
272
215
169
913
164
713
905
927
25
616
607
754
464
962
644
129
871
311
373
657
190
511
472
688
431
638
534
963
602
546
61
356
922
614
345
413
863
567
352
827
962
982
394
127
751
221
81
496
16
175
802
939
108
818
660
623
791
686
292
114
34
2
896
143
858
535
500
664
865
473
433
42
376
157
818
276
294
652
844
185
403
418
460
403
517
790
23
861
103
285
685
806
42
211
666
323
590
391
123
411
458
850
352
883
892
819
540
588
55
974
13
528
659
727
971
161
247
456
380
15
810
400
999
939
348
404
629
781
857
857
366
993
380
537
651
824
330
448
185
520
100
289
430
34
527
484
870
462
920
397
437
835
123
380
617
531
40
923
205
391
889
760
96
740
50
868
155
219
756
241
926
265
950
945
445
612
754
949
586
494
756
529
157
661
782
291
349
606
658
123
810
314
995
564
227
849
110
752
875
939
773
716
199
567
37
2
805
138
696
285
630
25
481
975
490
339
293
30
938
473
257
792
532
19
294
619
679
695
692
283
139
98
226
992
339
563
619
696
624
640
985
684
458
177
69
746
876
267
469
499
10
921
236
28
978
19
854
578
118
648
59
90
857
720
83
551
127
471
171
959
379
609
231
753
956
620
585
800
285
493
521
443
506
761
904
729
995
943
376
541
12
525
989
189
265
436
55
77
59
621
151
946
491
586
513
442
770
329
365
949
400
854
894
255
901
887
315
775
270
50
72
472
375
220
659
28
658
194
153
32
620
979
113
121
540
524
498
1
802
497
845
551
518
498
144
117
32
736
948
697
163
76
557
519
907
79
568
102
926
762
910
305
592
948
806
542
461
77
738
403
254
994
719
574
315
682
910
757
275
454
231
768
729
957
693
312
687
968
733
144
256
690
722
313
174
435
338
339
801
114
828
963
534
493
118
7
294
361
487
413
906
854
807
604
814
518
423
925
969
656
738
605
318
328
768
371
275
226
801
17
340
719
861
402
953
785
243
680
467
371
514
874
602
620
971
514
121
577
697
954
789
958
915
267
577
984
531
32
469
616
742
568
826
805
923
346
921
696
252
235
804
401
107
23
68
228
653
709
720
182
597
956
933
735
567
299
402
343
156
466
927
198
333
419
643
335
719
594
262
995
805
255
747
855
23
405
238
640
365
107
397
362
408
382
99
796
616
677
511
444
957
448
102
305
406
864
183
659
121
337
264
693
957
663
127
250
747
12
944
448
889
784
259
591
683
488
992
576
880
984
556
709
863
207
680
140
630
874
850
735
572
912
109
260
286
485
518
780
73
358
807
91
681
998
200
879
422
582
438
249
791
728
610
645
594
27
117
769
759
747
624
108
120
695
354
271
335
954
460
607
440
920
507
97
82
597
103
101
457
23
15
254
299
675
282
79
203
461
450
497
561
321
847
416
412
261
802
598
248
721
215
204
276
910
302
563
306
529
57
379
296
247
373
445
788
225
496
693
249
546
893
213
806
676
237
181
575
365
656
875
634
730
738
369
286
619
754
10
291
345
496
938
388
248
648
475
303
580
303
854
210
543
605
602
824
704
706
162
569
316
153
75
454
258
321
777
887
698
770
426
144
282
489
155
665
868
356
809
812
184
138
770
949
525
723
150
777
355
140
891
409
873
17
741
31
199
316
267
99
51
770
785
554
144
331
19
736
969
351
574
81
749
522
533
944
677
781
637
175
364
335
927
463
440
89
68
147
15
491
901
554
570
222
29
420
948
371
814
222
742
942
612
795
654
681
506
489
894
529
317
454
424
713
327
888
486
333
364
660
161
376
341
643
872
618
633
637
763
50
129
560
629
56
726
335
105
234
215
327
859
4
88
702
934
744
272
472
626
606
447
751
281
202
235
194
307
752
567
474
59
119
861
553
152
457
374
128
793
588
855
517
334
804
152
815
249
375
313
467
7
334
7
55
420
520
242
22
47
601
156
16
327
466
892
692
508
327
900
928
816
331
184
711
878
756
212
478
978
629
936
68
590
789
589
173
437
596
493
31
794
814
21
590
552
614
965
210
536
26
920
68
825
634
666
190
472
189
873
635
104
986
257
417
578
314
834
254
388
735
483
215
498
735
827
531
796
285
41
213
470
130
986
602
914
545
707
561
753
306
435
858
936
431
315
38
358
989
477
957
621
139
265
192
150
572
534
990
882
425
990
345
878
724
315
806
390
598
694
302
888
517
641
894
151
976
37
771
300
518
416
794
833
347
81
876
140
975
8
120
707
434
699
435
143
101
381
489
377
987
729
272
999
160
579
327
263
609
328
884
379
445
458
405
876
273
536
416
264
822
57
76
686
388
448
846
231
14
757
955
259
596
408
306
360
200
348
807
722
687
953
733
664
463
765
340
671
124
66
683
697
757
737
433
907
354
70
603
658
879
338
930
727
681
419
354
773
293
994
902
708
686
601
424
985
142
376
602
86
984
243
682
712
923
348
782
776
361
763
135
451
858
218
485
497
1
935
379
150
630
861
342
788
991
778
235
279
592
984
180
595
305
993
81
950
183
373
129
391
582
766
558
643
467
71
404
486
687
528
232
925
958
435
200
379
330
710
110
649
155
134
573
804
134
956
458
69
383
974
276
54
649
314
519
955
178
835
824
395
872
170
910
521
619
971
737
308
496
961
884
682
659
276
210
349
602
656
229
637
947
218
857
695
409
942
933
229
354
542
9
283
803
925
770
616
749
216
998
604
935
583
164
181
134
837
629
533
369
427
499
231
989
576
705
409
711
538
323
823
95
257
990
943
415
577
502
903
76
461
447
444
415
644
272
906
105
456
167
783
683
229
359
802
230
822
252
870
177
748
418
677
954
78
567
705
77
222
934
602
645
154
181
9
267
551
150
426
755
499
263
257
190
136
236
120
733
368
597
346
417
983
666
4
241
396
526
456
769
977
461
128
912
417
569
829
53
206
627
963
714
493
594
112
127
425
588
491
933
356
646
921
133
856
384
982
772
637
826
705
729
480
628
987
825
185
897
766
870
637
711
577
407
910
843
879
265
10
538
332
260
403
203
742
735
690
52
7
32
81
341
311
420
520
211
592
576
317
130
743
153
517
368
399
614
817
463
345
796
739
230
466
978
552
742
985
116
847
228
711
43
605
77
42
112
186
455
47
928
179
597
702
296
105
658
284
310
293
701
609
174
177
416
176
832
984
862
697
152
351
285
360
911
783
587
114
834
754
862
357
151
30
635
801
787
932
850
611
983
382
821
531
248
273
499
906
273
963
614
962
659
481
627
127
591
237
269
124
903
85
24
551
80
837
73
567
187
591
201
747
996
804
633
875
446
166
998
664
9
98
84
437
959
705
93
429
186
894
256
273
48
267
888
766
166
43
575
482
505
461
361
882
79
974
923
574
6
7
225
399
664
135
600
655
630
586
533
759
62
171
533
218
418
864
440
339
196
875
900
36
206
112
906
174
486
745
920
711
150
276
60
573
522
65
830
607
837
765
293
200
677
927
120
895
986
514
643
151
686
131
383
798
107
222
517
229
142
87
267
5
183
276
918
931
597
327
580
589
217
956
362
335
765
95
458
473
555
267
938
230
992
677
145
410
813
321
515
95
296
249
600
977
346
892
651
980
713
860
929
645
145
795
949
46
781
669
384
167
498
802
543
110
163
409
35
972
71
555
439
169
142
587
286
349
461
893
902
751
98
596
146
605
956
586
502
495
65
165
525
314
471
66
979
76
765
603
136
918
906
251
101
545
990
467
279
661
315
461
224
631
303
901
545
348
675
787
939
436
140
700
716
867
379
445
783
905
470
696
281
744
66
370
594
569
994
265
770
266
58
480
123
738
546
407
297
275
425
748
601
321
731
868
123
51
925
244
277
294
324
336
898
209
553
666
194
318
600
656
741
219
566
400
832
987
248
567
338
167
735
260
742
484
429
88
956
318
876
69
504
524
67
819
585
577
916
375
33
922
718
301
625
757
930
49
501
511
86
241
800
868
123
189
112
387
956
879
267
904
553
481
927
272
900
313
973
556
837
855
350
409
703
919
246
869
164
318
204
211
743
451
815
982
288
505
999
484
459
805
288
26
178
14
617
576
195
643
361
455
950
711
722
65
423
399
519
692
37
784
252
331
756
46
478
591
645
186
949
417
872
931
521
317
835
743
658
635
333
662
195
247
303
381
231
970
362
193
940
236
694
585
691
517
832
77
805
461
743
157
754
163
184
911
763
352
694
759
150
151
544
685
769
762
528
675
899
1
959
267
359
934
877
936
510
476
156
703
724
26
932
202
447
698
619
610
935
3
900
211
618
666
949
197
499
72
766
518
397
586
585
737
929
82
795
956
171
446
687
571
8
782
267
523
359
504
178
373
483
509
693
1182
1372
1608
2023
2453
2454
2568
3001
3294
3398
3416
3519
3668
3852
3975
4310
4521
4599
4616
5099
5146
5625
5696
5822
6275
6433
6823
6906
6961
7328
7583
8044
8458
8822
8913
9107
9261
9309
9410
9467
9480
9501
9714
9885
10012
10194
10461
10614
10759
10912
11352
11844
12190
12449
12887
13320
13757
13964
14000
14482
14922
15303
15771
16081
16218
16630
16678
16732
16926
17179
17533
17949
18190
18275
18645
18914
19180
19216
19364
19737
20001
20093
20540
20832
21011
21423
21764
22044
22313
22780
23185
23221
23472
23601
24015
24225
24702
24989
25005
25017
25356
25742
26208
26505
26634
27074
27102
27408
27880
28038
28161
28539
28729
29012
29107
29502
29616
29759
30024
30361
30471
30672
30939
31256
31368
31860
32266
32396
32491
32568
32920
33006
33080
33559
33921
33958
34407
34517
34597
34697
34909
35054
35437
35555
35723
36096
36596
36620
36843
36934
36957
36994
37286
37498
37812
38146
38605
38845
39181
39449
39761
39909
40202
40274
40438
40908
41129
41485
41889
42027
42065
42212
42709
43067
43315
43650
43822
43950
44139
44594
44623
44837
45229
45568
45767
46249
46578
46601
46637
46828
46933
47258
47447
47669
48027
48489
48585
48843
48860
49331
49444
49755
49817
49871
50304
50632
50670
50679
50896
51376
51857
52038
52399
52660
52738
53017
53020
53489
53842
53883
54043
54519
54685
54842
54858
55308
55413
55542
55877
56139
56475
56924
57365
57857
58254
58635
58989
59134
59343
59637
60049
60549
60908
60991
61134
61314
61366
61400
61874
61928
62177
62536
62740
63117
63234
63282
63312
63600
63942
63968
64158
64565
64811
65288
65613
65697
65967
66229
66550
66728
66976
67452
67543
67979
68105
68527
69005
69461
69583
69613
69756
70235
70370
70400
70712
71077
71159
71352
71592
71646
71707
72012
72046
72120
72495
72677
73095
73216
73229
73458
73486
73889
74164
74238
74297
74617
74634
74798
75072
75092
75478
75889
76341
76525
76722
77057
77145
77255
77390
77603
77725
78069
78334
78584
79024
79082
79230
79294
79426
79849
80262
80724
80800
81200
81562
81986
82455
82556
82732
83157
83244
83349
83688
83797
83861
83916
84270
84467
84912
84932
85386
85748
85849
85948
86350
86783
87195
87570
87674
87907
88180
88642
89089
89209
89226
89245
89508
89571
90022
90163
90407
90454
90464
90530
91006
91250
91525
91666
92142
92163
92589
92590
92615
92700
92963
93000
93239
93651
93798
94025
94106
94554
94959
94990
95421
95885
95994
96372
96845
97047
97126
97595
97981
98409
98590
98939
99435
99509
99626
99955
100100
100572
100727
100987
101402
101542
101726
102222
102517
102835
103120
103161
103220
103300
103678
103880
104088
104381
104856
105127
105161
105590
105859
106195
106278
106358
106492
106555
106610
107002
107098
107523
107660
108111
108354
108603
108818
108824
109143
109332
109641
109809
109942
110322
110435
110479
110827
111185
111187
111193
111354
111712
111714
112107
112177
112421
112718
112929
113325
113382
113863
114275
114529
114966
115154
115239
115664
115707
115849
116141
116596
116609
117034
117275
117553
117883
118105
118232
118387
118656
118841
119129
119620
119689
119850
120189
120428
120580
120988
121418
121756
121773
121832
121941
122028
122283
122308
122507
122526
122865
122925
123321
123449
123553
123996
124370
124619
124793
124852
125292
125320
125650
125908
126008
126164
126286
126548
126739
127133
127201
127465
127819
128307
128653
128800
128978
129460
129509
129805
129973
130361
130642
131075
131192
131273
131565
131906
132306
132588
132862
133211
133447
133863
133912
133954
134374
134443
134726
135192
135576
135654
136094
136546
136725
137064
137458
137662
137878
138325
138734
138914
139242
139690
140162
140301
140537
140963
141014
141430
141655
141735
141982
142381
142672
142999
143240
143579
144002
144238
144380
144672
144910
145245
145524
145744
146206
146409
146839
146884
146958
146972
147216
147245
147421
147452
147593
147954
148229
148626
149113
149246
149659
149885
149972
150155
150304
150672
150849
151128
151374
151522
151656
151733
151864
151904
152005
152057
152441
152527
152768
152788
153150
153447
153493
153509
153877
154277
154737
154750
155081
155486
155844
156291
156507
156893
157155
157236
157357
157661
157845
158289
158593
158628
159058
159302
159642
160063
160450
160453
160726
161007
161069
161228
161419
161772
162113
162127
162270
162365
162624
163037
163388
163816
163996
164495
164929
165131
165351
165749
165857
166011
166240
166377
166781
166918
167395
167567
167879
168237
168649
168949
169275
169325
169457
169905
170081
170199
170277
170569
171051
171386
171849
171937
172329
172667
172936
173135
173493
173648
173989
174363
174453
174891
175122
175598
176070
176102
176524
176594
176951
177423
177899
178089
178457
178581
178752
179199
179313
179397
179575
179901
180257
180614
180817
180978
181040
181367
181539
181637
182075
182156
182249
182319
182752
182956
183126
183382
183652
183810
183906
184185
184577
184583
184697
185040
185457
185511
185616
185922
185926
186053
186480
186767
186943
187223
187402
187644
188001
188271
188676
189101
189257
189572
189647
189861
190161
190256
190484
190528
190642
190688
190766
191081
191441
191465
191778
191785
191801
192247
192609
193038
193316
193382
193540
193763
193919
194199
194606
194920
195096
195187
195442
195877
196368
196545
196795
196968
197264
197553
197660
197982
198290
198291
198777
198903
198992
199138
199141
199231
199560
199681
199715
199922
199926
199966
199972
200092
200312
200438
200462
200821
201268
201527
201940
202060
202490
202817
203241
203711
204096
204442
204581
204942
204956
205115
205397
205447
205487
205684
206079
206337
206457
206699
207063
207506
207512
207736
207847
208105
208415
208518
208566
208754
208863
209113
209127
209266
209762
210169
210220
210352
210358
210422
210558
210906
210920
210997
211005
211051
211289
211665
211992
212350
212382
212425
212490
212883
213019
213400
213777
213821
214021
214357
214466
214687
214917
215076
215333
215498
215739
216212
216542
216630
216987
217005
217439
217504
217917
217954
218221
218592
218595
218690
218899
219152
219387
219526
219996
220456
220814
221018
221269
221510
221669
221675
221766
221768
221903
222188
222389
222489
222653
222914
223116
223277
223369
223413
223741
223979
224003
224109
224260
224325
224353
224561
224749
224846
224910
225339
225761
226205
226380
226627
226792
227165
227505
227638
228137
228337
228343
228694
229179
229276
229387
229734
229850
230347
230502
230622
230877
231272
231333
231757
231976
232007
232209
232359
232586
232967
233138
233630
234005
234115
234588
235064
235455
235613
235738
236188
236425
236653
237033
237445
237481
237710
237869
238317
238688
238955
239023
239434
239542
239743
239749
240206
240268
240493
240607
240840
241168
241507
241562
241897
242180
242276
242407
242409
242749
243149
243604
243980
244287
244369
244631
245073
245556
245656
246048
246305
246313
246540
246716
247183
247300
247696
247846
248070
248234
248304
248727
248903
248914
249046
249248
249704
249754
249765
249963
250205
250298
250773
250952
251344
251695
252006
252126
252517
252590
252895
253050
253190
253599
254051
254531
254603
254924
255008
255247
255611
255771
255887
256091
256543
256551
256944
257420
257839
257865
258260
258516
258906
259224
259394
259766
259941
260339
260431
260661
261083
261538
261907
262243
262412
262413
262780
263192
263581
263994
264115
264332
264807
264824
265162
265475
265490
265857
266216
266544
266767
267048
267433
267521
267735
268227
268481
268550
268928
269139
269184
269565
269768
269796
269845
270211
270558
270960
271073
271539
271723
271821
272118
272430
272631
272989
273253
273666
273972
274252
274414
274535
274575
274659
274922
275219
275328
275590
275855
276195
276509
276907
277080
277468
277943
278203
278209
278499
278546
278570
278575
278812
278908
278978
279313
279469
279809
279944
280291
280755
280757
280940
281431
281480
281491
281964
282294
282588
282885
283079
283114
283362
283424
283526
283771
284226
284706
284940
285017
285156
285220
285271
285352
285469
285901
285979
286479
286913
287120
287550
287560
288018
288187
288229
288498
288672
289138
289181
289272
289374
289760
289907
290333
290558
290559
290859
290881
290934
291004
291277
291576
291890
292120
292308
292420
292752
293180
293494
293650
293808
294164
294419
294895
294991
295164
295462
295643
295672
296077
296089
296586
296991
297385
297847
297977
298078
298201
298551
298762
298807
298841
299054
299253
299661
299937
300101
300575
300900
301244
301313
301557
301563
301621
302100
302168
302633
302839
302902
303046
303370
303454
303912
304338
304829
305298
305553
305661
306135
306403
306701
306999
307446
307646
307877
308153
308320
308653
308676
308825
309235
309252
309583
310047
310413
310910
311330
311508
311966
312313
312622
312681
313074
313513
313783
313961
313990
314440
314565
314998
315276
315735
315867
316121
316556
316597
316802
316926
317190
317559
317718
318132
318414
318521
318903
319401
319404
319684
319992
320399
320754
320947
321405
321779
321892
322372
322389
322704
323176
323355
323529
323549
323929
324316
324565
324664
324850
325067
325422
325428
325871
325951
325959
326138
326311
326801
327282
327424
327770
327962
328449
328934
328988
329222
329578
329900
330322
330403
330651
330652
330701
331076
331511
331968
332320
332527
332845
333113
333155
333285
333427
333472
333884
334106
334338
334837
335043
335074
335454
335580
335624
335653
336038
336258
336644
336807
337182
337659
337820
338267
338351
338722
339016
339215
339535
339615
340001
340491
340977
341191
341467
341788
342113
342235
342561
342792
342812
342963
342990
343084
343497
343754
343817
344118
344479
344966
345040
345398
345635
345977
346237
346324
346616
346655
347053
347331
347570
347723
347885
347912
348109
348543
348928
349305
349492
349731
349994
350053
350301
350503
350872
350947
351019
351031
351135
351518
351555
352055
352121
352348
352727
353225
353450
353588
354043
354186
354406
354704
354907
355169
355499
355686
355956
356353
356512
356776
356859
356866
356900
357207
357628
358069
358162
358199
358548
358610
358749
359213
359363
359462
359547
359913
360351
360438
360592
360670
361163
361406
361539
361895
362030
362234
362235
362350
362695
362853
363244
363471
363905
363921
364200
364350
364461
364641
364949
365259
365503
365978
366145
366175
366535
366611
366655
366854
367045
367330
367580
367997
368349
368546
369023
369314
369484
369946
370039
370468
370694
370731
371095
371481
371851
372185
372489
372648
373015
373471
373546
373624
373779
374032
374380
374483
374808
375300
375429
375901
375970
376107
376476
376905
377048
377122
377266
377347
377739
378123
378447
378926
379144
379548
379734
380098
380297
380543
380716
381141
381589
381706
382006
382338
382606
382622
382881
383131
383596
383959
383974
384374
384553
384714
385010
385379
385710
385766
385783
386044
386083
386535
387027
387330
387580
387712
387718
388143
388307
388759
388995
389454
389505
390002
390385
390665
390903
391080
391182
391590
392031
392342
392641
392697
392718
392792
392928
393213
393351
393566
393985
394446
394897
394924
395042
395514
395848
395879
396314
396352
396818
397247
397414
397874
398104
398571
398993
399198
399208
399617
400084
400368
400613
400977
401102
401402
401781
401873
402001
402393
402847
403240
403262
403487
403886
404085
404565
404803
405227
405717
406013
406327
406503
406602
406805
407181
407387
407693
407703
408008
408148
408426
408677
408979
409426
409787
409810
409985
410282
410635
411010
411249
411742
412147
412207
412360
412859
413286
413560
414020
414251
414621
415090
415414
415754
416245
416353
416582
416712
416927
416952
417046
417169
417276
417685
417874
418276
418604
418823
419301
419655
420134
420151
420383
420467
420753
421144
421185
421264
421400
421620
422054
422417
422650
423105
423162
423506
423743
424136
424599
424735
424874
424902
425331
425411
425633
425885
426348
426349
426849
427180
427665
427679
427772
428084
428465
428702
428851
428997
429045
429262
429447
429747
429750
430225
430313
430493
430874
431339
431530
431904
431924
432236
432400
432686
432706
433035
433163
433210
433271
433627
433969
434356
434724
435016
435122
435328
435587
435847
436279
436423
436429
436613
437087
437529
437695
437801
438009
438166
438523
438733
438873
438909
438946
439287
439355
439707
439749
440216
440461
440827
441205
441660
441790
442268
442577
442673
442973
443342
443453
443789
444146
444276
444606
444650
445051
445166
445187
445189
445523
446002
446226
446445
446453
446604
447092
447288
447727
447943
448275
448572
448892
449342
449619
450118
450218
450615
450745
451000
451227
451567
451657
451944
452331
452770
452929
453039
453223
453617
453741
453938
454308
454393
454726
455013
455272
455347
455702
455953
456276
456347
456654
456868
456951
457008
457175
457216
457256
457302
457357
457568
457751
458101
458191
458503
458685
459045
459408
459636
459704
460097
460500
460829
461047
461467
461715
462010
462059
462532
462771
462936
463415
463523
463717
463740
464119
464505
464886
465381
465528
465579
465956
465969
466131
466193
466274
466491
466836
467052
467450
467774
467844
467857
468158
468159
468627
468933
469063
469323
469785
469833
470038
470312
470573
471043
471313
471657
471678
471896
472264
472531
472736
472828
473201
473638
474055
474123
474566
474607
475026
475461
475955
476204
476523
476633
476926
477233
477489
477829
477953
477978
478094
478506
478899
479185
479598
479757
480123
480622
480872
481038
481245
481584
482009
482118
482563
482774
482842
483038
483248
483649
483724
483889
484107
484308
484719
484899
485261
485625
485909
486156
486240
486346
486845
486880
487064
487081
487396
487562
487982
488322
488588
488618
489062
489192
489564
489774
489979
490440
490644
490922
490940
491319
491602
491998
492284
492446
492876
493243
493406
493456
493664
494001
494488
494610
494898
495278
495708
495778
495781
496065
496173
496439
496603
496698
496817
496997
497008
497011
497197
497293
497533
497571
497577
497881
498209
498531
498799
499028
499089
499367
499681
500165
500329
500733
500734
500753
501158
501248
501541
501705
501723
501789
501912
502142
502310
502620
502756
502867
502989
503459
503718
503969
504437
504758
504790
505242
505428
505645
505980
506435
506852
507324
507566
507959
508169
508235
508318
508435
508782
508939
509148
509155
509163
509511
509787
510159
510342
510430
510873
511151
511340
511472
511551
511684
511696
512141
512405
512723
512955
513333
513617
514010
514040
514279
514739
515192
515340
515451
515839
515948
516260
516597
516614
516802
516839
516860
517307
517605
517938
518229
518429
518563
518904
518922
519189
519589
519854
520039
520041
520444
520659
520889
521088
521351
521807
522202
522291
522579
522737
523057
523364
523651
523910
524049
524093
524311
524312
524766
525227
525269
525761
525992
526149
526439
526610
526887
527068
527405
527810
528022
528093
528491
528809
528868
529284
529602
529886
529962
530305
530495
530527
530814
530816
531035
531341
531670
531914
531982
532446
532523
532797
532938
533280
533571
533650
534108
534141
534347
534505
534802
534956
535372
535866
536254
536675
537005
537289
537520
537952
538376
538481
538967
539450
539856
540175
540651
540803
541274
541633
541789
541920
542208
542682
542810
543091
543314
543494
543774
543784
544259
544413
544487
544666
544746
545185
545558
545640
545646
545879
545967
545989
546104
546121
546236
546608
547042
547532
547560
547997
548288
548640
549005
549218
549530
549796
550054
550532
550688
550849
551098
551362
551713
552194
552384
552719
553074
553461
553903
554307
554351
554680
555177
555182
555237
555557
555854
555997
556019
556504
556753
557206
557319
557726
557977
558336
558582
558607
558915
558945
559136
559385
559803
560054
560447
560680
561155
561500
561589
561915
562139
562219
562368
562432
562640
563057
563137
563545
563973
563976
564229
564425
564753
564766
564855
565182
565277
565679
566148
566518
566981
567080
567442
567683
567708
568137
568205
568602
568826
568928
569154
569543
569961
570062
570430
570462
570958
571273
571469
571526
571602
571752
572129
572500
572688
573009
573055
573086
573204
573539
573819
574219
574373
574722
575109
575453
575947
575973
576219
576497
576560
576898
577290
577473
577799
577844
577955
578063
578322
578406
578510
578754
578812
579239
579454
579457
579572
579964
580120
580310
580627
581005
581334
581594
581970
582128
582395
582819
583267
583543
583905
584213
584690
585149
585550
586014
586050
586498
586791
587115
587305
587357
587683
588141
588520
588722
588839
588978
589136
589191
589662
590091
590555
590997
591122
591482
591705
591758
591975
592406
592554
592920
593288
593395
593552
593561
593629
593765
593824
594027
594256
594632
595039
595300
595461
595748
596192
596368
596648
596699
596996
597219
597499
597816
598310
598693
598811
599102
599561
599592
599674
600107
600360
600689
600841
601228
601494
601615
601729
602022
602082
602369
602621
602842
603196
603258
603475
603586
603620
604082
604460
604645
604725
604735
605094
605444
605817
606239
606589
606996
607444
607516
607566
608004
608144
608613
608698
608792
609139
609180
609393
609504
609689
609764
609916
609927
610158
610607
610876
611212
611510
611916
612314
612725
613021
613472
613744
614035
614039
614208
614487
614818
615145
615623
615827
616228
616705
616726
616826
616839
617054
617425
617733
617906
618082
618362
618666
619137
619486
619537
619837
619876
619909
620186
620647
621125
621526
621593
621995
622244
622647
622816
622963
622981
623237
623474
623777
624229
624258
624476
624912
625097
625492
625749
625877
626276
626508
626637
626971
627313
627348
627601
627652
627859
627864
627992
628126
628468
628815
629055
629183
629252
629542
629775
629930
630383
630668
630778
631064
631288
631331
631543
631815
632059
632216
632395
632579
632623
633095
633446
633575
633792
634161
634172
634428
634451
634740
635194
635337
635407
635544
636000
636131
636220
636361
636623
636708
637111
637319
637715
638029
638282
638442
638530
638544
638611
639089
639386
639866
640211
640403
640786
641127
641493
641799
642294
642543
642996
643110
643551
643871
644309
644676
645047
645137
645230
645338
645398
645696
646016
646364
646394
646570
646641
647003
647218
647717
647735
648086
648301
648431
648692
649140
649613
649822
650258
650624
651045
651095
651357
651719
652178
652630
652738
653085
653332
653689
654044
654051
654240
654307
654359
654846
655263
655692
655846
656320
656424
656537
656666
656993
657106
657293
657559
658058
658172
658259
658270
658278
658635
658701
658953
659257
659412
659827
660042
660074
660344
660770
660927
661006
661191
661386
661845
662179
662343
662626
662873
663158
663591
663701
663822
663927
664338
664638
664725
664861
665057
665101
665180
665508
665647
665759
665964
666368
666844
666951
666974
667172
667559
667962
668279
668652
668920
669056
669106
669168
669637
669844
669958
670250
670675
670965
671398
671698
671954
671986
672350
672553
672663
672789
672840
672869
672953
673002
673021
673471
673505
673699
674081
674300
674477
674687
674893
675376
675664
675920
676029
676230
676508
676782
676956
677101
677187
677365
677612
677757
677919
678076
678360
678778
679148
679598
679780
680043
680221
680421
680639
680989
681000
681071
681540
681593
681594
681924
682102
682149
682361
682411
682809
682885
683326
683688
683736
683868
684177
684199
684348
684474
684802
684886
684981
685190
685467
685767
685994
686398
686874
687054
687515
687768
687983
688042
688372
688827
689311
689548
689889
689955
690365
690851
690965
691281
691473
691563
691728
691932
692171
692310
692566
692912
693008
693483
693827
693985
694379
694817
694932
695173
695386
695732
696210
696418
696436
696816
696823
696981
697084
697506
697582
697873
698280
698692
699188
699505
699729
699848
700251
700495
700536
700739
700841
700868
701290
701709
702133
702338
702340
702376
702582
702672
702997
703105
703236
703567
704063
704251
704589
704635
705101
705186
705306
705541
705716
706142
706459
706802
707292
707569
707616
707943
707966
708431
708471
708594
708808
709219
709344
709663
710017
710489
710880
711130
711484
711690
711876
712062
712213
712312
712589
712985
713259
713549
713925
714190
714503
714573
714983
714988
715220
715657
715734
715955
716082
716521
716858
716911
717168
717238
717404
717523
717626
717956
718187
718596
718733
718750
718904
719013
719287
719480
719507
719722
720206
720358
720850
721048
721263
721558
721804
721816
722109
722591
722907
723030
723242
723341
723546
723557
724001
724178
724490
724616
724917
725259
725475
725662
726057
726486
726986
727478
727510
727924
728140
728381
728769
728943
729320
729695
729721
729888
730235
730574
731053
731133
731274
731667
731926
732058
732129
732571
732683
732963
733358
733631
733825
734229
734539
734747
734828
735124
735165
735611
736017
736130
736384
736682
736821
736913
737005
737421
737569
737734
738046
738259
738707
739045
739224
739610
739717
739796
739881
740029
740362
740495
740533
740622
741084
741368
741712
741787
741904
742015
742151
742241
742372
742415
742609
742775
743236
743316
743458
743464
743581
743621
743995
744475
744612
744768
745043
745481
745957
746443
746686
746873
746970
747446
747764
748217
748325
748336
748539
748794
748997
749306
749798
750054
750342
750404
750444
750472
750631
750797
750874
751262
751607
751807
751931
752035
752085
752177
752439
752588
752676
753110
753510
753547
753797
754166
754613
755093
755234
755482
755712
756056
756197
756514
756956
757094
757571
758045
758397
758589
758850
759113
759165
759221
759409
759657
759808
760162
760349
760493
760900
761271
761723
761738
761919
762147
762377
762391
762696
762714
762865
763249
763353
763645
763764
763972
764214
764652
764664
765072
765214
765283
765327
765792
765827
765949
765954
766414
766581
766957
767094
767544
767616
767990
768146
768407
768688
768823
768968
769192
769354
769636
770079
770158
770220
770482
770833
771107
771568
771625
772097
772425
772488
772727
772870
773250
773368
773370
773499
773843
774300
774443
774915
775066
775284
775520
775906
776226
776640
777114
777600
778073
778091
778283
778564
779039
779087
779366
779525
779600
780056
780264
780713
781034
781152
781224
781427
781783
782162
782607
782752
782821
783315
783361
783571
783967
784365
784818
785300
785343
785605
785919
786114
786135
786428
786588
786920
786957
787148
787204
787301
787491
787575
787714
788197
788624
788766
789171
789613
789654
789705
790183
790185
790579
790983
791111
791384
791493
791950
792315
792692
792823
792907
793399
793847
794093
794561
794826
795125
795472
795923
796005
796213
796567
796703
797063
797287
797425
797531
797821
798086
798526
798929
799043
799225
799593
799622
799758
800107
800203
800457
800904
801010
801367
801476
801747
801775
802114
802193
802450
802699
802783
803232
803507
803889
804044
804377
804547
804776
805112
805300
805639
805863
805872
806326
806621
806864
807220
807626
807647
808059
808126
808539
809039
809497
809830
810000
810096
810362
810806
810995
811320
811649
812123
812170
812223
812717
812856
812897
813220
813600
813707
813797
813924
813978
814363
814665
815019
815084
815388
815732
815951
816067
816276
816301
816428
816793
817024
817267
817668
817896
818175
818284
818375
818508
818988
819109
819526
819887
820056
820365
820720
821190
821557
821884
821911
821916
822092
822264
822660
823030
823347
823623
823871
824239
824460
824561
824567
824815
825308
825669
825745
825824
825906
826316
826470
826836
826971
827389
827761
828186
828339
828436
828505
828781
828856
829154
829289
829410
829654
829902
830199
830523
830901
831011
831189
831413
831695
832169
832335
832422
832790
833037
833389
833641
833785
834102
834202
834461
834859
834955
835279
835313
835786
836036
836330
836588
836886
837350
837488
837510
837921
837937
837973
838265
838498
838633
838859
838994
839113
839273
839326
839421
839695
840001
840366
840526
840591
840773
840993
841230
841245
841696
841707
841783
842155
842174
842510
842566
842931
843044
843170
843511
844007
844416
844537
844808
845022
845282
845654
845839
845916
846284
846650
847018
847057
847280
847326
847740
847748
847993
848351
848582
848952
849158
849391
849505
849988
850111
850572
850937
851130
851300
851618
851965
852378
852732
852922
853217
853410
853879
854095
854302
854730
854748
855102
855502
855673
856066
856528
856991
857255
857641
858064
858345
858727
859103
859224
859339
859378
859874
860234
860610
860646
860647
861055
861478
861662
861780
862040
862131
862345
862728
863145
863156
863218
863689
863737
863865
864173
864511
864648
865071
865404
865408
865706
865863
866070
866104
866341
866753
866801
867189
867539
867635
867778
867906
867983
868237
868637
868640
868746
869109
869151
869566
869896
870373
870492
870723
871028
871271
871348
871399
871835
872071
872089
872303
872407
872828
873324
873485
873962
874281
874471
874673
874851
875202
875458
875692
875796
875948
876445
876943
877235
877721
878062
878386
878520
878837
878894
878952
879116
879161
879565
880011
880234
880266
880369
880423
880644
880855
881120
881359
881523
881789
881811
882182
882362
882392
882891
883133
883511
883536
883624
883949
884158
884459
884929
885220
885478
885618
886102
886194
886198
886388
886397
886473
886872
886980
887207
887509
887535
887598
887950
888426
888847
888911
889082
889116
889169
889212
889321
889682
890038
890295
890772
891103
891576
891953
892412
892586
892728
893149
893313
893777
894021
894518
894914
895275
895524
895793
895859
895872
895974
896305
896673
896963
897320
897812
898086
898556
898864
899087
899318
899355
899791
900032
900289
900548
900757
900895
901084
901170
901173
901329
901722
902133
902542
902683
903001
903342
903633
903808
903924
904348
904760
905251
905438
905692
906091
906227
906538
906793
907288
907548
907601
907815
907978
908406
908512
908714
908872
908979
909178
909424
909694
909844
909971
910269
910410
910599
911034
911334
911661
911747
912066
912178
912658
912873
912934
913381
913720
914098
914285
914453
914631
914777
915126
915535
915602
915927
916185
916311
916349
916537
916952
917400
917436
917793
918254
918355
918615
919036
919274
919287
919425
919686
919777
920000
920431
920731
920804
921105
921459
921721
921808
922200
922416
922866
923235
923398
923768
923945
924061
924301
924675
924878
925285
925724
925783
925831
925881
926318
926723
926778
926983
927110
927378
927452
927458
927862
928308
928520
928879
929049
929077
929466
929939
930297
930633
930984
931075
931230
931465
931965
932430
932849
932990
933390
933667
934017
934391
934645
935059
935284
935718
936121
936284
936346
936748
936751
937163
937432
937459
937657
937868
938246
938451
938788
939244
939355
939649
939802
940141
940597
940971
941225
941335
941632
941920
941951
942032
942502
942677
942929
943160
943391
943600
943825
944064
944361
944742
945200
945547
945930
946270
946601
946637
946918
947027
947147
947366
947637
947878
948035
948305
948473
948486
948594
948598
948683
949133
949333
949492
949525
949527
949782
949923
950263
950628
950872
951165
951551
951916
951977
952403
952596
952703
953100
953171
953621
954064
954279
954533
954837
955243
955649
956018
956104
956457
956666
956893
957165
957400
957804
957873
958122
958188
958349
958644
958726
959114
959571
959790
960112
960195
960391
960454
960805
960862
961033
961208
961517
961754
961958
962356
962452
962507
962566
962654
962885
962985
963452
963675
963732
964042
964153
964422
964484
964510
964713
964795
964918
965086
965533
965615
965660
965937
966292
966406
966611
966761
967054
967273
967717
968127
968390
968555
968645
969106
969342
969743
970174
970528
970614
970958
971180
971204
971242
971618
972037
972038
972522
972680
973062
973482
973756
973916
974182
974672
974760
975140
975460
975701
976189
976196
976284
976552
977025
977032
977140
977577
977896
978095
978500
978531
978827
979041
979059
979438
979590
979851
980248
980405
980477
980714
981022
981450
981458
981869
982058
982193
982380
982729
983079
983278
983684
984151
984602
984815
985268
985675
986050
986092
986285
986481
986648
986664
987113
987198
987254
987513
987531
987872
988230
988404
988581
988851
988879
989009
989399
989430
989810
990006
990352
990687
990739
991050
991493
991707
991903
992106
992280
992513
992712
992959
993184
993281
993399
993865
994117
994468
994893
995223
995330
995760
995976
996330
996791
996889
997223
997709
997963
998287
998351
998618
998806
998931
999339
999348
999763
1000032
1000046
1000165
1000385
1000479
1000883
1000936
1001236
1001402
1001653
1001867
1002001
1002160
1002405
1002478
1002740
1002949
1003353
1003554
1003926
1004072
1004563
1004978
1005097
1005333
1005465
1005745
1005962
1006301
1006542
1006999
1007288
1007643
1007997
1008049
1008478
1008625
1008664
1009147
1009285
1009287
1009427
1009734
1010085
1010216
1010301
1010572
1010740
1010955
1011314
1011575
1011755
1011931
1012131
1012390
1012868
1012897
1013096
1013312
1013736
1013744
1013936
1014098
1014500
1014626
1014859
1015136
1015240
1015571
1015732
1016110
1016163
1016365
1016743
1016925
1017126
1017439
1017578
1017945
1018008
1018172
1018619
1018699
1019157
1019307
1019364
1019367
1019758
1019918
1020062
1020102
1020526
1020721
1020791
1021098
1021311
1021705
1021860
1021973
1022350
1022734
1023112
1023119
1023415
1023708
1023859
1024245
1024437
1024552
1024778
1024801
1025052
1025415
1025416
1025426
1025623
1025636
1025830
1025936
1025996
1026153
1026474
1026760
1026899
1027207
1027443
1027517
1027966
1028014
1028101
1028211
1028397
1028774
1028971
1028999
1029084
1029571
1029844
1029912
1030211
1030506
1030693
1030841
1031195
1031251
1031474
1031669
1031721
1032013
1032443
1032850
1032953
1032985
1033391
1033604
1033895
1033953
1034020
1034460
1034534
1034831
1034834
1035333
1035513
1035552
1035888
1036285
1036779
1036878
1036882
1037362
1037856
1038175
1038579
1038800
1038905
1039011
1039077
1039190
1039434
1039887
1040258
1040616
1040677
1040972
1041096
1041415
1041727
1041963
1042183
1042439
1042455
1042653
1042976
1043104
1043477
1043755
1043835
1043849
1044122
1044251
1044491
1044819
1044932
1045067
1045347
1045462
1045905
1046229
1046275
1046605
1047099
1047351
1047779
1048215
1048663
1049088
1049496
1049540
1049704
1049851
1050300
1050468
1050534
1051022
1051031
1051415
1051769
1052068
1052453
1052640
1053081
1053522
1053632
1053907
1054379
1054408
1054416
1054897
1055019
1055514
1055595
1056075
1056454
1056506
1056707
1056972
1057260
1057304
1057360
1057641
1057765
1058227
1058360
1058827
1059016
1059153
1059356
1059556
1059943
1060264
1060752
1061013
1061279
1061674
1061686
1062046
1062319
1062445
1062825
1063097
1063316
1063418
1063574
1063822
1063968
1064353
1064720
1065107
1065152
1065483
1065672
1066146
1066557
1066941
1067112
1067316
1067626
1068111
1068489
1068767
1068910
1069070
1069518
1069721
1069928
1070423
1070653
1071124
1071583
1071793
1072162
1072191
1072471
1072931
1073014
1073228
1073340
1073492
1073674
1074116
1074170
1074586
1074606
1074665
1074997
1075142
1075361
1075742
1076242
1076568
1076802
1077225
1077288
1077370
1077416
1077900
1078286
1078437
1078855
1079254
1079364
1079479
1079546
1079620
1079945
1080066
1080154
1080430
1080712
1081161
1081580
1081716
1081955
1082016
1082513
1082965
1083303
1083414
1083616
1083853
1084161
1084186
1084423
1084757
1085046
1085178
1085663
1085990
1086469
1086516
1087011
1087129
1087539
1087550
1087879
1088121
1088468
1088759
1089091
1089522
1089733
1089750
1090055
1090490
1090734
1090909
1090924
1090984
1091096
1091406
1091440
1091749
1091908
1092259
1092463
1092575
1093064
1093392
1093761
1094132
1094145
1094286
1094299
1094431
1094662
1094791
1094899
1095192
1095428
1095897
1096353
1096814
1097270
1097410
1097616
1097827
1097920
1098399
1098401
1098646
1098860
1099156
1099438
1099585
1100075
1100444
1100778
1100931
1101081
1101331
1101644
1102127
1102446
1102583
1103054
1103129
1103581
1103611
1103876
1104008
1104355
1104500
1104720
1105196
1105653
1106040
1106100
1106256
1106710
1106997
1107338
1107403
1107801
1108084
1108232
1108291
1108456
1108807
1108992
1109334
1109816
1109950
1110133
1110216
1110426
1110915
1110949
1111220
1111446
1111574
1112026
1112244
1112661
1112770
1112771
1113073
1113218
1113393
1113523
1113797
1114287
1114490
1114703
1114988
1115270
1115541
1115918
1116338
1116463
1116962
1117360
1117791
1118084
1118516
1118799
1119286
1119663
1119664
1119698
1120123
1120473
1120643
1121074
1121253
1121313
1121552
1121973
1122222
1122332
1122531
1122806
1123015
1123276
1123657
1123790
1124096
1124201
1124507
1124714
1124716
1125034
1125241
1125402
1125701
1126065
1126396
1126747
1126922
1126946
1127215
1127343
1127471
1127577
1127931
1127940
1128427
1128493
1128856
1129053
1129104
1129353
1129617
1129797
1130025
1130066
1130098
1130159
1130589
1130775
1130917
1130971
1131331
1131378
1131469
1131591
1132051
1132062
1132078
1132531
1132778
1133020
1133034
1133088
1133289
1133658
1133807
1133931
1133935
1134376
1134494
1134788
1135077
1135378
1135878
1136091
1136564
1136734
1137184
1137654
1137897
1138072
1138383
1138713
1138729
1139119
1139417
1139587
1139972
1140114
1140289
1140324
1140456
1140662
1141019
1141136
1141333
1141408
1141584
1142066
1142325
1142435
1142479
1142599
1142985
1143292
1143401
1143499
1143935
1144258
1144539
1144895
1145239
1145417
1145540
1145697
1145832
1146133
1146586
1146649
1147037
1147287
1147435
1147886
1148350
1148842
1148937
1149405
1149782
1149903
1150087
1150301
1150403
1150435
1150562
1150922
1150950
1151320
1151779
1152140
1152481
1152854
1152874
1153043
1153516
1153618
1153685
1153845
1154304
1154732
1154830
1154992
1155020
1155139
1155348
1155790
1156011
1156369
1156562
1156800
1157068
1157165
1157414
1157681
1157798
1157963
1158350
1158501
1158627
1158823
1159263
1159296
1159599
1159968
1160129
1160299
1160672
1160831
1161270
1161501
1161570
1161883
1161911
1161952
1162085
1162352
1162732
1163171
1163240
1163491
1163958
1164350
1164627
1165044
1165159
1165475
1165692
1165887
1166029
1166208
1166431
1166444
1166721
1167018
1167241
1167370
1167645
1167905
1168126
1168328
1168464
1168504
1168684
1168783
1168902
1169003
1169254
1169714
1169807
1169924
1170031
1170382
1170597
1171004
1171059
1171409
1171560
1171773
1172106
1172476
1172831
1172944
1173249
1173504
1173869
1174141
1174289
1174413
1174487
1174858
1175185
1175433
1175933
1176135
1176438
1176514
1176999
1177377
1177616
1178066
1178515
1178933
1179085
1179489
1179980
1180128
1180554
1180739
1180788
1180970
1181132
1181478
1181539
1181832
1181903
1182143
1182529
1182640
1183074
1183556
1184056
1184270
1184666
1185029
1185151
1185643
1186042
1186100
1186109
1186186
1186598
1186967
1187204
1187663
1187958
1188360
1188715
1189122
1189218
1189297
1189550
1189567
1189865
1190359
1190399
1190703
1190734
1191115
1191286
1191654
1192012
1192171
1192298
1192698
1192999
1193034
1193534
1193876
1194090
1194255
1194684
1194968
1194993
1195279
1195556
1195880
1195937
1196337
1196475
1196709
1196870
1197303
1197660
1197727
1198121
1198251
1198617
1198856
1199354
1199391
1199752
1200239
1200464
1200678
1201150
1201201
1201636
1202043
1202307
1202490
1202809
1203235
1203293
1203723
1203873
1203973
1204362
1204447
1204643
1204954
1205086
1205114
1205472
1205494
1205932
1205939
1206127
1206549
1206892
1207151
1207488
1207703
1208089
1208293
1208741
1208868
1209273
1209571
1210044
1210327
1210584
1210973
1211414
1211559
1211618
1212057
1212430
1212632
1212762
1212985
1213145
1213319
1213704
1213845
1214156
1214345
1214427
1214761
1214978
1215057
1215500
1215800
1215888
1215960
1215983
1216203
1216438
1216770
1216829
1217128
1217517
1217755
1218014
1218109
1218524
1218771
1218932
1219310
1219526
1219691
1219727
1219959
1220382
1220693
1221015
1221298
1221744
1221794
1222140
1222381
1222689
1222796
1222823
1222848
1222854
1223322
1223342
1223459
1223728
1223816
1224167
1224186
1224281
1224540
1225032
1225312
1225747
1225761
1226044
1226209
1226331
1226685
1226863
1227062
1227267
1227364
1227796
1227959
1228255
1228331
1228701
1229012
1229460
1229843
1230095
1230510
1230885
1231085
1231281
1231327
1231563
1231668
1232114
1232136
1232596
1232927
1233370
1233780
1234280
1234481
1234541
1234813
1235251
1235308
1235776
1235981
1236393
1236740
1236891
1237195
1237362
1237437
1237776
1238112
1238589
1239024
1239460
1239774
1240172
1240538
1240617
1240704
1240947
1241411
1241695
1241911
1242080
1242576
1242953
1243445
1243675
1243919
1244166
1244197
1244513
1244930
1245172
1245600
1245930
1246155
1246236
1246669
1246864
1246901
1247028
1247264
1247680
1248144
1248459
1248785
1249053
1249093
1249105
1249472
1249530
1249685
1249725
1249921
1250352
1250502
1250546
1250706
1250802
1251161
1251441
1251504
1251694
1252103
1252345
1252512
1252973
1252993
1253305
1253694
1253791
1254120
1254499
1254734
1255212
1255560
1255726
1255739
1255878
1256279
1256410
1256880
1257156
1257334
1257356
1257826
1258009
1258392
1258448
1258798
1259182
1259676
1260088
1260245
1260441
1260930
1261343
1261411
1261716
1261928
1262104
1262568
1262668
1263058
1263413
1263549
1263683
1263973
1264429
1264498
1264605
1264943
1265389
1265630
1265702
1266102
1266128
1266221
1266583
1266983
1267480
1267491
1267507
1267739
1267754
1267937
1268030
1268327
1268475
1268559
1268905
1269218
1269381
1269505
1269890
1270226
1270717
1270828
1271327
1271743
1271990
1272126
1272260
1272751
1273180
1273413
1273615
1274068
1274355
1274587
1274994
1275109
1275541
1275791
1276114
1276276
1276669
1277094
1277337
1277611
1278002
1278068
1278445
1278593
1278933
1279416
1279423
1279449
1279869
1280266
1280345
1280515
1280694
1281043
1281051
1281435
1281653
1281869
1281945
1282339
1282743
1283178
1283268
1283761
1283941
1284055
1284091
1284404
1284862
1284971
1285411
1285574
1285681
1285901
1286076
1286297
1286676
1286720
1287186
1287446
1287815
1288157
1288257
1288691
1288835
1288943
1289382
1289603
1289761
1290209
1290597
1290667
1290998
1291072
1291542
1291947
1292285
1292610
1292707
1292792
1292808
1292825
1292873
1293339
1293815
1294114
1294376
1294731
1295221
1295416
1295672
1295737
1296075
1296520
1296638
1296645
1296943
1296954
1297225
1297497
1297701
1298188
1298468
1298650
1298658
1298937
1299190
1299555
1299771
1300158
1300217
1300397
1300633
1300801
1300806
1301097
1301273
1301620
1301843
1301936
1302035
1302308
1302565
1302944
1303239
1303314
1303601
1303910
1304348
1304422
1304503
1304541
1304683
1304814
1305250
1305743
1306077
1306151
1306263
1306614
1306866
1307007
1307120
1307586
1307790
1308115
1308564
1309056
1309190
1309287
1309763
1310139
1310188
1310365
1310450
1310702
1311110
1311318
1311462
1311502
1311736
1312125
1312211
1312366
1312780
1313086
1313214
1313444
1313639
1313691
1314163
1314376
1314484
1314789
1315069
1315339
1315829
1316048
1316324
1316531
1316646
1316661
1316724
1317223
1317649
1318010
1318161
1318468
1318528
1319024
1319265
1319349
1319357
1319396
1319480
1319796
1320116
1320478
1320794
1320916
1321264
1321689
1321952
1321953
1322355
1322679
1322935
1322988
1323460
1323922
1324034
1324464
1324601
1324736
1324767
1324904
1325092
1325474
1325848
1326006
1326261
1326698
1327083
1327336
1327735
1327781
1327976
1328324
1328519
1328899
1329350
1329767
1329848
1330323
1330365
1330739
1330850
1331293
1331427
1331477
1331753
1331951
1332053
1332509
1332661
1332787
1332901
1333301
1333480
1333533
1333620
1334061
1334317
1334670
1334766
1335187
1335338
1335397
1335784
1336041
1336459
1336936
1337076
1337245
1337733
1338186
1338523
1338909
1339362
1339681
1340028
1340146
1340632
1340755
1341174
1341209
1341267
1341363
1341485
1341881
1342015
1342355
1342478
1342647
1342738
1343100
1343188
1343318
1343638
1344073
1344318
1344809
1345117
1345148
1345537
1345908
1346221
1346250
1346410
1346776
1346857
1346952
1347224
1347564
1347753
1348248
1348421
1348507
1348906
1348966
1349121
1349287
1349741
1349821
1350026
1350493
1350834
1351099
1351387
1351421
1351872
1352015
1352429
1352515
1352679
1352960
1353347
1353540
1353990
1354460
1354479
1354806
1355279
1355361
1355542
1355848
1356170
1356201
1356667
1357024
1357273
1357318
1357366
1357730
1357862
1358233
1358666
1358671
1359050
1359201
1359515
1359745
1359911
1360065
1360253
1360634
1360893
1361125
1361325
1361597
1361872
1362272
1362747
1363001
1363389
1363441
1363822
1364231
1364721
1365066
1365416
1365442
1365755
1366109
1366189
1366440
1366692
1367155
1367298
1367780
1368004
1368054
1368173
1368625
1368904
1369348
1369379
1369819
1369821
1370130
1370250
1370650
1370689
1371162
1371642
1371649
1372116
1372372
1372726
1373207
1373542
1374042
1374088
1374308
1374491
1374888
1374937
1375210
1375626
1375987
1375991
1376340
1376608
1377032
1377147
1377385
1377775
1378133
1378269
1378369
1378593
1379017
1379411
1379531
1379916
1380052
1380306
1380468
1380546
1380797
1381284
1381439
1381744
1381875
1381920
1382169
1382531
1382941
1383168
1383514
1383631
1383634
1383724
1384087
1384561
1384817
1384848
1385141
1385529
1385607
1385793
1385862
1385963
1386101
1386180
1386365
1386782
1387009
1387123
1387371
1387404
1387836
1388071
1388534
1388553
1388603
1388988
1389399
1389805
1390151
1390310
1390724
1391075
1391331
1391504
1391565
1391973
1392428
1392676
1393014
1393335
1393801
1394098
1394534
1394704
1394831
1395004
1395440
1395846
1395933
1396202
1396409
1396700
1397189
1397525
1397675
1397778
1398238
1398602
1398657
1398863
1399224
1399273
1399615
1399758
1399932
1400425
1400611
1400821
1400878
1401370
1401480
1401559
1401564
1401919
1402377
1402558
1403010
1403063
1403303
1403484
1403695
1403723
1403976
1404376
1404639
1405117
1405311
1405724
1405823
1405836
1406299
1406675
1406929
1407172
1407407
1407661
1407775
1408171
1408183
1408352
1408414
1408772
1408788
1408901
1409056
1409547
1409707
1409899
1410243
1410512
1410821
1411080
1411374
1411609
1411645
1411969
1411978
1412401
1412656
1412841
1412854
1413051
1413116
1413195
1413470
1413933
1414154
1414542
1414762
1415210
1415218
1415528
1415706
1415838
1416166
1416334
1416445
1416485
1416719
1416969
1417375
1417514
1417519
1417838
1417937
1418296
1418358
1418438
1418826
1419015
1419481
1419697
1420087
1420538
1420926
1420984
1421333
1421477
1421712
1422139
1422449
1422885
1423061
1423195
1423545
1423777
1424130
1424490
1424612
1424739
1424836
1425208
1425220
1425522
1425527
1425806
1426047
1426192
1426569
1426991
1427122
1427335
1427769
1428201
1428701
1429036
1429040
1429147
1429407
1429545
1429996
1430349
1430751
1430956
1431052
1431055
1431437
1431455
1431590
1431873
1432327
1432394
1432866
1433287
1433535
1433626
1434121
1434252
1434388
1434555
1434867
1435091
1435273
1435583
1435851
1436196
1436326
1436695
1436749
1437159
1437524
1437526
1437945
1438296
1438505
1438694
1438890
1439383
1439519
1439848
1440182
1440287
1440730
1440756
1441065
1441493
1441715
1442073
1442509
1442610
1442704
1443069
1443528
1443852
1444087
1444424
1444714
1445126
1445344
1445394
1445605
1445662
1446052
1446365
1446594
1446643
1446837
1447004
1447090
1447224
1447562
1447563
1448011
1448354
1448792
1448888
1448936
1449339
1449370
1449509
1449753
1450244
1450421
1450653
1450766
1451197
1451331
1451368
1451715
1451741
1451773
1451835
1452266
1452761
1453261
1453588
1453909
1454265
1454650
1454848
1455101
1455251
1455417
1455482
1455806
1455867
1455871
1456159
1456199
1456272
1456397
1456870
1457011
1457124
1457375
1457528
1457594
1457736
1458064
1458132
1458328
1458460
1458510
1458996
1459114
1459159
1459263
1459567
1459907
1459964
1460424
1460758
1461121
1461582
1461708
1461806
1462189
1462345
1462514
1462692
1462946
1463183
1463241
1463522
1463704
1463926
1464058
1464136
1464356
1464798
1465076
1465564
1465837
1465993
1466282
1466635
1467017
1467385
1467655
1467770
1468164
1468465
1468691
1469122
1469423
1469631
1469649
1469654
1469787
1470099
1470406
1470572
1470650
1471107
1471524
1471720
1471761
1472236
1472594
1472782
1472933
1473339
1473639
1473658
1474124
1474189
1474481
1474879
1475287
1475706
1475776
1476157
1476506
1476754
1476965
1477382
1477843
1478339
1478434
1478788
1479058
1479090
1479130
1479407
1479754
1480235
1480491
1480709
1481071
1481508
1481568
1481903
1482187
1482239
1482588
1483031
1483452
1483886
1483999
1484401
1484419
1484812
1484990
1485072
1485206
1485579
1485610
1486025
1486090
1486097
1486450
1486578
1486715
1486936
1487156
1487166
1487381
1487561
1488026
1488062
1488391
1488873
1489363
1489538
1490006
1490433
1490674
1490773
1490966
1491219
1491561
1491926
1492049
1492465
1492810
1493166
1493593
1493965
1493984
1493994
1494079
1494497
1494832
1494864
1495117
1495536
1495863
1496291
1496743
1496789
1496958
1497423
1497728
1497905
1498294
1498737
1499106
1499206
1499688
1499709
1500191
1500261
1500497
1500738
1500849
1501111
1501553
1501749
1502163
1502338
1502820
1502893
1503285
1503626
1503681
1503772
1504211
1504368
1504738
1504911
1505327
1505576
1506045
1506395
1506654
1506749
1507245
1507274
1507654
1507710
1507901
1508255
1508434
1508844
1509024
1509085
1509386
1509767
1509778
1510177
1510573
1510856
1511121
1511151
1511580
1511853
1512334
1512532
1512799
1512890
1512914
1513063
1513092
1513402
1513477
1513859
1514213
1514612
1514989
1515200
1515388
1515878
1515940
1516320
1516359
1516858
1517272
1517282
1517779
1518255
1518529
1518802
1518930
1519110
1519154
1519157
1519655
1519932
1520031
1520051
1520149
1520574
1520587
1521079
1521266
1521461
1521620
1521709
1522178
1522204
1522529
1522766
1523017
1523138
1523471
1523657
1523771
1524213
1524606
1524975
1524981
1525314
1525731
1526012
1526109
1526252
1526741
1526829
1527045
1527063
1527158
1527658
1527895
1528097
1528429
1528468
1528544
1529015
1529385
1529611
1529992
1530096
1530327
1530679
1531090
1531478
1531536
1531638
1531664
1532134
1532360
1532433
1532864
1532913
1533281
1533526
1533911
1534256
1534266
1534691
1535105
1535418
1535713
1536047
1536183
1536594
1536778
1537202
1537645
1537654
1538020
1538505
1538741
1539097
1539323
1539764
1540019
1540228
1540544
1540902
1541003
1541382
1541574
1541960
1542293
1542463
1542684
1542885
1543059
1543075
1543299
1543500
1543657
1543660
1544096
1544438
1544531
1544691
1544980
1545029
1545181
1545443
1545858
1545873
1546320
1546567
1546713
1547038
1547222
1547564
1547685
1548046
1548488
1548703
1548821
1549156
1549301
1549747
1550225
1550447
1550574
1550750
1550958
1551425
1551830
1551857
1552139
1552604
1552897
1553203
1553386
1553597
1553636
1553786
1553893
1554083
1554456
1554471
1554809
1555301
1555642
1555739
1555886
1556303
1556351
1556493
1556705
1556819
1556852
1557327
1557780
1557975
1558167
1558582
1558980
1559396
1559848
1560194
1560295
1560790
1561010
1561505
1561855
1562348
1562482
1562933
1563433
1563493
1563754
1563991
1564243
1564410
1564864
1565245
1565320
1565692
1565780
1565951
1566234
1566471
1566599
1566871
1566991
1567037
1567266
1567534
1567898
1568193
1568448
1568562
1568853
1568913
1568994
1569010
1569113
1569359
1569391
1569454
1569480
1569659
1569790
1570228
1570314
1570681
1571086
1571211
1571378
1571663
1571825
1572018
1572374
1572821
1572904
1573376
1573568
1574028
1574088
1574450
1574655
1575150
1575492
1575772
1576188
1576331
1576479
1576634
1576780
1577114
1577587
1577825
1578220
1578573
1579015
1579451
1579588
1579721
1579728
1580149
1580472
1580819
1581250
1581480
1581944
1582364
1582681
1583003
1583452
1583706
1584025
1584419
1584671
1584956
1585351
1585813
1586252
1586319
1586522
1587012
1587320
1587722
1588010
1588311
1588576
1589074
1589204
1589466
1589877
1590331
1590705
1590968
1591002
1591499
1591557
1591735
1592184
1592527
1592969
1593155
1593319
1593628
1593780
1593835
1594078
1594337
1594752
1594769
1595172
1595542
1595784
1596080
1596456
1596634
1596745
1596796
1596808
1597172
1597384
1597805
1598020
1598222
1598426
1598732
1598790
1599040
1599380
1599572
1599721
1599917
1600103
1600163
1600325
1600703
1600899
1601058
1601406
1601486
1601571
1601955
1602295
1602322
1602553
1602845
1602885
1603156
1603315
1603427
1603924
1604383
1604544
1604805
1605153
1605502
1605852
1605909
1606275
1606405
1606728
1607033
1607239
1607601
1607856
1607947
1607995
1608085
1608443
1608608
1608956
1609348
1609391
1609565
1609824
1610150
1610158
1610427
1610815
1611086
1611102
1611440
1611865
1612011
1612067
1612451
1612538
1612832
1612886
1612924
1613348
1613436
1613492
1613714
1613909
1614035
1614286
1614579
1614888
1615030
1615213
1615299
1615453
1615804
1615920
1615985
1616431
1616883
1617133
1617515
1617999
1618490
1618878
1619320
1619717
1619870
1620174
1620309
1620639
1620922
1621011
1621147
1621338
1621809
1622119
1622355
1622831
1623057
1623492
1623815
1624062
1624557
1624852
1624964
1625040
1625043
1625229
1625468
1625949
1626213
1626663
1626967
1627379
1627805
1628020
1628268
1628615
1629032
1629171
1629328
1629743
1630216
1630596
1630999
1631304
1631332
1631578
1631992
1632116
1632440
1632648
1632808
1633183
1633643
1634089
1634400
1634518
1634798
1635227
1635640
1635862
1636299
1636417
1636909
1637184
1637454
1637473
1637530
1637637
1637760
1638113
1638539
1638965
1639319
1639714
1639981
1640133
1640571
1640941
1641133
1641382
1641660
1641668
1641957
1642161
1642544
1643016
1643305
1643381
1643664
1643854
1644334
1644590
1644992
1645334
1645529
1645639
1645962
1646352
1646478
1646769
1646993
1647002
1647450
1647691
1647780
1648055
1648531
1649031
1649313
1649488
1649704
1649899
1650319
1650762
1651170
1651403
1651619
1651868
1651889
1652277
1652547
1653010
1653306
1653592
1653734
1654071
1654437
1654541
1654772
1655167
1655428
1655696
1656089
1656394
1656654
1657113
1657140
1657208
1657294
1657618
1657995
1658472
1658870
1658890
1659133
1659366
1659456
1659728
1660067
1660409
1660553
1660756
1660824
1661094
1661454
1661622
1661630
1661789
1662184
1662485
1662844
1663038
1663377
1663478
1663733
1664165
1664486
1664491
1664728
1664861
1664963
1665193
1665460
1665746
1666154
1666290
1666631
1666913
1667274
1667562
1667566
1668043
1668340
1668736
1668760
1669004
1669429
1669733
1670223
1670639
1670804
1670954
1671363
1671672
1671908
1672165
1672507
1672859
1673355
1673824
1673987
1674127
1674391
1674620
1674722
1674774
1675186
1675684
1675778
1676253
1676391
1676465
1676481
1676544
1676947
1677305
1677458
1677853
1677865
1678026
1678344
1678629
1679044
1679543
1679969
1680210
1680639
1681000
1681259
1681751
1681887
1681914
1682380
1682398
1682714
1683203
1683345
1683830
1683837
1684180
1684378
1684611
1685059
1685149
1685236
1685616
1686038
1686286
1686515
1686560
1686635
1686887
1686920
1687234
1687544
1687994
1688125
1688367
1688534
1688791
1689217
1689588
1690030
1690067
1690534
1690845
1691333
1691707
1692030
1692213
1692333
1692460
1692727
1692868
1693201
1693236
1693335
1693589
1693977
1694269
1694311
1694651
1694689
1695014
1695293
1695455
1695679
1696132
1696482
1696678
1696691
1696960
1697308
1697779
1698049
1698069
1698267
1698472
1698486
1698952
1699043
1699541
1699719
1699771
1699786
1700198
1700315
1700491
1700641
1701086
1701142
1701565
1701705
1701846
1702343
1702712
1702757
1702917
1703251
1703419
1703613
1703663
1703687
1703792
1704055
1704539
1704575
1704812
1704949
1705274
1705583
1706011
1706487
1706927
1707095
1707303
1707548
1707671
1707954
1707984
1708208
1708552
1708954
1709212
1709326
1709428
1709590
1709771
1710063
1710348
1710576
1710607
1710871
1711055
1711174
1711196
1711227
1711358
1711454
1711720
1711846
1711922
1712108
1712174
1712657
1713150
1713493
1713696
1714149
1714647
1715055
1715060
1715122
1715326
1715707
1715949
1715986
1716438
1716797
1717127
1717139
1717188
1717404
1717696
1717860
1718233
1718453
1718479
1718547
1718942
1719003
1719018
1719419
1719905
1720098
1720587
1720610
1720819
1721318
1721355
1721421
1721496
1721983
1722269
1722553
1722932
1723137
1723574
1723881
1723952
1724118
1724148
1724315
1724711
1724816
1725018
1725333
1725394
1725777
1725906
1725975
1726393
1726788
1727253
1727582
1727663
