La primera linea indica la cantidad de minutos a considerar (n). Luego vienen n lineas que corresponden a los x_i, y luego los n valores que corresponden a la funcion f(.):
8000
372
318
469
545
140
282
367
684
7
523
905
277
588
853
73
476
537
866
442
40
376
618
849
30
565
204
790
573
318
663
493
404
653
344
982
795
67
908
491
220
378
387
182
589
322
429
338
111
847
580
575
463
447
487
157
284
388
266
969
182
849
782
485
144
817
571
634
204
219
850
808
727
341
936
275
16
397
8
586
874
683
423
992
103
590
102
886
346
233
773
308
191
506
901
266
532
887
152
544
443
55
142
623
485
995
683
604
314
737
915
987
2
473
710
632
71
128
550
736
858
419
488
788
706
626
654
945
821
514
410
474
969
539
229
251
300
388
791
193
898
138
675
921
771
591
331
369
787
226
505
990
195
209
762
158
727
213
914
476
663
877
736
881
220
419
75
557
770
793
733
913
312
461
104
428
945
814
296
69
5
476
464
928
902
592
7
613
254
495
853
812
655
364
664
264
732
942
521
814
823
779
659
189
885
396
794
536
184
3
212
77
298
782
963
484
203
724
328
278
357
368
467
782
723
767
514
758
414
855
836
912
992
873
354
387
45
146
707
404
581
116
806
724
588
806
788
657
439
96
820
706
310
405
857
510
787
314
283
745
584
850
47
526
639
834
88
524
504
980
397
852
171
723
442
735
74
770
484
951
933
772
993
970
628
932
373
201
29
312
813
804
722
28
607
361
672
788
109
626
592
93
246
537
439
403
292
99
491
812
429
964
371
362
199
370
939
919
866
682
666
604
888
614
613
637
22
950
712
768
102
379
674
854
88
576
956
252
182
547
403
700
74
122
511
683
244
507
830
200
998
853
698
211
736
253
756
580
71
901
689
497
903
857
808
84
217
939
490
375
682
206
88
3
169
372
688
460
967
619
238
416
666
811
945
759
85
215
137
990
654
999
667
490
975
447
337
713
839
866
249
647
823
669
48
435
985
590
549
769
40
331
546
194
380
316
629
785
310
454
443
309
580
763
318
900
555
983
812
240
251
664
507
982
203
454
836
359
453
198
500
896
636
509
407
161
518
182
282
628
115
62
751
145
634
461
301
210
426
474
916
851
503
102
53
462
317
972
725
54
402
986
852
235
403
224
421
542
917
212
884
695
3
156
724
526
835
310
947
516
741
639
445
35
153
352
738
608
974
887
899
33
106
233
35
520
467
883
936
746
229
25
372
119
503
555
602
411
750
693
786
852
249
97
382
917
732
355
842
856
900
455
849
872
660
273
400
723
415
967
159
190
881
32
422
130
86
817
556
188
867
36
770
776
139
21
754
855
234
545
338
677
273
771
692
437
794
88
377
900
342
572
345
76
155
601
521
291
116
942
19
881
449
833
224
157
766
954
51
450
906
741
599
373
797
329
177
879
665
930
727
420
793
724
998
806
826
668
625
656
247
876
526
223
801
72
12
805
647
826
200
772
627
148
472
410
58
327
513
45
120
440
739
816
833
1
177
16
970
548
80
475
330
271
173
815
421
677
970
632
342
737
502
943
878
661
74
451
830
624
585
327
200
731
46
192
32
362
780
467
292
413
984
326
41
626
442
557
318
978
388
497
301
147
362
454
728
62
557
526
983
376
879
422
768
460
814
659
208
536
657
1000
678
598
955
852
579
772
904
479
920
469
313
543
324
509
438
131
499
784
51
485
352
132
964
294
422
415
56
943
302
1000
149
268
613
752
828
333
633
410
759
339
462
326
623
460
722
803
810
700
778
200
805
698
485
336
137
946
879
309
99
742
885
520
303
855
679
136
977
625
188
51
917
45
415
88
504
664
913
288
227
323
50
556
293
619
170
145
616
649
521
730
496
315
329
344
160
942
22
532
882
827
540
152
457
207
541
781
490
306
768
736
331
31
66
183
653
836
948
866
535
527
797
567
484
735
512
211
276
202
173
676
317
545
979
187
586
108
738
801
166
556
174
966
217
33
108
664
368
919
248
404
654
51
836
736
74
485
984
325
91
787
53
430
519
576
964
371
28
246
817
334
768
357
879
121
473
534
956
780
424
661
604
699
641
969
658
249
924
671
398
380
688
933
95
599
542
908
653
87
472
260
347
954
544
317
689
300
864
267
647
126
537
745
379
739
989
281
682
328
661
888
146
36
919
126
407
133
852
958
130
497
854
469
246
992
229
335
65
893
648
839
523
207
565
23
323
471
350
135
145
976
729
135
239
175
719
7
33
310
862
792
780
69
845
915
823
939
459
716
99
367
800
669
964
827
336
657
674
693
330
952
117
931
879
818
68
67
145
996
303
348
141
729
120
101
147
59
957
605
115
397
751
904
975
273
979
497
390
683
875
883
680
675
681
259
755
619
24
148
283
811
887
859
364
754
73
839
252
489
963
615
726
502
894
905
749
480
673
606
714
876
649
1000
636
173
763
444
815
497
345
559
936
154
9
872
163
294
850
866
773
836
680
661
772
897
71
787
628
678
923
785
933
121
403
101
447
968
108
813
385
797
284
405
245
641
198
805
481
6
312
93
307
979
707
781
982
92
45
58
221
468
913
509
662
359
940
965
775
1000
34
120
665
951
924
706
977
726
737
606
677
416
163
994
751
766
764
198
595
517
988
399
183
908
202
330
298
633
248
267
389
877
310
3
490
16
897
631
240
31
116
748
124
934
230
483
12
352
453
266
606
522
107
387
229
547
522
769
90
700
256
679
741
424
196
315
978
328
727
435
899
34
1000
381
462
895
985
404
370
460
724
643
184
814
590
968
114
790
340
900
200
119
77
533
396
516
452
305
896
758
726
590
619
680
236
272
443
763
870
589
970
993
980
834
811
550
627
84
707
840
220
894
563
71
251
944
743
379
600
886
229
18
238
247
43
445
351
767
311
407
992
452
65
16
216
680
834
104
701
404
550
515
698
684
443
348
595
981
980
40
659
439
986
677
619
88
182
557
672
759
82
121
111
102
40
244
549
453
902
841
246
18
592
91
332
825
251
342
836
960
130
492
760
954
84
101
298
507
788
6
539
137
612
557
298
312
332
555
268
360
214
331
242
358
964
134
65
178
642
67
792
722
12
804
546
678
666
856
257
312
596
872
202
582
165
688
531
919
133
599
974
611
800
989
250
352
852
773
786
89
75
173
44
561
427
989
420
980
288
606
211
874
391
229
992
55
953
142
619
208
304
462
995
197
459
221
403
635
477
367
385
223
133
292
283
976
499
502
993
561
969
73
480
535
976
613
502
388
929
113
265
851
656
349
163
982
293
116
871
255
576
544
223
65
256
211
734
697
901
490
674
507
779
81
72
742
589
502
373
335
487
161
908
186
161
662
800
203
530
315
108
390
96
492
654
613
909
552
966
864
618
183
338
917
200
652
62
623
779
861
153
377
767
469
903
793
159
997
609
876
889
908
498
271
820
182
447
394
494
774
882
326
285
324
825
410
98
23
584
915
629
457
490
357
758
917
28
232
428
612
633
584
906
80
442
167
611
728
706
612
392
81
724
172
474
226
988
602
95
84
813
404
354
133
84
440
596
548
840
871
663
54
968
132
711
981
148
249
13
193
943
321
728
688
829
354
839
951
399
86
109
813
180
717
46
195
159
656
847
193
699
549
280
585
755
733
952
148
915
271
777
601
448
334
413
198
836
196
969
665
887
202
974
812
642
842
560
897
898
949
837
598
258
518
512
967
398
156
215
744
642
803
810
668
824
681
875
754
295
359
347
242
535
950
232
966
303
92
589
971
683
967
499
213
838
979
14
514
8
405
533
163
116
982
626
654
457
744
599
638
682
434
775
633
48
207
551
310
351
790
785
135
330
773
860
201
195
780
413
152
758
16
557
550
461
789
839
79
291
807
708
821
809
739
196
165
251
383
161
333
387
171
912
865
481
807
400
467
942
645
875
708
380
78
660
100
741
264
646
892
759
344
616
312
4
817
143
786
558
159
63
672
884
21
543
728
152
204
85
138
329
852
856
465
373
700
568
270
1
237
762
558
465
484
913
767
245
427
348
231
702
900
777
914
807
583
142
216
615
340
706
958
392
902
512
412
50
868
221
763
351
4
97
84
905
222
975
571
392
489
219
188
265
402
123
864
25
47
437
279
748
673
740
184
584
75
725
7
30
897
285
257
893
274
747
963
170
998
741
875
139
458
984
189
465
968
865
816
914
902
332
567
830
124
767
536
809
235
570
328
923
334
360
186
959
731
298
594
898
188
984
814
349
741
637
925
18
220
603
390
294
779
482
350
582
944
407
119
350
642
604
600
660
361
411
897
263
309
885
950
117
51
536
967
245
459
227
368
951
660
230
259
440
736
373
897
851
345
204
336
412
258
242
428
244
426
419
793
594
557
202
427
121
270
955
820
129
740
117
497
624
91
273
170
677
502
356
918
863
711
770
249
671
888
130
189
938
861
329
800
731
617
837
784
810
27
852
277
410
246
32
773
244
819
724
582
538
687
453
481
932
434
834
568
805
567
86
352
128
722
261
818
889
289
235
324
523
657
293
723
380
634
628
596
448
459
562
940
453
292
473
846
829
272
811
566
3
506
865
320
475
50
269
766
476
507
62
265
868
575
164
636
48
49
885
93
94
547
325
488
554
870
632
727
467
154
704
221
241
231
920
12
445
109
620
701
616
747
103
317
158
449
909
630
312
342
967
639
645
671
827
84
258
118
232
61
457
585
508
19
778
813
80
268
807
573
783
747
52
600
40
339
607
619
96
839
858
955
648
8
491
569
741
543
732
868
712
951
65
551
706
906
548
22
477
523
756
105
196
715
380
895
26
116
891
281
18
137
255
829
508
267
229
603
339
435
651
965
984
512
665
894
388
786
473
749
441
130
378
510
494
646
120
300
903
95
933
29
991
977
746
768
824
127
130
138
172
578
832
464
999
959
823
789
745
762
126
377
703
888
165
814
760
815
588
8
799
495
965
133
150
8
411
456
116
632
127
471
356
672
709
836
163
37
951
982
415
480
848
109
301
99
479
102
471
826
645
855
290
201
236
302
571
677
348
332
897
52
560
124
216
338
828
654
51
26
126
759
730
717
226
891
226
23
625
139
876
326
297
385
299
693
773
754
892
394
876
605
728
710
599
591
285
67
243
87
281
283
230
647
785
742
951
297
820
242
838
345
606
238
901
9
482
252
720
855
534
374
183
819
573
454
881
486
348
640
478
738
503
265
785
423
254
747
213
749
689
814
400
523
607
877
310
1
58
118
547
236
15
867
213
589
659
411
989
284
398
434
81
306
476
907
382
744
82
427
336
573
37
738
649
961
877
156
407
355
924
574
39
276
448
780
75
418
518
493
484
675
124
415
159
257
335
970
744
326
119
650
772
980
25
873
77
121
122
444
415
298
903
502
789
845
429
488
595
332
205
287
287
813
451
471
603
439
962
205
85
339
427
735
775
894
55
300
268
251
270
3
597
682
569
193
989
66
281
478
60
786
394
69
142
392
265
966
242
750
48
320
438
499
295
783
937
635
453
689
419
417
846
474
736
273
860
167
585
626
253
402
545
512
207
34
694
35
598
998
233
93
923
893
922
297
590
557
238
261
314
321
606
614
47
569
474
924
943
380
224
437
735
1000
708
894
844
244
795
693
639
137
105
615
451
882
906
432
481
67
319
408
309
376
209
149
506
811
604
413
841
773
45
550
397
147
392
682
996
279
852
572
267
477
876
797
167
117
181
256
384
365
421
95
716
364
264
742
869
856
950
6
486
701
375
331
430
44
946
152
606
409
569
588
668
325
841
78
156
551
578
186
216
647
740
860
869
154
402
595
729
949
139
727
733
593
298
741
521
845
857
573
161
784
508
387
640
973
22
514
719
704
658
975
969
622
819
538
117
732
701
686
597
329
13
120
676
137
262
653
181
76
873
76
59
222
9
836
385
931
345
720
28
203
588
989
697
37
50
870
387
421
972
506
382
265
716
484
666
637
88
314
201
584
848
210
917
741
784
891
841
898
565
798
483
76
358
751
214
132
543
518
637
365
105
979
127
958
482
641
25
251
146
10
993
193
520
246
552
716
96
412
558
569
26
84
866
413
384
582
254
156
399
86
772
52
872
70
567
51
425
171
506
292
3
690
111
288
802
399
125
64
488
684
848
305
499
391
355
272
38
617
710
256
864
682
62
795
905
737
945
125
241
632
305
944
472
573
802
67
343
296
745
152
184
490
49
437
571
915
917
930
436
972
209
839
448
158
370
775
202
510
605
350
829
11
599
789
372
992
643
469
948
46
438
744
445
392
306
214
714
454
268
287
912
881
467
718
664
887
983
248
149
408
503
828
481
446
686
189
801
913
472
483
895
574
388
151
308
400
404
200
171
816
863
445
842
608
285
501
400
984
607
470
223
507
117
570
457
993
338
544
280
208
351
961
839
84
175
418
43
992
858
115
20
321
35
804
296
822
853
537
934
880
828
16
117
282
826
221
38
352
852
790
834
828
243
885
984
742
249
709
109
370
720
951
942
469
118
71
816
43
985
780
154
484
769
652
332
389
429
658
551
939
232
842
522
129
657
634
934
328
973
421
374
553
717
281
547
25
107
283
501
209
214
262
30
71
876
311
440
861
387
87
240
643
477
983
209
2
311
802
865
510
286
378
199
859
681
130
539
18
351
727
952
701
451
649
582
459
385
848
239
675
161
109
875
816
807
70
682
740
214
985
381
120
16
928
816
30
671
477
332
834
734
335
993
916
273
675
719
176
62
777
152
791
262
304
903
600
360
351
617
10
594
648
578
161
510
368
189
892
872
374
520
41
613
129
206
110
863
251
406
544
448
293
89
90
536
574
551
260
328
837
212
770
634
731
510
709
948
458
993
722
216
266
462
410
159
346
470
101
350
945
871
832
205
154
332
469
18
244
696
842
249
548
255
662
416
230
540
620
93
7
943
870
709
640
455
426
567
478
626
490
13
362
678
214
203
939
315
351
430
12
846
372
446
45
17
547
230
951
918
517
543
902
441
788
732
862
569
265
421
330
186
877
32
162
249
459
541
48
846
300
246
871
582
649
15
350
613
796
374
509
441
64
462
289
750
181
562
887
23
946
691
754
842
746
61
718
825
427
774
32
991
33
439
76
813
101
714
362
640
908
248
853
489
986
507
419
914
656
604
682
246
146
880
70
933
428
104
421
333
858
505
902
457
390
460
465
990
527
960
764
607
89
224
927
31
542
130
824
250
909
162
922
529
333
775
337
92
403
60
689
717
572
377
155
886
294
724
10
806
430
233
141
802
66
95
41
881
585
436
109
95
63
476
200
335
642
504
437
412
754
598
19
523
517
9
117
997
978
876
676
660
107
981
622
739
197
533
183
347
29
737
361
396
970
608
493
713
22
449
212
125
964
620
87
851
69
366
517
265
754
623
80
280
677
770
992
624
821
760
540
109
603
740
184
945
941
823
194
749
326
119
669
442
442
281
436
495
102
628
503
11
52
666
794
574
748
807
909
617
10
442
677
493
455
774
407
442
807
722
787
593
275
991
638
265
469
583
907
626
865
491
580
768
468
849
411
490
889
149
957
472
340
922
953
251
331
674
430
158
70
718
6
21
562
169
242
282
122
616
669
856
676
816
89
575
721
20
932
555
733
975
213
865
172
119
710
15
389
613
374
253
510
697
547
45
609
505
393
822
96
930
705
48
760
199
921
591
2
743
906
398
514
500
277
968
923
781
428
547
227
589
383
654
908
645
178
723
294
661
293
203
949
629
310
203
730
362
141
242
379
843
394
152
498
768
56
206
993
826
297
807
647
974
866
729
306
310
40
477
66
460
324
886
233
303
116
381
799
392
373
897
182
317
893
381
399
494
560
792
842
55
829
934
801
162
378
60
209
915
523
501
17
610
968
65
196
634
149
619
273
391
937
300
722
599
722
103
697
123
323
600
681
158
25
740
997
754
147
456
264
33
160
425
770
412
278
679
658
12
349
619
85
74
265
929
315
751
861
95
763
581
820
11
330
936
870
23
907
364
834
411
625
810
517
682
620
730
989
497
116
427
765
482
233
607
693
13
100
487
275
6
233
369
467
219
180
166
890
795
355
752
583
644
777
421
368
670
755
730
538
327
662
212
318
907
976
289
526
646
414
164
235
543
254
11
507
442
827
746
359
592
511
320
424
677
715
957
621
959
398
101
154
747
243
232
980
334
516
319
469
58
850
845
878
187
664
175
113
483
369
526
205
819
497
688
62
273
866
439
211
392
636
66
185
784
747
537
116
15
636
553
619
125
58
722
426
111
717
209
343
685
285
21
102
969
902
712
7
231
63
131
841
372
842
867
713
836
43
900
209
935
877
322
10
601
164
185
393
198
401
477
247
585
131
510
516
200
399
433
815
768
96
819
866
352
17
489
933
452
240
700
7
303
931
771
108
85
512
87
170
104
160
42
742
773
557
768
107
336
914
934
163
560
681
436
484
218
792
176
739
254
498
125
724
879
436
480
300
1
691
608
282
951
682
7
18
947
590
321
399
857
533
986
723
801
395
407
649
149
564
894
920
778
717
436
255
581
834
827
183
634
750
505
555
75
943
928
823
296
689
901
900
792
129
612
606
416
571
409
916
373
58
645
659
757
185
776
398
811
240
20
17
710
133
259
796
537
262
949
957
770
662
816
788
739
776
32
43
499
844
733
997
556
243
985
87
469
508
339
890
241
839
956
846
308
794
217
218
738
643
511
997
985
634
718
457
946
366
932
657
509
865
140
594
251
678
307
153
72
957
804
206
761
144
63
366
661
12
757
740
51
670
611
510
947
737
504
488
496
177
668
857
672
948
399
114
224
960
56
651
284
430
678
267
680
911
653
892
754
379
963
393
195
627
562
108
445
488
462
701
30
626
236
138
807
909
729
208
869
742
699
570
224
82
642
508
121
79
518
982
967
13
476
322
528
897
811
64
525
255
109
303
266
608
168
915
275
200
264
380
902
972
822
566
286
582
643
704
963
924
639
133
929
983
450
881
771
756
371
269
626
887
314
703
434
940
177
636
148
4
551
484
845
477
365
609
100
38
256
816
782
41
638
649
60
182
192
816
844
924
904
84
859
319
267
322
149
829
227
733
891
67
579
392
424
966
422
781
924
69
848
565
250
300
466
203
143
998
151
46
629
212
172
981
388
335
552
996
649
958
707
515
997
287
998
896
519
259
818
719
814
907
369
110
988
667
868
153
17
932
43
714
910
64
73
595
487
647
519
402
951
34
991
650
406
979
190
190
203
455
342
695
766
122
991
526
451
333
140
623
1000
477
753
957
863
822
794
467
888
328
170
110
961
625
516
558
33
3
273
79
528
943
699
496
997
481
645
677
229
562
516
77
284
784
424
48
902
735
275
988
297
67
552
192
541
42
17
939
908
841
108
23
807
605
880
414
569
851
402
863
839
943
160
764
278
121
195
67
933
362
609
812
421
2
772
949
236
948
57
207
555
953
366
510
97
896
134
819
640
351
811
298
803
536
775
192
92
705
158
782
701
34
26
164
474
23
808
298
708
50
562
455
660
872
935
162
138
356
934
209
104
837
671
897
669
830
538
435
190
351
937
860
819
227
102
506
250
659
245
236
858
626
332
632
760
381
827
792
431
541
716
150
767
566
754
168
290
302
841
41
905
613
212
704
661
407
108
843
700
10
562
226
372
851
548
516
343
489
66
49
386
605
239
488
287
906
950
480
625
862
811
383
538
952
953
918
946
694
884
25
499
454
739
379
805
423
758
377
700
908
415
88
143
573
268
504
70
826
608
748
513
169
395
648
959
30
259
118
994
99
383
6
478
780
721
583
364
233
28
88
277
909
704
122
557
239
294
477
544
123
895
186
361
849
791
703
480
277
447
566
924
826
112
10
552
396
87
780
346
55
279
295
556
216
225
297
428
593
406
11
839
635
815
801
3
89
309
864
581
750
47
177
795
827
794
467
690
67
520
670
690
178
441
872
625
614
76
310
912
891
249
332
511
214
353
610
764
641
493
400
401
593
763
401
669
615
691
598
505
105
536
776
531
696
43
285
695
34
584
592
359
705
65
547
116
944
435
544
87
702
130
412
873
987
849
962
408
841
539
959
666
268
330
451
65
488
34
842
189
173
352
800
463
744
319
226
65
206
601
214
587
975
254
654
258
263
604
131
824
189
440
597
678
407
283
837
2
882
195
56
636
810
56
329
708
964
320
601
155
422
818
104
837
455
918
59
656
904
234
450
17
95
548
325
375
702
234
150
776
637
449
329
516
598
717
952
553
109
187
84
541
431
810
162
781
948
639
164
17
426
901
777
843
282
369
515
465
101
845
201
630
84
152
491
442
523
528
175
44
826
587
111
379
7
413
867
450
599
266
976
774
745
207
351
410
120
766
464
620
473
558
688
279
14
409
889
681
867
235
663
381
760
466
817
619
729
605
956
92
848
825
522
343
932
310
365
974
825
291
334
735
764
760
341
301
187
213
552
808
309
811
385
252
849
799
445
928
257
560
258
922
47
125
266
818
472
839
827
314
67
782
791
787
358
767
159
966
118
766
512
836
275
388
668
975
851
788
700
269
711
938
83
753
898
65
257
120
144
99
786
847
630
349
469
249
142
905
97
790
93
733
976
567
311
658
40
216
372
939
195
892
235
286
999
419
49
834
475
194
752
331
397
153
452
306
733
685
892
954
18
592
224
347
49
40
549
85
596
52
299
732
221
768
116
839
722
130
96
864
705
82
13
268
823
39
333
743
409
216
3
972
747
896
118
389
76
301
326
114
725
158
405
616
77
763
896
56
657
875
888
658
415
363
780
348
113
100
719
891
678
874
735
515
389
315
160
150
100
904
717
322
70
137
257
914
198
697
852
866
271
464
118
265
638
334
873
805
384
338
71
437
613
712
176
691
222
157
140
224
591
354
811
129
762
654
218
205
753
751
632
879
748
49
861
161
259
891
773
933
423
174
979
561
347
978
365
59
605
522
530
301
785
381
234
972
354
572
747
300
660
918
363
662
188
92
10
413
71
21
851
926
294
565
876
797
835
475
301
436
974
141
773
618
304
878
342
889
699
108
773
65
784
521
650
17
134
727
366
857
157
317
75
614
483
925
86
389
6
855
184
996
137
408
590
523
56
567
638
289
779
270
774
702
394
39
121
957
744
864
411
452
297
417
902
363
767
148
690
31
561
928
728
276
822
934
541
627
883
731
699
718
871
774
758
837
242
616
335
958
726
550
282
808
96
304
135
108
466
302
836
735
603
902
912
805
223
619
670
524
519
779
349
832
779
313
34
309
52
922
245
791
382
124
281
870
542
831
3
392
356
808
3
758
441
626
649
644
9
625
368
73
297
651
345
121
651
88
544
516
802
359
62
996
496
883
34
452
477
472
749
61
565
726
455
473
223
850
287
408
45
436
286
702
2
228
373
744
516
711
187
416
343
749
206
164
840
87
99
463
385
832
893
881
600
543
430
355
165
954
749
190
496
307
829
964
408
659
345
275
824
882
507
864
299
92
81
987
249
706
595
122
850
704
576
74
865
303
759
240
786
819
669
957
21
968
942
368
314
445
744
175
767
627
306
973
85
420
778
544
309
247
950
761
33
41
75
167
356
591
186
406
574
32
294
577
448
120
266
556
299
722
465
971
357
630
127
304
506
329
969
820
939
707
4
257
573
706
136
343
792
961
880
272
603
517
58
244
996
443
282
188
41
875
222
199
383
747
112
897
647
731
395
189
114
513
493
183
303
668
511
624
727
583
866
709
387
713
232
889
974
770
958
464
225
600
198
97
748
970
199
153
789
769
317
768
187
156
870
53
928
212
228
312
667
181
25
709
253
321
460
815
791
316
180
454
542
266
551
198
293
615
312
589
144
278
614
881
32
556
412
953
61
795
614
143
276
46
381
66
434
794
965
598
686
233
782
353
451
621
935
653
823
217
953
826
832
673
547
57
79
578
512
443
755
471
118
41
873
563
688
194
475
53
673
239
430
760
808
937
504
826
606
1
348
700
843
827
581
193
931
819
318
25
614
407
189
933
154
275
512
43
851
632
311
119
824
30
40
900
443
219
148
524
117
513
245
804
464
999
95
493
340
670
6
113
277
832
444
958
328
737
864
587
734
367
997
942
712
462
655
958
539
927
866
186
20
349
461
558
755
687
652
902
521
129
740
789
201
801
938
648
644
807
245
44
720
283
712
404
457
931
156
164
725
294
99
667
337
3
881
79
493
479
344
460
107
119
377
1
943
812
877
273
334
117
314
862
527
725
732
275
671
591
710
415
39
868
985
334
815
425
369
170
527
12
56
408
215
592
602
43
598
479
72
2
316
705
871
994
474
262
743
749
131
566
423
335
123
141
606
259
701
55
678
279
427
786
406
709
667
835
522
265
699
638
960
317
294
104
632
929
213
868
906
762
861
314
262
343
149
268
160
64
263
759
93
498
903
71
242
885
680
595
127
54
137
463
33
648
266
799
643
152
384
301
251
103
324
534
254
483
262
373
253
473
346
804
884
92
582
828
46
116
228
227
695
907
499
223
573
608
80
189
482
473
97
577
574
939
531
566
443
731
343
514
798
132
240
471
495
105
894
799
857
651
167
335
976
487
866
863
993
375
374
410
283
617
940
730
69
291
348
810
519
206
698
522
762
992
104
215
34
918
255
329
774
711
830
353
897
217
647
671
466
601
721
684
250
470
849
535
497
570
4
411
165
603
49
549
235
654
607
653
592
598
265
912
668
978
724
556
265
155
632
241
203
142
361
536
841
688
906
784
542
4
995
302
849
805
377
441
426
58
493
938
915
676
189
491
251
118
794
428
825
493
963
258
387
339
426
336
153
774
684
322
951
451
764
382
484
7
564
708
787
372
944
514
54
923
711
63
704
569
100
508
936
385
964
798
54
760
547
977
391
130
135
948
452
857
544
105
868
997
27
323
453
763
552
309
170
280
709
307
530
51
224
409
709
128
552
530
298
867
526
431
723
596
220
646
312
405
762
481
234
408
104
121
950
291
498
302
639
98
958
808
56
795
745
999
100
770
410
831
475
235
168
232
546
998
772
946
314
574
556
599
220
350
939
341
77
107
60
547
708
499
172
215
192
269
431
967
83
153
737
108
406
338
738
178
587
150
947
775
166
46
830
327
714
376
124
315
611
113
492
918
724
163
438
712
569
689
79
676
561
382
970
923
127
815
366
275
347
680
372
119
409
784
648
451
628
658
901
939
790
924
699
507
582
400
90
240
349
897
2
383
952
933
690
517
995
613
986
303
104
664
808
227
105
822
372
1
201
51
288
408
296
320
535
238
482
747
93
302
314
589
464
153
775
949
676
995
708
760
471
820
889
252
350
509
810
880
634
563
61
924
231
52
63
941
471
235
729
765
652
202
305
144
72
201
781
131
460
844
566
810
589
435
323
569
47
294
523
595
742
34
400
631
822
909
473
825
911
269
58
572
717
410
901
454
694
266
1
711
271
492
707
106
912
588
56
972
527
849
381
237
499
732
443
467
729
121
337
292
89
598
373
584
827
255
404
24
822
170
236
718
595
631
93
897
885
161
931
608
368
913
922
615
855
505
955
266
477
799
228
248
600
40
693
791
580
7
914
699
351
51
577
145
72
977
448
925
862
184
560
54
216
956
500
909
86
764
544
558
901
793
326
651
246
770
82
344
284
808
178
135
38
1000
436
317
890
659
173
662
412
605
441
594
515
101
791
905
401
803
612
360
679
586
318
186
475
503
669
263
283
697
699
279
416
392
653
509
452
92
630
491
928
930
127
838
988
161
905
94
347
395
578
330
763
773
900
830
101
999
612
232
199
459
776
694
5
323
104
300
13
663
978
873
170
371
112
318
360
539
332
990
444
420
48
580
462
439
385
682
6
701
457
837
963
504
503
987
93
590
659
192
895
458
178
526
39
974
960
880
283
563
450
683
414
226
518
23
300
361
195
842
536
525
348
896
177
507
755
751
890
756
518
24
459
770
138
281
220
42
486
465
350
637
737
313
835
311
575
136
682
466
247
874
465
988
791
779
780
965
211
182
242
918
616
303
186
565
505
43
537
466
452
602
218
825
790
568
716
438
198
881
588
763
220
441
470
657
73
482
804
205
119
165
171
982
56
626
445
622
222
164
755
546
277
834
106
8
100
790
89
541
256
300
110
688
749
373
360
65
446
703
641
154
733
264
350
266
877
960
421
70
145
447
521
501
972
788
814
458
558
278
875
174
841
943
616
497
969
732
361
362
369
808
93
340
249
60
797
604
976
850
904
719
485
152
11
350
653
638
896
525
524
657
118
392
418
229
252
707
197
655
854
793
132
207
527
632
613
256
458
495
242
409
215
973
758
89
408
951
855
637
519
760
166
528
424
751
557
831
268
195
915
128
683
597
907
247
731
262
515
742
479
676
624
457
369
386
787
830
269
158
644
595
80
728
370
295
352
160
485
765
282
364
968
165
948
843
488
737
36
25
295
311
773
683
816
546
69
965
730
199
926
970
30
104
976
394
864
890
525
792
257
383
826
965
825
24
690
563
873
979
402
380
632
774
778
750
317
158
901
431
645
940
810
563
753
73
346
488
396
745
224
217
416
730
80
394
957
677
399
641
267
356
848
669
833
412
191
249
30
60
929
993
593
957
500
803
750
116
949
90
410
521
780
553
304
306
670
599
646
837
304
904
330
502
460
186
10
774
463
46
153
254
867
604
888
646
834
73
357
231
267
608
841
701
601
944
108
50
493
247
720
482
335
921
419
95
610
794
506
825
322
403
22
828
594
37
657
345
920
676
826
908
739
71
428
311
44
432
527
175
56
799
384
502
195
354
180
918
97
882
967
270
535
767
440
754
56
956
122
991
79
200
63
652
39
928
487
846
691
929
2
378
469
245
955
559
746
551
679
168
544
739
435
39
100
827
51
153
502
327
350
813
918
63
814
95
266
731
783
375
425
183
70
882
652
578
109
789
862
801
252
723
834
866
460
781
886
217
80
619
39
513
603
457
547
452
555
469
30
728
278
8
985
853
170
687
599
917
12
768
944
433
596
925
683
173
674
961
915
238
855
421
745
269
849
248
513
908
867
982
154
804
693
460
24
574
457
606
363
285
423
107
865
429
671
359
312
340
70
378
750
865
791
664
485
826
512
558
437
81
865
591
828
87
805
383
200
895
86
52
182
681
928
440
956
119
852
512
403
103
414
951
299
101
27
907
986
486
913
864
399
743
888
815
190
402
975
427
355
462
503
903
885
681
156
276
155
165
12
583
642
163
214
249
763
650
852
854
260
13
393
243
264
713
371
625
190
549
843
293
584
38
836
980
777
992
109
182
393
285
1000
262
966
999
150
113
49
687
402
203
454
377
351
533
549
319
469
523
413
993
880
594
925
663
18
897
476
593
561
932
787
829
496
386
270
724
667
994
18
984
763
493
476
600
362
950
820
822
878
132
452
227
652
978
969
574
805
117
820
183
697
818
961
935
3
258
42
404
775
981
47
883
987
2
184
361
218
690
601
717
702
876
338
996
652
461
660
601
873
824
941
437
656
990
204
258
748
692
377
970
447
364
674
331
635
259
334
710
722
677
301
34
449
99
835
711
987
786
121
700
602
784
159
140
759
272
445
949
933
568
974
449
765
603
59
180
106
981
842
327
527
321
676
676
851
761
921
861
982
433
986
417
794
585
618
255
518
561
484
146
969
136
50
805
910
455
311
888
864
893
151
383
326
771
845
342
633
435
888
11
647
453
235
841
670
135
884
878
150
216
593
958
676
35
4
5
567
724
458
915
493
817
480
95
262
710
842
394
178
300
241
846
258
740
412
134
674
535
499
145
21
238
738
956
909
684
490
64
922
778
497
564
454
259
899
557
971
741
314
956
535
650
258
850
508
5
634
274
754
309
497
588
80
411
656
473
300
226
224
214
553
771
433
692
806
349
388
516
856
865
176
998
361
926
944
365
785
490
244
650
753
705
423
85
150
143
500
469
747
745
96
475
371
352
247
35
252
165
531
231
581
326
757
211
439
125
599
65
400
636
295
855
132
859
683
845
874
758
103
894
281
408
751
573
882
603
363
795
742
943
676
965
745
791
468
922
287
458
469
606
22
507
54
41
30
70
668
253
836
414
144
915
157
154
341
838
768
967
573
459
537
34
414
236
578
702
281
542
245
519
133
646
298
139
317
67
824
385
693
228
384
659
549
48
758
132
18
27
10
651
782
48
208
358
165
997
906
39
897
1
875
956
14
446
290
545
129
589
217
492
602
981
730
989
627
401
385
440
840
780
377
530
648
124
741
666
648
944
407
52
907
589
937
411
918
471
999
998
23
156
330
947
364
413
84
740
416
208
88
665
743
210
702
630
61
701
337
694
540
444
71
123
875
760
480
861
349
164
50
256
365
216
559
893
245
860
14
302
612
570
790
833
499
632
835
102
495
44
988
830
781
156
884
294
413
135
675
733
86
459
271
831
979
334
352
183
264
167
837
589
197
931
599
196
620
369
525
388
87
655
108
286
701
531
262
966
549
205
711
967
807
848
313
510
689
362
944
282
909
458
652
463
904
30
209
466
457
470
569
606
34
631
560
806
49
232
901
746
878
876
428
572
582
660
890
224
503
740
389
524
667
925
388
984
400
68
624
63
687
413
678
528
821
382
249
327
450
99
828
771
507
723
243
166
864
983
517
664
749
494
837
348
236
368
281
816
556
827
228
822
150
554
738
389
508
994
383
418
459
472
559
349
566
737
229
318
977
263
125
963
567
295
136
126
550
515
396
737
388
526
744
142
441
975
921
829
776
96
715
401
246
835
409
701
55
328
883
248
883
696
205
878
412
524
741
898
909
76
591
608
174
386
356
732
235
816
543
776
539
519
815
851
571
622
707
694
988
362
332
882
467
607
898
437
533
408
175
325
771
747
628
238
763
685
54
250
985
108
614
371
466
884
858
206
805
974
586
325
382
983
786
627
438
488
932
682
957
338
797
562
690
456
127
371
27
666
46
994
259
132
440
973
345
382
432
613
822
662
89
655
832
228
780
139
181
645
390
580
814
988
239
658
472
975
427
232
403
492
176
297
990
459
142
857
876
180
531
945
248
501
913
787
919
345
612
256
795
446
655
74
132
778
471
815
894
5
96
646
133
265
909
288
176
126
812
736
753
303
61
737
425
780
557
545
953
807
125
509
127
700
607
237
467
654
387
761
736
204
347
528
40
890
278
542
823
665
421
373
158
593
45
840
3
810
326
258
221
763
115
398
480
826
779
856
88
318
58
343
423
385
159
265
335
941
766
631
200
128
798
255
420
852
404
844
587
673
296
712
359
720
769
458
675
134
555
528
756
565
535
96
910
770
34
953
982
169
142
120
499
134
415
695
537
219
773
767
369
923
418
193
463
398
981
322
93
850
932
909
177
229
449
381
806
381
639
417
752
862
865
234
127
977
88
488
99
186
930
467
70
110
136
352
246
954
450
671
822
195
705
915
145
553
429
52
309
183
219
897
694
740
666
492
385
532
85
250
706
608
469
390
185
317
755
286
740
484
661
316
1
280
912
264
640
719
359
490
304
383
751
731
236
325
702
991
168
648
767
67
615
172
837
653
462
838
37
573
364
333
938
408
444
196
944
241
850
337
990
232
79
593
576
846
698
931
193
213
401
184
10
598
856
418
25
896
992
596
126
344
458
862
919
17
351
874
910
31
996
227
997
474
665
431
20
750
109
781
596
48
190
280
953
475
11
897
868
911
385
654
979
249
611
602
20
951
529
304
537
811
936
739
837
366
879
729
138
8
394
539
966
423
304
420
787
920
984
685
1
240
180
809
40
762
411
682
203
811
814
340
383
64
141
197
650
496
29
659
867
690
439
381
988
905
327
633
947
196
137
37
573
601
507
407
321
9
570
77
318
968
89
137
366
551
502
993
49
379
422
777
788
526
635
152
19
32
66
635
271
804
948
444
894
760
450
347
527
286
351
693
929
621
866
331
405
844
694
324
971
202
895
317
614
243
171
187
771
68
801
53
413
231
7
545
298
128
258
352
658
466
50
329
73
91
479
689
1000
237
677
506
56
65
863
694
147
454
82
448
901
220
658
892
266
292
916
3
683
635
564
300
380
301
372
859
447
434
679
472
769
926
637
490
869
117
705
923
132
341
332
317
228
573
127
744
790
872
363
537
340
738
988
1107
1272
1724
2044
2453
2950
3199
3302
3557
3661
3944
4158
4541
4941
5181
5298
5631
6127
6140
6484
6650
7121
7605
8041
8463
8573
8937
9316
9475
9731
10054
10461
10553
10783
11136
11487
11619
11631
11921
12120
12219
12520
12812
13308
13603
13833
13956
14342
14608
14882
14981
15087
15361
15670
15675
16070
16134
16575
16703
17119
17304
17740
18038
18104
18474
18550
18760
18770
18904
19331
19768
20008
20479
20846
21280
21518
21785
22185
22471
22785
23112
23311
23438
23599
23719
23813
24201
24400
24719
24770
24826
24944
24958
25233
25322
25495
25974
26269
26569
26729
26819
27103
27142
27334
27710
27729
28056
28120
28204
28365
28688
28773
28929
29192
29686
29787
29940
30148
30598
30998
31257
31693
31832
32004
32499
32897
32960
33326
33712
34164
34407
34505
34589
35012
35322
35531
35658
35904
36162
36208
36253
36714
37032
37044
37330
37630
38121
38150
38265
38384
38814
38842
39243
39653
39932
40040
40215
40267
40306
40469
40745
41024
41487
41659
42031
42450
42734
42810
42876
43357
43711
44166
44470
44745
44819
45027
45459
45586
45816
46024
46383
46769
47078
47459
47664
47981
48192
48586
48645
48831
49247
49691
50058
50070
50265
50761
50775
51057
51493
51618
51932
52125
52236
52625
52875
53324
53754
54226
54478
54527
54630
54645
55069
55462
55798
56092
56248
56337
56755
56835
56880
57271
57590
57595
57740
58049
58364
58684
58989
59400
59643
59730
60016
60144
60321
60476
60592
60987
61319
61384
61573
61802
62255
62710
62970
63097
63212
63453
63825
64271
64499
64609
65045
65477
65946
66225
66454
66682
66901
67345
67450
67569
67658
68079
68454
68732
68872
68935
69430
69897
70179
70207
70455
70853
70926
71149
71428
71481
71961
71964
72390
72692
72872
73264
73464
73629
73654
74015
74247
74556
74983
75203
75327
75587
76063
76218
76394
76700
76822
77125
77256
77700
78117
78235
78255
78413
78418
78865
79093
79304
79664
79933
80150
80314
80537
80920
81118
81434
81889
82056
82103
82468
82883
83248
83422
83803
84198
84523
84922
85155
85179
85585
86009
86117
86523
86594
87019
87379
87612
87665
88018
88137
88284
88587
89049
89414
89548
89937
90202
90640
91109
91608
92073
92388
92394
92649
93019
93450
93560
93998
94424
94750
94962
95352
95576
95874
96308
96583
96917
97335
97612
97751
97841
98001
98366
98814
98884
99134
99154
99363
99777
100085
100143
100327
100712
100984
101428
101631
101872
102228
102522
102781
103001
103440
103720
103773
103965
104428
104692
105101
105513
105529
105882
106165
106581
106962
107155
107263
107396
107602
107747
107910
108375
108463
108714
108947
109202
109219
109495
109652
109789
110212
110277
110662
110793
111127
111502
111997
112021
112075
112218
112247
112702
113189
113604
114030
114320
114357
114532
114898
115244
115719
115953
116330
116581
116955
117252
117735
117879
117923
118203
118613
118620
118706
118989
119101
119548
119612
120058
120243
120700
121023
121509
121574
121616
121899
122217
122661
122801
122829
123226
123440
123682
123821
124041
124500
124612
124827
124868
125357
125695
125919
126379
126853
126874
126922
127391
127548
127580
128054
128196
128539
128951
129181
129395
129818
130223
130317
130625
131087
131310
131599
132045
132167
132587
132932
133257
133289
133491
133609
134104
134586
134982
135010
135289
135511
135826
136105
136270
136362
136437
136602
136969
137288
137450
137559
137837
137838
138016
138350
138816
138961
139326
139344
139497
139717
140058
140089
140233
140486
140641
140740
141016
141153
141482
141922
142235
142621
143083
143580
143859
143948
144097
144127
144219
144546
144774
144794
144930
145366
145567
145694
145781
145909
146169
146186
146524
146676
147020
147333
147749
148062
148360
148634
148912
149383
149719
149852
149972
149974
150315
150753
150812
151148
151449
151617
151903
152090
152370
152596
152898
153186
153192
153329
153700
153726
154143
154605
155092
155468
155738
155815
156177
156513
156950
157169
157613
158058
158256
158678
158829
158932
159126
159184
159555
159705
159828
160232
160623
161119
161243
161684
161865
162287
162316
162564
162726
162949
163125
163129
163542
163802
163906
164018
164377
164530
164749
164886
165144
165538
166017
166405
166439
166807
167185
167483
167643
167792
167839
168146
168486
168543
168862
169024
169214
169622
169702
170161
170508
170615
171059
171167
171251
171271
171740
172002
172106
172125
172322
172736
173154
173614
173843
174163
174423
174757
175178
175407
175464
175598
175930
176368
176731
177006
177225
177574
177934
177955
177969
178189
178568
178930
179113
179575
179989
180467
180530
180890
181126
181181
181375
181476
181876
181901
181980
182322
182812
183106
183121
183263
183592
183946
184050
184203
184344
184455
184708
185075
185532
185792
185810
186000
186497
186631
186933
187298
187420
187429
187889
188292
188473
188940
189006
189188
189683
189876
190210
190679
190974
191377
191697
191991
192116
192297
192555
192744
192892
193114
193173
193303
193327
193382
193880
194000
194060
194089
194338
194625
195009
195371
195435
195878
196196
196318
196363
196590
196876
197211
197419
197679
198037
198111
198339
198453
198506
198955
199195
199446
199583
199747
199838
200101
200328
200736
200984
201118
201136
201420
201582
201588
201633
201871
201927
202140
202373
202404
202646
202774
203030
203147
203609
203972
204001
204010
204496
204891
204980
205404
205558
205614
205823
205935
206087
206564
206975
207224
207496
207871
207971
208003
208310
208625
208794
208950
209283
209679
209763
209953
210092
210315
210791
210991
211483
211491
211791
211972
212204
212475
212594
212681
213048
213234
213421
213636
213893
214393
214723
214831
214884
214886
215292
215382
215695
215796
215839
216194
216601
216738
217076
217307
217327
217329
217626
218114
218211
218446
218809
219145
219461
219788
220088
220195
220303
220780
221053
221163
221175
221578
221858
222282
222613
222766
223215
223701
223725
224008
224308
224670
224841
224930
225189
225624
225663
225885
226301
226752
227247
227308
227563
227974
228223
228607
228895
229356
229542
230038
230294
230746
230764
230920
231092
231396
231433
231818
231889
231981
232309
232803
232918
233235
233426
233598
233952
234309
234310
234690
234751
235095
235202
235250
235612
235674
236069
236287
236758
237233
237565
238052
238247
238353
238526
238972
239008
239497
239842
240277
240412
240793
241268
241327
241510
241603
241827
242001
242092
242574
242650
242834
243219
243477
243881
244195
244244
244276
244707
244911
245300
245473
245741
246048
246303
246737
246941
247340
247714
248187
248618
249108
249434
249472
249810
250174
250294
250613
250966
251295
251789
251984
252053
252186
252473
252773
252856
252944
252999
253126
253555
253773
253962
254269
254361
254535
254918
255346
255740
255778
256195
256379
256800
256864
257103
257125
257367
257781
258128
258262
258427
258781
258880
259340
259672
259727
260120
260216
260222
260345
260813
260996
261170
261545
261879
261932
262251
262625
262866
263304
263725
264068
264544
264971
265325
265805
266298
266369
266816
267308
267777
268153
268556
269012
269069
269506
269546
269863
270199
270213
270282
270357
270507
270669
270699
270964
271454
271773
271902
271953
272405
272461
272915
273193
273565
273597
274055
274526
274893
275188
275344
275648
275903
275933
276322
276695
277173
277477
277753
277850
278342
278830
278929
279416
279712
279870
280147
280271
280615
280852
281311
281617
282000
282431
282796
283208
283444
283683
283957
284449
284742
284889
285034
285517
285665
285786
286017
286169
286309
286713
286978
287034
287309
287569
287714
287778
288041
288217
288597
288625
288759
289010
289128
289464
289772
290130
290155
290650
291009
291186
291308
291524
291924
291928
292225
292248
292357
292660
292837
293112
293334
293583
293615
294115
294484
294886
295372
295780
295809
296118
296260
296671
297016
297267
297403
297546
297686
298001
298059
298362
298484
298809
299047
299528
299574
299852
299932
300022
300403
300830
301242
301378
301875
302089
302224
302350
302638
302704
302851
303209
303399
303688
303690
304129
304359
304717
304720
304971
305034
305132
305572
305705
305986
306068
306315
306474
306520
306549
306627
306872
306886
307081
307184
307468
307905
307963
308431
308615
308777
308789
309244
309556
309809
310169
310614
310904
311385
311676
312167
312586
312838
313051
313504
313553
313861
314082
314238
314425
314790
315139
315146
315525
315913
316336
316607
316701
317159
317648
317873
318017
318386
318550
318882
319335
319520
319726
320018
320248
320644
321144
321192
321217
321621
321762
321863
322155
322559
322926
323221
323312
323389
323743
324243
324520
324614
324801
324812
325024
325424
325528
325944
325974
326263
326518
326771
326857
327341
327827
328130
328364
328617
328809
329057
329298
329457
329783
330197
330549
330645
331068
331440
331752
331758
331831
332275
332748
332851
333340
333365
333770
333849
334224
334691
334788
334885
335211
335359
335428
335443
335864
336076
336487
336964
337377
337518
337582
338061
338072
338238
338614
338884
339058
339196
339508
339749
339872
339911
340258
340459
340898
341305
341312
341592
341675
342146
342285
342487
342871
343161
343594
344036
344148
344437
344834
345226
345667
345992
346264
346560
347017
347123
347373
347441
347626
348125
348416
348883
349104
349132
349593
349851
350105
350347
350486
350887
350998
351059
351157
351326
351672
351706
351762
352108
352606
352959
353211
353496
353516
353899
354139
354304
354506
354556
354709
355025
355133
355348
355765
355970
356091
356329
356367
356445
356899
356988
357073
357351
357801
357957
358314
358765
358962
359095
359405
359705
359885
360121
360483
360815
361230
361556
361959
362119
362419
362516
362745
362901
363161
363654
364075
364311
364742
364820
364880
364941
365062
365156
365568
365813
366031
366300
366628
366664
367142
367576
367941
368354
368554
368780
369053
369332
369733
370204
370686
371132
371174
371382
371550
371722
371863
372020
372410
372435
372642
372730
372965
373206
373293
373356
373670
373924
374251
374526
374946
375144
375470
375826
376247
376309
376769
376910
377402
377462
377928
378013
378036
378075
378223
378238
378519
378551
378802
379059
379381
379720
380012
380039
380100
380295
380556
380801
380833
381253
381437
381688
382186
382518
382729
382737
382972
383302
383527
383977
384198
384608
384662
384793
385071
385079
385391
385418
385572
386025
386080
386395
386443
386871
387265
387321
387422
387611
388081
388361
388710
388829
388832
389048
389144
389449
389483
389633
390041
390499
390623
390629
390926
391115
391415
391818
392074
392310
392687
393045
393175
393421
393763
393993
394215
394541
394557
394989
395481
395715
396146
396341
396562
396829
397202
397344
397567
397877
397921
398271
398662
398749
398842
398996
399285
399593
399598
399807
400197
400504
400579
401076
401169
401429
401810
401934
402049
402202
402424
402501
402773
403104
403162
403461
403782
403862
403972
404143
404540
404908
405148
405205
405446
405932
406217
406561
406735
407090
407212
407522
407787
407949
408279
408693
408922
409171
409295
409388
409467
409934
410017
410130
410621
410859
411075
411548
411625
411937
412028
412291
412508
412836
413253
413613
413967
414089
414095
414262
414564
414899
414987
415003
415124
415385
415595
415707
416205
416500
416772
416862
416913
417046
417079
417573
418004
418234
418420
418435
418466
418528
418636
418828
419276
419737
419996
420167
420599
420899
421115
421578
421933
422211
422316
422512
422807
423103
423303
423517
423539
423599
424053
424483
424871
425023
425462
425652
425667
425786
426023
426328
426769
427128
427617
428031
428071
428265
428527
428613
428797
428868
428972
429017
429397
429673
430134
430274
430752
431009
431366
431500
431642
431945
432235
432481
432502
432510
432888
433143
433640
433984
434450
434529
434720
434807
434963
434997
435299
435382
435488
435788
436083
436406
436673
436807
436857
437056
437298
437416
437823
438160
438235
438412
438728
439164
439552
439628
439997
440307
440721
441147
441333
441413
441737
441788
441902
442092
442265
442672
442957
442976
443428
443845
444143
444422
444878
444949
445328
445596
445823
445917
446277
446674
446774
447046
447451
447595
447900
448151
448370
448445
448477
448500
448644
448892
449211
449234
449324
449434
449565
449823
450051
450054
450516
450569
450985
451108
451555
451993
452004
452240
452697
453002
453016
453039
453298
453663
453806
454074
454487
454812
454887
455028
455483
455705
456186
456306
456762
457133
457225
457653
457794
458082
458347
458540
458845
459109
459156
459203
459584
459618
459771
459990
460460
460648
460791
461155
461184
461353
461782
462250
462661
462934
463221
463383
463830
464087
464546
464844
465318
465705
465915
466413
466663
467139
467408
467551
467796
468120
468328
468722
469104
469511
469648
469821
470110
470407
470811
470854
470950
471280
471431
471709
472010
472350
472382
472591
473074
473373
473569
473608
473687
473788
474238
474493
474519
474820
474962
475173
475613
475965
476159
476656
476893
477043
477386
477424
477446
477761
477976
478363
478596
478669
478976
479111
479171
479312
479767
480002
480304
480467
480954
481098
481377
481721
482121
482186
482506
482940
483340
483554
483724
484033
484509
484998
485384
485865
486050
486309
486685
486960
487040
487517
487774
488083
488281
488423
488556
489003
489085
489539
489847
489977
490339
490346
490546
491046
491538
491580
491627
491829
491947
492222
492321
492710
493047
493287
493403
493532
493889
494082
494376
494742
495178
495207
495297
495334
495741
495753
496127
496576
497073
497368
497734
498056
498271
498549
498736
498880
499196
499235
499583
499938
500397
500623
500795
501132
501546
501984
502172
502248
502251
502448
502561
502975
503119
503500
503964
504328
504584
504896
505177
505384
505525
505985
506274
506615
506914
506979
507242
507408
507768
508163
508287
508402
508466
508677
508876
509128
509285
509514
509894
510263
510413
510428
510437
510576
510678
510749
511024
511028
511158
511296
511694
511961
512023
512409
512684
512934
513412
513504
513856
514033
514216
514371
514407
514787
515215
515285
515585
515692
515972
516464
516864
517060
517159
517544
518020
518051
518261
518459
518645
519008
519180
519459
519606
519873
520305
520714
521080
521151
521533
521625
521700
522109
522422
522568
522611
522654
522681
522876
522956
523065
523300
523724
523998
524449
524607
524629
525011
525356
525358
525464
525750
525803
525822
526058
526077
526166
526490
526518
526688
526943
527347
527685
528156
528358
528516
528933
529332
529391
529633
529919
530051
530386
530578
531051
531139
531229
531230
531321
531535
531637
532035
532262
532506
532869
533166
533430
533638
533793
533959
533966
534323
534349
534768
534981
535098
535258
535438
535780
535950
536010
536414
536620
536813
537289
537435
537931
538238
538583
539051
539407
539616
539740
540178
540322
540479
540600
541090
541121
541172
541648
542146
542527
542672
542814
543257
543405
543796
544068
544418
544713
544940
545303
545480
545904
546295
546642
547103
547314
547411
547704
548037
548062
548528
548598
549039
549077
549410
549538
550018
550388
550446
550813
551097
551297
551417
551463
551488
551839
551953
552379
552645
553027
553045
553285
553298
553736
554015
554338
554737
555231
555441
555601
555761
555864
556018
556072
556443
556808
556969
557354
557756
557768
557847
558105
558139
558297
558561
558742
559082
559323
559434
559689
559818
560092
560592
560610
561068
561416
561613
561899
562389
562577
562841
562908
563227
563549
563928
564298
564783
564914
565374
565424
565610
565712
565911
565948
566298
566676
567159
567503
567637
567874
568178
568366
568657
568858
569310
569469
569666
569943
570163
570279
570681
570924
571226
571347
571676
572119
572509
572903
573187
573431
573657
574051
574241
574318
574558
574783
574887
575156
575344
575812
576312
576564
576734
577197
577383
577770
577804
577962
578027
578197
578621
578966
579291
579305
579367
579605
579951
580140
580190
580624
580739
580874
581039
581402
581885
582013
582141
582570
582685
583018
583412
583453
583914
584017
584085
584264
584470
584501
584804
584947
585241
585462
585541
585757
585893
586263
586285
586462
586764
587081
587503
587662
588142
588550
589025
589511
589926
590193
590511
590544
590974
591454
591859
592175
592191
592272
592392
592704
593100
593451
593698
594104
594148
594632
595130
595247
595309
595684
595758
596193
596473
596742
596988
597056
597485
597961
598025
598415
598576
599043
599332
599471
599752
600140
600504
600684
601119
601238
601410
601843
602286
602786
603081
603288
603640
604101
604249
604412
604679
604939
605088
605438
605554
605994
606384
606505
606830
607077
607494
607830
608009
608383
608704
608878
609084
609112
609265
609617
610047
610543
610992
611357
611398
611547
611884
612203
612389
612596
612758
612819
612896
612918
613184
613358
613569
613950
614143
614367
614391
614848
615277
615323
615534
615971
616073
616187
616259
616285
616599
616723
616884
617324
617424
617508
617541
618041
618128
618522
618870
619044
619390
619867
619870
619973
620365
620853
621284
621557
621916
622393
622682
622706
623135
623174
623194
623592
623602
624087
624256
624472
624755
625067
625550
625772
625830
626287
626675
627170
627667
627753
628001
628490
628491
628938
629253
629490
629608
629777
630093
630161
630307
630443
630742
631208
631492
631699
631838
632258
632286
632586
633023
633259
633471
633535
633704
633921
634398
634507
634606
634671
634951
634982
635284
635488
635965
636057
636541
636891
637223
637532
637690
638022
638418
638883
639131
639285
639568
639605
639837
640334
640518
640919
641113
641291
641301
641546
641978
642316
642710
643022
643376
643478
643720
644177
644212
644388
644623
644746
644969
645345
645801
646067
646502
646776
647100
647190
647632
648105
648126
648561
648644
648804
648999
649253
649708
650159
650636
650799
651261
651532
651929
652163
652276
652774
653176
653672
654049
654196
654286
654749
655224
655620
655712
655796
655986
656365
656854
657179
657403
657727
657878
658161
658275
658569
658797
659267
659650
660130
660523
660805
661049
661539
661737
661881
662088
662153
662446
662705
663198
663330
663621
664009
664308
664773
665208
665489
665513
665724
665938
666059
666088
666399
666550
666583
666657
667078
667559
667917
667985
668362
668508
668921
669120
669414
669618
669806
669875
669937
670236
670397
670455
670774
671032
671418
671598
671611
671801
672001
672138
672555
673048
673436
673839
673947
674246
674391
674823
675269
675595
675623
675826
675925
676317
676346
676842
676949
677409
677853
677891
677944
678214
678561
678672
679152
679538
679648
679679
679990
680401
680494
680846
681097
681545
681726
682011
682119
682201
682528
682865
682927
683397
683538
683679
684109
684242
684534
684559
684645
684660
684683
684833
685040
685443
685820
686224
686718
687048
687281
687762
688136
688297
688630
689010
689374
689637
689926
690333
690529
690988
691291
691560
691955
692332
692731
692976
693281
693646
693690
694091
694572
694793
694956
695137
695178
695258
695450
695915
696351
696808
697043
697109
697201
697466
697716
697858
698334
698513
698828
699021
699088
699130
699395
699651
700028
700044
700286
700756
701139
701357
701848
701869
701939
702253
702268
702664
702671
702714
703064
703322
703723
704211
704590
704954
705431
705766
706129
706229
706654
706861
707060
707175
707423
707785
708262
708600
708787
708803
708835
709236
709439
709842
709987
710090
710474
710523
710710
710825
710909
711403
711901
712398
712691
712693
712761
712956
713444
713718
713977
713984
714120
714442
714479
714530
714837
714908
715076
715500
715702
716009
716079
716156
716411
716434
716916
717130
717425
717852
717965
718183
718195
718252
718290
718312
718646
718769
719174
719615
720018
720236
720492
720524
720699
721027
721475
721499
721859
722030
722214
722393
722855
722988
723381
723647
724098
724461
724470
724674
724893
724990
725374
725471
725758
726235
726380
726596
726725
727027
727487
727604
727865
727922
728015
728468
728537
728572
728623
728979
729120
729361
729487
729629
729636
729688
730035
730119
730455
730804
731056
731523
731993
732425
732873
732901
733095
733242
733703
733955
733969
734305
734384
734668
735078
735387
735501
735797
736149
736565
736929
737043
737244
737330
737412
737851
738239
738240
738443
738450
738465
738697
738766
738794
738879
739296
739453
739617
739818
740149
740285
740669
740977
741060
741378
741709
742008
742067
742266
742407
742811
743249
743653
744048
744385
744642
745008
745318
745453
745474
745948
746358
746607
746811
747227
747592
748012
748217
748334
748342
748519
749011
749441
749498
749860
749953
750271
750735
750950
751055
751282
751575
751775
751902
752242
752344
752586
752883
753344
753346
753649
753776
754145
754424
754917
755158
755575
756073
756247
756436
756509
756898
757106
757546
757713
758202
758598
758730
758838
758973
759159
759354
759625
759825
759860
760096
760534
760703
760887
761056
761220
761285
761570
761774
762103
762593
762726
762977
763102
763416
763438
763844
764247
764610
764707
765139
765157
765578
765753
765900
766075
766439
766930
767111
767335
767365
767842
768055
768210
768450
768938
769172
769211
769394
769476
769610
770092
770108
770588
770702
771043
771247
771585
771634
772010
772306
772794
773108
773205
773532
773928
774135
774599
774800
775120
775286
775467
775887
776137
776277
776481
776877
777290
777580
777921
777927
778156
778202
778629
778909
779263
779325
779539
779725
780192
780322
780733
781041
781366
781591
781677
781755
781958
782393
782691
782838
782979
783328
783347
783597
783908
784189
784200
784524
784885
785346
785755
786039
786408
786449
786764
786890
787338
787634
787835
788335
788450
788581
788966
789259
789636
790114
790566
790790
791126
791561
791706
791759
792207
792301
792533
792830
792863
793299
793321
793768
794107
794189
794248
794580
794653
794696
794793
795147
795614
795892
796195
796463
796939
797434
797437
797933
798103
798318
798804
798849
798991
799101
799470
799821
800080
800145
800257
800402
800538
800653
800809
801166
801374
801440
801933
802143
802170
802261
802543
802756
803163
803270
803334
803542
803843
803977
804242
804389
804748
804875
805016
805310
805463
805813
806031
806086
806123
806305
806666
807031
807291
807310
807625
808031
808194
808508
808592
809064
809300
809373
809770
810108
810396
810433
810594
811016
811334
811427
811669
812153
812465
812488
812491
812801
813093
813235
813272
813386
813495
813787
814008
814223
814321
814460
814521
814598
814797
815120
815229
815614
815941
815947
816206
816584
817034
817301
817566
817883
817927
818110
818444
818876
819293
819648
819700
819833
820308
820461
820884
820894
820897
821225
821382
821451
821832
822239
822436
822881
822958
823259
823696
824007
824044
824368
824650
825103
825376
825753
825954
826403
826428
826544
826667
826789
827128
827619
827904
827988
828030
828038
828451
828878
829011
829116
829322
829644
829919
829954
830397
830517
830907
831145
831313
831684
831984
832075
832345
832664
832946
833426
833815
833982
834349
834384
834601
835029
835410
835424
835920
836272
836421
836459
836634
836648
836699
836885
837220
837600
837771
837947
838021
838104
838299
838387
838434
838894
838920
839026
839361
839589
839894
840323
840594
841049
841263
841738
841777
841942
842002
842153
842455
842643
842706
842814
842858
843032
843271
843634
843832
844119
844525
844793
844986
845254
845261
845439
845801
846215
846339
846570
846980
847450
847500
847938
848129
848414
848428
848648
848916
849146
849450
849488
849647
849986
850459
850628
850926
851219
851252
851327
851692
852163
852347
852596
852650
852868
852927
852946
853257
853312
853767
854079
854246
854644
854928
855047
855060
855183
855335
855608
856100
856553
856799
857053
857101
857405
857522
857761
857921
858262
858398
858668
858753
859241
859594
859873
860039
860428
860882
861333
861687
861906
862232
862543
862979
863361
863576
863991
864118
864590
864656
864945
865184
865242
865653
865735
865842
866004
866274
866312
866492
866899
867178
867275
867438
867444
867510
867807
868140
868257
868258
868588
868661
868721
869190
869608
869798
870268
870392
870708
870880
871104
871286
871559
872056
872556
872670
873077
873130
873580
873712
874030
874129
874337
874554
874946
875055
875462
875857
875918
876203
876696
877153
877448
877727
878031
878438
878474
878803
878877
879182
879635
879870
880056
880225
880243
880280
880686
880811
881020
881241
881536
881785
882109
882493
882893
883245
883367
883399
883571
883987
884414
884839
884947
885017
885230
885538
885787
885846
886031
886085
886529
886878
887119
887390
887731
888140
888257
888712
888752
888947
889051
889473
889495
889936
890225
890632
890732
891209
891595
891878
892285
892691
893096
893266
893514
893579
893916
893928
894249
894691
894710
894992
895044
895076
895558
895755
895819
896084
896106
896361
896668
896979
897316
897461
897834
898313
898663
898911
899281
899359
899546
899679
899715
899930
900120
900429
900604
900638
901064
901428
901561
901675
901920
902310
902556
903011
903112
903177
903328
903334
903656
903729
903801
903974
904127
904421
904717
905185
905405
905583
905845
905878
906189
906562
906878
906988
907443
907833
907929
908267
908595
909087
909505
909720
910116
910565
910771
911042
911142
911329
911590
911757
911971
912056
912533
912670
912886
912892
913033
913224
913602
914061
914538
914993
915166
915373
915408
915581
915644
916061
916382
916599
916657
916864
917114
917396
917472
917529
917778
918022
918426
918617
918953
919097
919261
919705
919737
920235
920525
920877
921319
921583
922041
922375
922835
922862
923265
923581
923751
924145
924501
924614
924979
925001
925451
925656
925771
925881
926053
926336
926633
926784
927283
927512
927564
927931
928020
928221
928498
928829
929051
929229
929373
929408
929578
930014
930468
930674
930850
931098
931584
932031
932203
932261
932361
932617
932869
933081
933170
933639
933873
934181
934637
934818
935096
935545
935686
935888
936014
936020
936256
936623
936942
937319
937636
937793
937983
938109
938207
938264
938450
938899
939181
939633
940013
940420
940521
940599
940853
940890
941318
941559
941602
941746
942018
942270
942647
942935
943243
943421
943841
944032
944180
944525
944607
944812
944971
945313
945782
945987
946484
946822
946930
947418
947592
947615
947940
947946
948017
948490
948962
948974
949064
949072
949313
949776
949945
950274
950368
950610
950890
950911
951178
951613
951708
951818
952276
952390
952466
952616
953019
953061
953286
953577
953895
954064
954463
954496
954925
955182
955638
956051
956378
956858
956921
957394
957790
957795
958006
958087
958326
958716
959061
959253
959502
959846
959945
960124
960572
960699
960872
961192
961305
961628
961687
961809
961914
962369
962638
962994
963325
963351
963816
964188
964617
964779
964822
965141
965474
965807
966304
966676
966736
967225
967324
967630
968110
968563
968755
968992
969405
969801
970222
970643
970723
970762
970958
971219
971654
971833
971960
972068
972429
972605
972841
972880
973075
973351
973550
973730
973758
973971
974092
974358
974585
974852
974910
975006
975342
975528
975805
975907
976209
976600
976936
977209
977218
977641
977800
978032
978120
978451
978870
979347
979572
979602
979862
979961
980417
980641
980743
981045
981298
981379
981762
982152
982432
982829
983259
983598
984038
984141
984385
984528
984939
985408
985532
986003
986267
986495
986622
987121
987332
987570
987884
988166
988238
988696
988816
989210
989512
989905
990219
990683
991076
991458
991548
991961
992182
992505
992555
992575
992731
993065
993522
993721
994045
994306
994673
994676
995050
995410
995527
995954
996242
996474
996844
996890
997117
997587
998052
998472
998757
998859
999282
999473
999523
999622
999857
1000023
1000471
1000591
1000927
1001118
1001471
1001638
1001656
1002093
1002493
1002831
1003060
1003490
1003549
1003771
1004122
1004297
1004658
1005035
1005506
1006005
1006393
1006532
1006839
1007273
1007538
1007689
1007771
1007918
1008225
1008528
1008635
1008795
1009017
1009038
1009327
1009486
1009935
1010191
1010324
1010685
1011065
1011524
1011631
1011843
1012277
1012718
1012975
1013102
1013173
1013621
1013677
1014071
1014556
1014936
1014944
1015418
1015724
1015897
1015909
1015992
1016479
1016724
1017054
1017443
1017821
1018115
1018477
1018591
1018887
1019114
1019170
1019455
1019872
1020288
1020697
1021153
1021629
1022126
1022231
1022616
1022816
1023089
1023437
1023780
1024104
1024521
1024841
1025079
1025189
1025518
1025620
1025909
1026193
1026231
1026497
1026945
1027052
1027322
1027764
1028065
1028475
1028626
1028899
1029113
1029423
1029480
1029635
1029697
1030031
1030204
1030554
1030566
1030660
1030845
1030882
1031023
1031455
1031556
1031785
1031988
1032162
1032646
1033063
1033290
1033580
1033700
1033973
1034212
1034296
1034580
1034607
1034916
1035410
1035534
1035600
1035621
1035637
1036097
1036373
1036400
1036454
1036915
1037162
1037623
1037624
1037991
1038386
1038605
1038952
1039100
1039542
1039992
1040057
1040425
1040505
1040863
1041237
1041238
1041268
1041444
1041595
1041613
1041906
1042070
1042266
1042519
1042629
1042964
1043417
1043577
1043904
1044050
1044318
1044733
1045135
1045201
1045215
1045276
1045764
1046143
1046548
1046746
1047216
1047328
1047774
1047986
1048388
1048421
1048612
1048781
1048946
1049073
1049312
1049781
1049784
1049978
1050164
1050388
1050868
1051126
1051456
1051633
1051656
1052065
1052450
1052499
1052786
1052830
1053070
1053158
1053212
1053360
1053557
1053880
1054152
1054390
1054852
1055129
1055187
1055613
1056072
1056181
1056561
1056700
1057119
1057575
1057741
1057746
1058086
1058497
1058734
1059028
1059090
1059181
1059491
1059980
1060163
1060449
1060525
1060894
1061326
1061653
1061809
1062193
1062238
1062617
1062675
1062692
1062907
1062982
1063292
1063392
1063732
1064231
1064724
1064925
1065130
1065333
1065720
1065978
1066361
1066740
1067084
1067402
1067797
1068272
1068488
1068659
1068779
1068867
1069213
1069695
1069928
1070063
1070504
1070807
1070944
1071441
1071913
1072154
1072419
1072755
1073085
1073175
1073309
1073461
1073599
1073614
1074064
1074098
1074184
1074323
1074472
1074787
1075219
1075450
1075627
1075738
1076142
1076259
1076694
1077055
1077466
1077929
1078067
1078111
1078403
1078420
1078741
1079140
1079552
1079771
1080227
1080405
1080503
1080813
1081051
1081334
1081377
1081484
1081713
1081739
1082069
1082528
1082937
1083257
1083378
1083596
1083745
1083788
1084175
1084415
1084620
1084845
1085034
1085430
1085453
1085726
1085847
1085900
1086091
1086097
1086353
1086574
1086963
1087262
1087744
1088162
1088632
1088723
1088748
1088801
1088931
1088935
1089279
1089379
1089454
1089501
1089767
1090120
1090343
1090787
1090890
1090973
1091127
1091276
1091284
1091453
1091787
1092133
1092542
1093003
1093086
1093204
1093639
1093665
1094000
1094095
1094353
1094410
1094710
1094753
1094913
1095294
1095570
1095603
1095712
1095805
1096103
1096165
1096429
1096650
1097086
1097117
1097477
1097840
1097856
1098174
1098456
1098823
1099115
1099283
1099752
1100188
1100591
1100949
1101003
1101353
1101418
1101488
1101572
1101827
1101925
1102141
1102429
1102542
1103010
1103360
1103846
1104178
1104390
1104882
1105030
1105342
1105395
1105711
1106104
1106385
1106732
1107074
1107240
1107737
1107789
1107863
1108144
1108640
1108716
1109189
1109206
1109363
1109538
1109696
1109998
1110179
1110619
1111054
1111115
1111395
1111869
1111955
1111986
1112128
1112234
1112618
1112698
1112807
1113150
1113384
1113478
1113954
1114107
1114345
1114390
1114758
1115185
1115218
1115685
1115759
1115998
1116053
1116326
1116564
1116896
1117235
1117442
1117931
1118285
1118374
1118621
1118881
1119080
1119222
1119642
1119697
1119796
1120176
1120647
1120875
1120896
1121099
1121181
1121494
1121576
1121662
1121688
1121909
1122358
1122646
1122682
1123160
1123498
1123817
1124267
1124539
1124723
1125065
1125311
1125523
1125663
1125796
1125974
1125996
1126383
1126397
1126456
1126508
1127003
1127267
1127747
1127949
1128080
1128176
1128331
1128673
1128698
1128783
1128937
1129210
1129414
1129416
1129502
1129813
1130217
1130497
1130522
1130526
1130938
1131285
1131509
1131574
1131940
1132013
1132097
1132199
1132600
1132962
1133159
1133230
1133527
1133730
1134138
1134300
1134382
1134839
1135059
1135393
1135510
1135630
1135759
1135988
1136135
1136516
1136990
1137391
1137504
1137646
1137780
1137979
1138079
1138424
1138570
1139038
1139086
1139455
1139513
1139602
1139998
1140010
1140320
1140621
1140705
1140935
1140948
1141128
1141474
1141641
1141964
1142038
1142139
1142349
1142622
1142734
1142994
1143269
1143605
1143913
1144270
1144564
1145037
1145405
1145675
1145698
1146103
1146430
1146684
1147182
1147587
1148032
1148499
1148643
1148762
1149212
1149240
1149417
1149779
1150140
1150369
1150412
1150450
1150841
1150894
1150964
1151072
1151377
1151681
1151941
1152203
1152210
1152343
1152440
1152714
1153085
1153112
1153180
1153483
1153755
1154039
1154313
1154808
1154943
1155237
1155277
1155649
1155979
1156333
1156589
1156911
1157195
1157398
1157794
1158183
1158572
1158735
1158785
1159253
1159504
1159683
1159930
1160270
1160322
1160407
1160439
1160896
1161050
1161522
1161895
1162087
1162445
1162829
1162921
1163243
1163309
1163605
1164013
1164194
1164315
1164365
1164619
1164968
1165416
1165806
1165818
1165969
1166323
1166600
1167039
1167275
1167432
1167565
1167638
1167793
1167936
1168198
1168492
1168786
1169273
1169661
1169951
1170187
1170362
1170592
1170618
1170968
1171259
1171344
1171622
1172000
1172395
1172695
1172849
1173283
1173753
1173978
1174209
1174306
1174426
1174799
1175190
1175415
1175885
1176307
1176346
1176840
1176988
1177246
1177274
1177770
1177968
1178342
1178810
1179223
1179461
1179841
1179877
1180353
1180419
1180680
1180977
1181394
1181694
1182186
1182235
1182468
1182659
1182798
1183025
1183349
1183555
1183802
1184028
1184521
1184723
1185015
1185264
1185754
1185976
1186188
1186561
1186874
1187330
1187812
1188039
1188124
1188251
1188462
1188684
1189167
1189241
1189278
1189734
1190166
1190568
1190794
1191034
1191102
1191538
1191752
1191866
1192205
1192395
1192679
1192721
1193176
1193568
1193589
1193885
1194317
1194491
1194664
1194846
1194912
1195250
1195384
1195612
1195778
1195995
1196273
1196601
1196928
1197089
1197155
1197599
1197606
1197660
1197815
1197939
1198418
1198544
1198619
1198815
1199033
1199454
1199677
1199860
1200049
1200243
1200685
1200741
1200903
1201124
1201214
1201248
1201400
1201716
1202001
1202016
1202374
1202542
1202712
1202911
1203218
1203469
1203880
1204147
1204199
1204208
1204524
1204791
1205270
1205452
1205731
1206092
1206382
1206626
1206804
1207193
1207221
1207607
1207966
1208302
1208785
1208915
1209067
1209096
1209430
1209452
1209936
1210232
1210443
1210745
1211140
1211256
1211670
1211963
1212350
1212659
1212799
1213116
1213320
1213789
1214120
1214250
1214392
1214751
1214855
1215248
1215250
1215345
1215633
1215679
1216032
1216320
1216455
1216900
1217355
1217693
1217997
1218066
1218292
1218544
1218695
1218996
1219426
1219508
1219669
1219912
1220032
1220336
1220534
1220675
1220995
1221442
1221496
1221740
1221844
1222273
1222489
1222874
1223196
1223642
1223757
1224252
1224638
1225113
1225414
1225711
1225953
1226196
1226626
1226699
1226704
1227072
1227392
1227756
1228083
1228383
1228689
1229153
1229408
1229803
1230265
1230723
1231209
1231431
1231660
1231923
1232369
1232471
1232957
1233042
1233118
1233532
1233752
1233988
1234285
1234414
1234732
1234852
1234853
1235263
1235479
1235738
1236119
1236400
1236473
1236639
1236784
1237249
1237286
1237530
1237921
1238349
1238800
1238946
1239145
1239491
1239943
1240215
1240561
1240707
1240757
1241174
1241411
1241803
1242269
1242475
1242895
1243102
1243139
1243484
1243498
1243580
1243838
1244104
1244453
1244775
1245197
1245539
1245708
1245958
1246123
1246516
1246545
1246723
1246903
1246928
1247264
1247476
1247897
1248291
1248416
1248490
1248567
1248735
1249144
1249392
1249498
1249701
1250053
1250188
1250355
1250626
1251086
1251332
1251343
1251775
1251794
1251882
1252154
1252519
1252888
1253228
1253263
1253511
1253901
1254220
1254237
1254632
1255111
1255141
1255287
1255460
1255543
1255848
1255867
1256245
1256314
1256404
1256800
1257023
1257294
1257770
1258245
1258698
1258911
1258961
1259325
1259669
1259827
1260009
1260038
1260127
1260602
1260797
1261180
1261601
1262025
1262131
1262619
1262755
1262979
1263434
1263629
1263995
1264196
1264360
1264528
1264626
1264868
1265074
1265564
1265898
1266000
1266173
1266255
1266344
1266725
1266908
1267160
1267165
1267462
1267828
1268107
1268135
1268491
1268545
1268657
1268726
1268758
1269039
1269426
1269656
1269687
1269907
1270077
1270213
1270243
1270568
1270842
1270858
1270933
1271069
1271306
1271577
1272028
1272272
1272380
1272694
1273000
1273308
1273581
1273625
1273837
1274262
1274632
1275068
1275491
1275665
1275942
1276384
1276666
1277082
1277154
1277638
1277927
1278188
1278266
1278592
1279057
1279093
1279174
1279274
1279526
1279815
1279903
1280158
1280572
1281040
1281408
1281517
1281723
1282177
1282340
1282789
1282792
1283009
1283167
1283506
1283990
1284435
1284734
1284959
1285024
1285459
1285552
1285904
1286364
1286543
1286671
1286769
1287049
1287402
1287845
1287881
1288242
1288618
1288787
1289068
1289295
1289565
1289916
1290228
1290660
1291026
1291126
1291320
1291785
1292254
1292312
1292799
1292808
1292925
1292949
1292994
1293291
1293614
1293949
1294020
1294354
1294830
1295273
1295431
1295805
1295977
1296233
1296505
1296750
1297101
1297486
1297908
1297947
1298413
1298489
1298739
1298745
1299063
1299170
1299310
1299701
1300170
1300171
1300428
1300714
1301026
1301410
1301573
1301930
1302392
1302639
1302762
1303079
1303126
1303512
1303724
1304090
1304476
1304762
1304834
1304835
1305076
1305479
1305839
1306001
1306287
1306746
1306955
1307455
1307620
1308114
1308528
1308548
1308824
1309234
1309393
1309633
1310116
1310205
1310406
1310894
1310976
1311270
1311663
1312077
1312191
1312475
1312744
1312851
1313238
1313646
1314098
1314416
1314721
1315085
1315472
1315538
1315630
1316067
1316546
1316886
1316949
1317145
1317495
1317792
1318100
1318228
1318402
1318623
1318957
1319122
1319510
1319570
1320059
1320457
1320931
1321430
1321732
1321970
1322031
1322389
1322454
1322644
1322835
1322843
1322959
1323094
1323341
1323613
1323868
1324357
1324668
1324679
1324987
1324989
1325265
1325383
1325767
1326113
1326391
1326825
1327031
1327467
1327489
1327726
1328120
1328357
1328381
1328557
1328807
1329273
1329279
1329577
1329722
1329779
1329783
1330138
1330426
1330800
1331163
1331658
1331713
1331853
1332056
1332449
1332855
1333039
1333095
1333459
1333580
1333959
1334273
1334753
1335233
1335564
1335709
1336199
1336350
1336422
1336669
1336676
1336711
1336715
1336952
1337071
1337410
1337894
1338340
1338510
1338559
1338589
1338610
1338644
1339082
1339341
1339724
1340027
1340031
1340138
1340411
1340575
1341071
1341447
1341656
1341777
1341869
1342146
1342320
1342782
1342923
1343064
1343361
1343790
1344067
1344400
1344762
1344866
1345038
1345090
1345230
1345276
1345380
1345639
1345928
1346418
1346606
1347051
1347478
1347530
1347879
1348060
1348493
1348753
1349069
1349110
1349143
1349242
1349432
1349648
1350106
1350119
1350569
1350655
1350924
1350957
1351171
1351487
1351566
1351961
1352159
1352395
1352831
1353155
1353374
1353716
1354147
1354417
1354530
1354972
1355147
1355645
1355927
1356029
1356426
1356705
1357203
1357320
1357723
1358185
1358504
1358728
1358924
1359132
1359310
1359537
1359923
1360351
1360807
1361008
1361492
1361506
1361675
1361861
1362028
1362470
1362717
1363076
1363309
1363679
1364086
1364295
1364522
1364996
1365195
1365198
1365335
1365463
1365917
1366311
1366337
1366751
1366865
1366958
1367013
1367409
1367600
1368026
1368218
1368412
1368769
1368956
1369100
1369277
1369601
1369709
1370196
1370491
1370815
1371253
1371472
1371597
1371773
1372058
1372557
1372774
1373190
1373587
1373930
1373971
1374422
1374884
1375002
1375397
1375607
1375758
1375967
1376299
1376377
1376438
1376822
1377217
1377361
1377815
1377939
1378039
1378299
1378307
1378384
1378462
1378594
1378799
1379017
1379151
1379468
1379741
1380198
1380469
1380611
1381100
1381314
1381375
1381828
1382108
1382600
1382938
1383287
1383337
1383430
1383870
1384184
1384475
1384857
1385072
1385531
1385682
1386172
1386451
1386714
1386968
1387244
1387468
1387952
1388104
1388390
1388482
1388565
1388832
1389209
1389567
1389959
1389963
1390339
1390630
1390967
1391062
1391558
1392044
1392054
1392498
1392514
1392907
1393091
1393430
1393924
1393967
1394154
1394397
1394869
1395077
1395561
1396053
1396083
1396186
1396393
1396585
1396711
1397136
1397220
1397664
1397814
1398014
1398439
1398474
1398784
1398879
1399333
1399639
1400050
1400417
1400595
1401009
1401237
1401284
1401536
1402015
1402418
1402660
1402886
1403386
1403390
1403681
1403907
1404131
1404389
1404417
1404696
1405174
1405564
1405770
1405802
1405953
1406412
1406453
1406464
1406471
1406811
1406906
1406987
1407070
1407181
1407290
1407741
1408147
1408424
1408641
1408781
1408998
1409025
1409143
1409510
1409586
1409896
1410322
1410812
1410957
1411016
1411424
1411901
1411922
1412174
1412626
1412726
1413143
1413367
1413817
1413847
1413957
1414028
1414326
1414500
1414797
1415029
1415257
1415331
1415414
1415718
1415871
1415977
1416066
1416146
1416524
1416620
1416713
1416855
1417197
1417528
1417780
1418160
1418535
1418887
1419193
1419560
1419612
1419929
1420235
1420418
1420690
1421053
1421350
1421459
1421693
1421947
1422444
1422646
1423091
1423471
1423929
1424077
1424382
1424775
1424801
1424990
1425415
1425790
1426040
1426138
1426575
1426919
1426966
1427041
1427228
1427665
1427916
1428341
1428345
1428516
1428825
1428935
1428948
1429356
1429491
1429832
1429887
1430364
1430781
1430883
1431172
1431466
1431698
1431881
1432363
1432427
1432527
1432931
1433291
1433550
1433664
1433926
1434249
1434599
1435034
1435220
1435443
1435873
1436118
1436489
1436933
1437254
1437382
1437565
1437758
1437972
1438274
1438498
1438699
1438901
1439385
1439769
1439886
1439895
1440324
1440361
1440468
1440826
1441186
1441296
1441613
1441725
1442099
1442479
1442620
1442765
1443167
1443463
1443497
1443585
1443634
1443668
1443890
1444380
1444450
1444731
1445088
1445210
1445701
1445885
1446204
1446363
1446711
1447005
1447059
1447405
1447863
1448093
1448591
1448682
1449113
1449595
1449953
1450215
1450429
1450791
1450998
1451184
1451235
1451731
1451886
1452349
1452652
1452783
1452933
1452984
1453114
1453261
1453395
1453475
1453567
1453849
1454143
1454365
1454399
1454798
1454935
1454993
1455283
1455476
1455763
1455936
1456275
1456699
1456937
1457011
1457315
1457732
1458052
1458265
1458567
1458982
1459043
1459506
1459809
1459914
1460014
1460017
1460450
1460461
1460479
1460908
1461038
1461277
1461598
1461939
1461968
1462294
1462517
1462975
1463204
1463521
1463775
1464023
1464172
1464589
1465053
1465195
1465222
1465372
1465669
1466003
1466306
1466762
1466891
1467084
1467313
1467437
1467586
1467804
1468201
1468674
1469110
1469472
1469594
1469857
1470136
1470241
1470398
1470823
1471210
1471413
1471761
1472001
1472278
1472638
1472991
1473174
1473476
1473636
1473969
1474123
1474200
1474510
1474751
1474978
1475371
1475424
1475660
1475696
1475712
1475776
1476050
1476074
1476547
1476876
1477068
1477413
1477442
1477680
1477741
1478160
1478654
1478941
1479320
1479433
1479655
1480049
1480467
1480628
1481121
1481546
1481735
1481815
1482076
1482211
1482540
1482872
1483276
1483729
1483937
1484096
1484169
1484668
1484828
1484912
1485024
1485294
1485639
1485767
1485911
1486249
1486737
1486778
1487270
1487494
1487922
1488339
1488419
1488607
1488647
1489125
1489204
1489566
1489597
1490074
1490555
1491042
1491348
1491731
1492044
1492307
1492524
1492983
1493451
1493472
1493901
1494203
1494644
1494926
1495132
1495180
1495249
1495709
1495907
1496354
1496759
1497190
1497487
1497708
1498127
1498592
1499019
1499334
1499532
1499582
1499813
1499880
1500159
1500452
1500551
1500708
1500970
1501201
1501350
1501797
1502023
1502268
1502613
1502655
1503115
1503308
1503606
1504008
1504075
1504328
1504454
1504890
1505252
1505400
1505879
1505901
1506308
1506418
1506693
1506765
1507105
1507187
1507463
1507620
1507694
1507941
1508355
1508623
1508762
1508839
1508943
1509411
1509730
1510067
1510144
1510277
1510357
1510707
1510939
1511237
1511712
1511992
1512421
1512502
1512811
1513070
1513227
1513537
1513568
1513782
1514043
1514321
1514723
1515000
1515242
1515301
1515688
1516106
1516482
1516738
1517146
1517442
1517883
1518244
1518615
1518976
1519366
1519467
1519644
1519815
1520197
1520337
1520443
1520673
1520743
1520809
1520845
1521315
1521814
1522306
1522313
1522419
1522865
1523340
1523654
1523929
1524235
1524538
1524765
1525124
1525619
1526118
1526284
1526729
1526804
1526953
1527000
1527472
1527544
1527590
1528032
1528451
1528734
1528989
1529259
1529723
1530075
1530219
1530366
1530780
1530863
1531089
1531091
1531267
1531447
1531576
1531882
1532103
1532287
1532769
1533131
1533227
1533229
1533623
1533934
1534280
1534585
1535026
1535176
1535224
1535682
1536173
1536293
1536700
1537003
1537419
1537469
1537659
1537736
1537957
1538415
1538813
1538951
1539332
1539676
1540164
1540411
1540429
1540929
1541312
1541496
1541634
1541927
1542424
1542816
1543237
1543528
1543578
1543648
1543872
1543953
1544250
1544455
1544530
1544949
1545342
1545597
1545964
1545997
1546190
1546576
1546968
1547075
1547311
1547513
1547724
1547929
1548143
1548532
1549028
1549378
1549598
1549620
1550104
1550431
1550675
1550825
1551221
1551529
1551592
1551940
1552184
1552384
1552699
1553066
1553215
1553385
1553807
1554261
1554547
1554724
1555202
1555433
1555767
1556163
1556298
1556573
1556831
1556954
1557179
1557607
1557787
1558277
1558373
1558762
1559021
1559398
1559401
1559762
1560060
1560096
1560415
1560570
1560980
1561031
1561453
1561689
1562052
1562213
1562237
1562638
1563086
1563491
1563609
1563898
1563948
1564108
1564561
1564960
1565318
1565791
1565906
1566036
1566185
1566572
1566933
1567024
1567389
1567615
1567753
1567798
1568013
1568268
1568577
1568851
1569017
1569080
1569161
1569199
1569253
1569347
1569590
1569670
1569917
1570247
1570638
1571008
1571226
1571404
1571624
1572039
1572175
1572244
1572739
1573094
1573415
1573513
1573792
1573924
1574004
1574496
1574660
1574966
1575133
1575625
1575963
1576160
1576388
1576571
1576626
1576975
1577084
1577215
1577636
1577690
1577760
1577778
1577970
1578080
1578467
1578960
1579055
1579348
1579772
1580143
1580205
1580381
1580442
1580876
1580885
1581232
1581588
1582006
1582308
1582313
1582362
1582842
1583154
1583338
1583519
1583757
1583856
1584229
1584409
1584720
1585034
1585054
1585272
1585659
1585706
1586186
1586220
1586490
1586822
1587127
1587244
1587504
1587888
1588160
1588378
1588498
1588765
1588906
1589188
1589609
1589905
1590312
1590768
1591235
1591269
1591526
1591616
1591661
1592143
1592207
1592478
1592597
1592869
1593278
1593450
1593949
1594227
1594603
1594676
1594726
1595101
1595514
1595840
1596155
1596362
1596687
1596832
1596942
1597419
1597579
1597877
1598134
1598288
1598611
1598970
1599348
1599372
1599516
1599928
1600028
1600057
1600093
1600412
1600678
1600721
1601158
1601238
1601726
1602000
1602027
1602230
1602580
1603059
1603268
1603709
1604124
1604131
1604406
1604587
1604784
1604974
1605035
1605425
1605665
1605764
1605993
1606261
1606690
1607148
1607212
1607229
1607434
1607619
1607751
1607999
1608155
1608205
1608250
1608618
1609083
1609186
1609498
1609754
1609937
1610302
1610531
1610753
1611019
1611182
1611443
1611781
1611921
1612018
1612241
1612596
1612783
1612889
1613265
1613475
1613686
1614176
1614224
1614546
1614927
1615151
1615545
1615582
1615959
1616008
1616179
1616654
1616871
1617142
1617229
1617379
1617634
1617906
1618244
1618743
1619229
1619705
1619750
1620129
1620355
1620737
1621077
1621361
1621772
1622138
1622274
1622376
1622453
1622861
1623107
1623218
1623574
1623905
1624299
1624695
1624706
1624757
1625188
1625686
1626023
1626104
1626547
1626768
1626852
1627291
1627492
1627647
1627718
1628057
1628424
1628773
1629132
1629425
1629465
1629877
1630332
1630632
1631069
1631480
1631693
1632086
1632346
1632599
1632657
1632918
1633181
1633674
1633824
1634313
1634497
1634652
1634666
1634947
1635220
1635574
1635919
1636186
1636653
1636821
1637243
1637342
1637818
1638058
1638421
1638642
1638913
1639094
1639492
1639775
1639933
1640392
1640595
1640824
1641160
1641475
1641664
1642035
1642309
1642442
1642922
1643049
1643104
1643358
1643369
1643688
1643882
1644348
1644665
1644693
1645027
1645258
1645370
1645419
1645436
1645533
1645649
1645826
1646061
1646162
1646494
1646826
1647002
1647027
1647379
1647592
1648021
1648261
1648460
1648873
1649103
1649123
1649280
1649379
1649489
1649594
1650026
1650032
1650071
1650399
1650750
1651001
1651207
1651332
1651489
1651678
1652061
1652209
1652282
1652680
1653019
1653254
1653326
1653548
1653796
1653985
1653999
1654357
1654387
1654619
1654677
1655080
1655329
1655377
1655653
1656022
1656411
1656528
1656908
1656978
1657393
1657740
1657991
1658207
1658320
1658660
1659041
1659442
1659645
1660084
1660565
1660970
1661133
1661623
1662041
1662402
1662740
1662956
1663214
1663540
1663852
1664046
1664123
1664272
1664328
1664504
1664554
1664788
1665110
1665565
1665636
1666010
1666406
1666764
1666929
1667187
1667445
1667718
1667861
1668013
1668300
1668308
1668723
1668819
1669134
1669412
1669590
1669611
1669726
1670040
1670450
1670622
1670697
1670905
1671045
1671132
1671387
1671515
1671838
1671916
1672378
1672808
1672937
1673006
1673224
1673390
1673586
1673984
1674281
1674458
1674480
1674893
1674938
1675085
1675439
1675829
1676131
1676527
1676675
1676972
1676989
1677108
1677576
1677717
1678103
1678335
1678457
1678573
1678871
1679366
1679719
1680106
1680219
1680472
1680852
1680979
1681332
1681612
1681841
1681975
1682007
1682290
1682446
1682491
1682537
1682673
1682813
1683238
1683453
1683907
1684222
1684582
1685076
1685291
1685338
1685545
1685706
1685764
1685829
1686196
1686329
1686814
1687010
1687469
1687629
1687653
1687788
1688100
1688401
1688488
1688739
1688785
1689205
1689556
1689769
1690213
1690641
1690878
1690885
1690939
1691315
1691461
1691487
1691730
1691787
1692243
1692653
1692732
1693191
1693528
1693612
1693885
1693977
1694339
1694410
1694519
1694936
1695190
1695250
1695727
1695948
1696435
1696821
1696988
1697063
1697103
1697241
1697622
1697909
1698141
1698271
1698296
1698453
1698730
1698775
1699035
1699068
1699257
1699487
1699646
1699694
1699971
1700415
1700450
1700933
1701305
1701771
1702092
1702559
1702672
1702988
1703197
1703649
1704143
1704226
1704440
1704905
1705110
1705265
1705318
1705615
1705731
1705846
1705871
1705912
1706212
1706513
1706759
1707247
1707482
1707974
1708381
1708509
1708547
1708769
1708937
1709170
1709200
1709288
1709699
1710142
1710249
1710478
1710646
1711120
1711227
1711245
1711701
1711810
1711945
1712194
1712666
1713146
1713569
1713676
1713977
1714471
1714872
1715321
1715578
1715660
1715950
1715954
1716266
1716413
1716763
1717170
1717482
1717692
1717926
1718397
1718593
1718714
1718941
1718974
1719218
1719567
1719792
1720263
1720661
1721140
1721252
1721689
1721832
1722231
1722347
1722669
1723042
1723219
1723657
1723954
1724293
1724727
1724744
1724758
1724951
1725282
1725728
1725776
1725873
1726212
1726524
1727018
1727367
1727439
1727493
1727991
1728235
1728263
1728753
1729172
1729293
1729613
1729643
1730094
1730581
1730738
1731194
1731351
1731511
1731966
1732213
1732683
1733130
1733401
1733730
1734169
1734495
1734512
1734722
1734816
1735216
1735622
1736101
1736231
1736262
1736496
1736612
1736708
1737148
1737320
1737335
1737515
1737734
1737997
1738233
1738550
1738667
1739110
1739565
1739582
1739796
1739994
1740056
1740472
1740895
1741133
1741163
1741454
1741624
1741764
1742102
1742103
1742562
1742979
1743433
1743850
1743865
1743961
1744451
1744936
1745280
1745540
1745893
1746294
1746397
1746515
1746950
1747334
1747460
1747896
1748020
1748447
1748928
1748975
1749100
1749215
1749440
1749623
1750022
1750427
1750641
1751090
1751380
1751618
1751740
1752130
1752380
1752384
1752573
1752740
1752770
1753115
1753263
1753757
1754044
1754529
1754941
1755091
1755186
1755551
1756024
1756170
1756420
1756539
1757035
1757448
1757849
1758006
1758149
1758438
1758645
1758939
1758971
1759434
1759704
1760037
1760407
1760767
1761055
1761130
1761150
1761173
1761597
1762094
1762551
1762639
1762890
1763343
1763634
1764095
1764384
1764462
1764840
1765193
1765537
1765727
1766222
1766386
1766438
1766594
1766886
1766925
1767266
1767320
1767587
1767903
1767935
1768003
1768256
1768692
1768733
1768865
1769350
1769517
1770007
1770122
1770258
1770673
1771012
1771204
1771261
1771546
1771674
1771924
1771946
1772233
1772333
1772537
1772743
1772893
1773182
1773585
1773624
1773964
1774156
1774536
1774558
1774696
1774783
1775109
1775508
1775794
1775973
1776046
1776339
1776720
1776866
1777168
1777178
1777627
1777892
1778156
1778604
1778755
1779252
1779285
1779768
1780141
1780422
1780435
1780874
1781074
1781477
1781729
1782093
1782577
1782814
1782915
1783294
1783298
1783761
1783959
1784366
1784542
1784773
1784939
1785146
1785372
1785384
1785693
1785839
1786056
1786258
1786292
1786558
1786566
1786962
1787107
1787561
1788046
1788165
1788467
1788730
1789152
1789320
1789485
1789845
1790167
1790266
1790703
1791146
1791232
1791527
1791780
1791948
1792242
1792466
1792569
1792889
1793002
1793475
1793701
1793942
1794276
1794318
1794563
1794592
1794985
1795076
1795258
1795722
1795882
1796274
1796330
1796424
1796581
1796968
1797245
1797735
1797764
1797951
1797964
1798205
1798495
1798789
1799157
1799386
1799474
1799492
1799544
1799594
1799666
1800119
1800166
1800642
1800877
1801264
1801700
1802176
1802227
1802695
1802850
1803318
1803342
1803417
1803661
1804153
1804518
1804877
1805280
1805348
1805806
1806230
1806367
1806771
1806967
1807328
1807623
1808117
1808270
1808305
1808570
1808603
1809086
1809267
1809348
1809618
1809981
1810345
1810778
1811092
1811340
1811663
1811872
1811899
1812023
1812160
1812621
1813063
1813358
1813360
1813629
1814023
1814111
1814503
1814755
1815004
1815342
1815759
1815850
1816327
1816673
1816917
1817415
1817526
1817720
1818055
1818267
1818553
1818916
1819247
1819356
1819711
1820113
1820145
1820487
1820730
1821104
1821465
1821521
1821976
1822070
1822255
1822469
1822472
1822496
1822946
1823232
1823695
1823939
1824397
1824420
1824551
1824689
1825060
1825241
1825328
1825470
1825889
1826378
1826805
1827157
1827203
1827447
1827830
1827968
1828300
1828355
1828602
1828736
1829023
1829155
1829353
1829356
1829679
1830016
1830174
1830549
1831034
1831409
1831885
1831947
1832082
1832411
1832417
1832829
1833019
1833380
1833575
1834001
1834133
1834560
1834793
1835053
1835404
1835757
1836121
1836257
1836557
1836560
1836918
1837348
1837540
1837682
1837857
1837894
1838377
1838829
1839027
1839173
1839667
1839758
1839994
1840045
1840131
1840426
1840536
1840633
1840778
1840982
1841437
1841765
1842073
1842465
1842578
1842695
1843083
1843452
1843820
1844183
1844593
1844617
1844714
1845041
1845437
1845714
1846110
1846450
1846501
1846861
1847349
1847442
1847696
1847934
1847948
1848100
1848243
1848361
1848809
1849226
1849337
1849792
1850201
1850305
1850396
1850530
1850814
1851248
1851545
1851782
1852221
1852703
1853080
1853479
1853505
1853885
1854098
1854241
1854647
1855147
1855340
1855691
1855770
1855905
1856268
1856673
1856711
1856781
1856790
1856847
1857179
1857384
1857794
1858075
1858397
1858666
1858730
1858940
1859051
1859084
1859145
1859427
1859529
1859747
1860112
1860537
1860860
1861265
1861412
1861617
1861753
1862185
1862511
1862720
1863207
1863276
1863383
1863610
1863837
1864255
1864414
1864793
1864867
1865169
1865245
1865455
1865923
1866222
1866653
1866929
1867317
1867337
1867568
1867837
1867859
1868281
1868681
1869007
1869507
1869960
1869995
1870278
1870728
1870759
1870870
1870962
1871164
1871479
1871767
1871795
1872030
1872152
1872288
1872450
1872474
1872689
1872982
1873331
1873402
1873451
1873681
1873737
1873974
1874450
1874539
1874789
1874825
1875240
1875688
1875953
1875959
1875986
1876039
1876323
1876613
1876714
1876912
1876998
1877274
1877741
1877841
1878025
1878053
1878070
1878558
1878768
1878905
1879306
1879804
1880010
1880022
1880246
1880269
1880508
1880558
1880677
1881017
1881213
1881442
1881493
1881956
1882382
1882423
1882846
1883314
1883437
1883442
1883598
1883927
1883966
1883971
1884254
1884341
1884658
1885146
1885553
1886002
1886255
1886569
1886709
1886820
1887089
1887423
1887575
1887705
1887764
1887848
1888313
1888580
1888628
1888738
1889190
1889445
1889782
1889971
1890267
1890294
1890380
1890668
1890739
1890787
1890838
1890962
1891097
1891250
1891601
1891798
1892262
1892588
1892732
1893210
1893435
1893519
1893740
1894170
1894662
1894831
1895183
1895670
1895926
1896269
1896457
1896587
1896817
1897262
1897639
1898134
1898208
1898372
1898718
1898779
1899118
1899221
1899362
1899813
1899979
1899992
1900181
1900653
1900831
1901254
1901296
1901436
1901586
1901865
1902238
1902609
1902827
1903214
1903508
1903512
1904000
1904141
1904318
1904569
1905013
1905357
1905464
1905658
1905692
1905701
1905781
1906004
1906244
1906325
1906359
1906472
1906683
1906862
1907116
1907376
1907544
1907667
1907933
1908178
1908378
1908651
1908807
1908864
1908895
1909205
1909567
1910053
1910131
1910540
1910563
1910987
1911204
1911251
1911495
1911914
1912296
1912739
1913172
1913384
1913658
1913934
1914287
1914613
1914921
1915245
1915392
1915845
1915981
1916026
1916477
1916972
1917086
1917261
1917543
1917598
1917860
1918281
1918703
1918757
1918872
1919115
1919188
1919520
1919958
1920129
1920390
1920477
1920936
1921013
1921084
1921171
1921423
1921842
1922231
1922291
1922680
1922702
1923172
1923435
1923935
1924129
1924370
1924439
1924606
1924644
1924813
1925139
1925191
1925499
1925776
1926220
1926663
1926831
1927045
1927284
1927740
1927863
1928330
1928463
1928464
1928773
1929101
1929146
1929224
1929363
1929529
1929578
1929600
1929874
1930318
1930622
1930664
1931108
1931453
1931631
1932042
1932198
1932690
1933108
1933584
1933977
1934009
1934106
1934506
1934884
1935168
1935187
1935349
1935479
1935959
1936439
1936533
1936615
1937009
1937218
1937519
1937694
1937716
1937796
1937894
1938138
1938552
1938762
1938934
1939030
1939184
1939263
1939311
1939781
1940245
1940503
1940684
1940879
1941136
1941312
1941371
1941524
1941894
1941960
1942353
1942523
1942800
1943055
1943316
1943601
1943652
1943870
1943965
1944106
1944209
1944391
1944799
1945272
1945723
1945834
1945868
1945958
1946101
1946403
1946863
1947300
1947460
1947848
1947949
1948223
1948305
1948710
1948746
1949192
1949627
1949699
1950113
1950518
1950523
1950753
1950813
1950996
1951115
1951244
1951537
1951608
1951707
1951992
1952173
1952180
1952615
1952855
1952875
1953031
1953303
1953463
1953536
1953557
1953895
1954000
1954300
1954430
1954772
1955271
1955497
1955751
1955945
1956343
1956714
1957106
1957367
1957429
1957596
1957891
1957903
1958065
1958148
1958508
1958691
1959110
1959407
1959716
1959951
1960419
1960661
1960694
1960723
1961194
1961630
1961812
1961982
1962257
1962744
1963127
1963607
1963698
1963773
1964017
1964281
1964668
1965123
1965438
1965794
1966157
1966537
1966818
1966888
1967040
1967384
1967655
1968145
1968282
1968704
1968711
1969106
1969562
1969907
1970343
1970576
1970756
1971133
1971352
1971367
1971472
1971808
1971891
1971914
1972373
1972741
1973205
1973285
1973366
1973643
1974101
1974378
1974455
1974919
1975228
1975496
1975782
1976144
1976588
1976912
1977215
1977626
1977727
1977729
1978058
1978399
1978549
1978940
1978998
1979423
1979874
1980104
1980326
1980780
1981019
1981377
1981849
1982157
1982600
1982798
1983032
1983357
1983666
1983905
1984215
1984558
1984914
1985342
1985598
1985892
1985918
1986370
1986390
1986774
1986839
1987162
1987312
1987326
1987693
1987708
1987852
1988283
1988762
1988805
1989169
1989303
1989359
1989851
1989921
1990415
1990823
1991081
1991229
1991559
1991666
1992160
1992607
1992790
1992856
1993113
1993183
1993510
1993536
1993692
1993984
1994309
1994552
1994731
1995186
1995301
1995733
1996167
1996562
1996780
1996796
1997215
1997371
1997664
1997767
1998183
1998662
1998886
1999177
1999215
1999250
1999403
1999772
2000217
2000362
2000415
2000599
2001038
2001215
2001409
2001635
2002128
2002244
