La primera linea indica la cantidad de minutos a considerar (n). Luego vienen n lineas que corresponden a los x_i, y luego los n valores que corresponden a la funcion f(.):
1000
99
673
699
252
410
464
487
881
266
278
877
713
612
301
24
566
380
83
23
452
997
549
657
33
364
615
485
109
612
193
891
20
397
288
612
752
327
394
523
85
721
481
235
412
685
964
437
675
812
413
184
204
218
440
792
5
54
78
732
717
395
441
446
496
450
395
226
645
229
820
514
809
321
5
68
188
32
352
879
796
405
855
675
287
78
20
952
148
300
971
705
516
337
995
638
19
338
233
897
324
765
852
750
412
632
68
27
104
861
700
607
86
233
595
180
127
788
974
603
219
948
145
606
552
88
142
192
538
296
801
318
468
213
952
182
850
170
111
194
812
989
511
437
753
949
156
257
774
593
267
425
584
226
903
443
695
711
637
814
899
22
312
849
517
994
654
91
145
52
870
187
944
888
709
611
348
38
613
82
883
862
478
513
506
933
1
852
218
33
289
706
943
140
35
595
842
198
48
821
508
503
119
458
668
184
827
478
366
19
284
592
526
107
32
949
873
306
479
206
1000
500
312
808
822
298
715
85
158
3
46
436
235
583
502
166
887
999
388
582
930
582
888
37
336
353
632
57
707
104
989
915
716
729
171
671
595
985
74
857
258
808
940
107
348
740
794
714
896
148
414
903
69
635
47
272
254
555
361
454
443
401
119
680
238
492
253
257
782
852
566
590
961
981
136
248
639
446
586
966
426
28
474
253
957
396
513
836
99
825
986
707
411
352
640
588
242
878
233
336
747
687
655
88
649
627
603
688
391
296
709
953
678
370
657
475
277
722
514
98
546
454
957
393
263
1000
846
874
549
851
966
356
362
268
822
100
891
10
663
97
965
414
892
427
322
383
221
449
290
682
446
250
588
27
971
423
617
848
23
89
967
760
730
571
507
352
487
734
646
621
245
541
525
549
935
411
928
515
192
995
165
711
916
108
537
646
411
80
998
855
864
471
999
427
452
617
594
3
818
212
766
150
500
747
526
280
506
47
40
823
982
659
2
84
248
372
67
365
213
237
303
475
454
791
658
61
108
54
753
465
2
593
922
381
635
15
358
875
244
829
538
783
261
485
163
996
736
883
619
656
887
996
365
182
48
930
96
27
63
704
463
87
44
678
396
74
652
970
7
56
798
813
401
92
783
791
429
976
394
838
354
793
525
106
472
289
971
576
48
911
35
356
531
597
702
684
587
350
907
964
667
436
428
824
633
231
341
895
745
384
99
421
635
125
798
925
893
897
743
591
932
120
241
335
190
639
512
130
921
101
576
802
541
322
498
444
382
221
837
576
582
470
246
521
871
971
960
722
106
577
633
862
274
811
374
390
476
626
7
819
385
506
371
784
41
511
16
470
396
285
824
235
489
615
853
310
38
216
532
547
562
753
731
689
778
686
472
23
142
939
377
375
96
73
98
111
283
249
1
861
497
237
855
136
614
125
24
626
522
518
769
46
778
433
603
831
806
340
666
426
126
988
433
655
880
90
311
239
892
792
420
863
373
274
413
827
682
390
619
878
471
23
501
537
712
378
15
476
133
984
672
581
845
163
704
449
981
554
749
949
629
643
214
510
940
895
475
605
744
797
457
785
141
490
626
880
413
208
261
514
900
937
40
894
303
28
385
476
545
299
598
882
787
591
564
179
957
121
165
351
340
599
713
635
742
321
249
145
514
265
33
560
836
299
72
137
280
63
99
485
698
849
921
624
993
806
255
311
716
833
785
163
910
423
822
578
312
739
172
183
552
86
144
47
101
630
113
396
821
597
368
764
396
47
878
393
217
250
550
148
855
95
563
441
440
795
610
620
749
441
50
507
946
242
14
334
894
838
403
403
810
213
418
365
746
554
155
606
844
58
366
142
209
363
239
810
803
885
297
120
768
315
148
915
377
526
716
46
945
809
17
377
682
518
434
959
954
556
478
1000
859
316
473
277
458
317
46
840
879
467
80
684
969
225
386
954
343
906
799
949
557
123
675
188
575
695
721
136
464
277
48
41
468
913
288
867
771
392
206
464
407
646
20
696
644
432
288
314
582
250
905
205
735
329
161
436
298
676
630
216
561
273
38
637
713
998
823
704
514
490
260
334
707
790
115
291
440
35
61
314
712
784
942
920
625
289
805
844
156
282
801
394
157
553
250
598
249
574
590
856
604
147
213
342
756
14
615
233
118
123
453
329
814
747
899
491
70
531
413
154
570
718
401
161
451
135
244
614
596
933
462
865
872
358
187
37
735
114
346
258
2
707
198
643
546
957
710
74
487
474
355
217
149
667
163
577
722
111
833
216
560
774
949
1235
2002
2679
3674
3872
4729
5489
6413
6797
7656
7824
8406
8743
9529
10106
10409
10663
11150
12148
12571
12924
13820
14061
14415
14603
14999
15954
16425
16723
16933
17206
18179
18649
19193
19806
20665
21439
21474
21871
21917
22088
23058
23401
23853
23866
24560
25326
25436
26329
26359
27134
27442
28387
28531
29299
29585
29831
30019
30594
31162
31528
32211
32725
33645
33877
34141
34575
35153
35848
36021
36718
37177
38117
38840
39594
39904
39944
40637
41559
41710
41955
42907
43321
43383
43999
44060
44133
44971
45701
45762
45974
46727
47212
47375
47775
48574
49471
49709
50191
50752
51282
51657
52018
52704
53224
53881
54841
55580
56272
57138
57191
57587
57689
58461
58609
59131
59904
60414
61319
61742
62720
63082
63315
63664
64083
64132
64855
65258
65335
66281
66288
66657
67382
68039
68093
68453
69230
69788
70010
70157
70550
71037
71199
72014
72444
73052
73316
73521
74462
74703
74911
74962
75708
76653
77126
77694
78005
78852
79169
79172
79745
80397
81270
81390
82249
82440
83177
84130
85033
85985
86010
86986
87266
88022
88347
89237
89586
90235
91184
92055
93044
93543
93731
94451
95215
95502
95872
96177
96883
97375
97867
98025
98588
99370
100213
101171
101269
101794
102143
102950
103399
103787
104504
104831
105803
106644
106802
107721
108549
108663
109417
109512
109868
110378
111252
111536
112307
112555
112777
113346
113742
113994
114046
114792
114904
115690
116136
117135
117611
117736
118254
119238
119660
120161
120810
121319
121782
122289
122477
123070
123461
124178
124625
125313
126201
126682
126976
127894
127930
128108
128745
129653
129684
130396
130693
131022
131119
131451
131654
131838
132823
133343
133951
134810
135341
136210
137068
137495
137628
137959
138728
138924
139489
139999
140648
141566
141817
142714
143671
143905
144664
145324
145558
145703
146082
146750
147457
147759
148225
148705
149414
150333
150886
150988
151629
152576
153493
154004
154427
155173
155701
156237
156648
157617
157975
158345
158996
159960
160260
161240
161498
161590
161990
162535
163039
163699
163989
164123
164605
164809
165066
165882
165896
166300
166401
166483
167167
167781
168445
168724
169371
169808
170134
170302
170612
171611
171695
172310
172860
173019
173602
174187
174991
175568
176302
177011
177736
178042
178614
178929
179275
179521
180019
180230
180542
181188
181806
182240
183150
183348
183601
183666
184608
184708
185181
185493
186335
187016
187549
188290
188764
189239
189822
190506
190814
191442
191497
191964
192567
193497
194283
194504
194586
194839
195691
196289
196735
196856
196859
197488
197835
198433
199255
200070
200314
200510
200818
201345
201593
202192
202208
203124
203823
204260
205015
205110
206095
206297
206934
207092
207966
208125
209117
209341
209793
210576
210942
211245
211908
212487
213108
213532
214370
215011
215106
216032
216071
216112
216958
217491
218012
218765
219756
219863
220525
220886
221814
222707
223123
223613
223807
224697
225339
225708
226321
227272
227504
228145
228635
229281
229538
230306
231162
231787
232638
233084
233173
233389
233465
233474
233603
233709
234173
234594
235153
235568
235775
236610
236626
237434
237522
238339
238969
239189
239487
240079
240585
240736
241017
241391
241433
241940
242307
242428
243203
243877
243891
244182
244609
244941
245380
245479
245718
246209
246707
246831
247748
247785
248341
249106
249353
249561
249664
250483
250699
251296
251812
252164
252842
253768
254029
254341
255283
255571
255995
256759
257601
258098
258222
259026
259223
259709
260225
260794
260863
261099
261839
262589
263107
263273
263465
264289
265205
265963
266403
266934
267670
268045
268533
268573
268803
269702
270569
271461
271569
272389
273276
273612
274296
274578
274833
275486
276185
276337
276491
277484
278241
278751
279710
280662
281199
282002
282888
283848
284591
284608
285030
285871
286302
287113
287179
288179
288348
288512
289402
289636
289771
289793
290792
291634
291697
291784
292267
292457
293104
294073
294963
295729
296680
297251
298203
298528
298944
299425
299989
300022
300263
300612
301138
301275
301897
302365
303096
303874
304810
304997
305476
306244
306379
307171
308090
308555
308891
309329
309567
309923
310908
311161
311173
312084
312585
313107
313871
313992
314503
314592
315504
316377
316471
317255
317493
317903
318330
318923
319555
320332
320436
321059
321911
322281
322722
323697
324474
325388
325965
326356
327169
327469
327980
328141
328719
328722
329274
329568
329591
329842
330673
330710
331393
332225
332689
332930
333130
333450
333736
333876
334626
335295
335943
336149
336227
336866
337082
337373
338019
338465
338981
339196
340142
340699
340724
341559
342009
342665
343281
343791
344184
345086
346012
346973
347845
348138
348598
349472
350052
350306
350847
350988
351768
352375
353066
353728
354047
354118
354772
355266
355473
356336
357087
357694
358438
359108
359419
359651
360546
360793
361716
362555
363293
363431
364051
364836
365560
366343
366657
367544
367691
368396
368665
368888
368893
369431
370232
370325
371259
371393
371554
372003
372435
373139
373685
374653
375509
375948
376553
376654
377347
378157
378189
378954
379278
380270
380781
381205
382072
382099
382112
382253
383134
383165
383303
383689
384598
385422
386293
387158
387636
388036
388767
389745
390135
390193
390822
391287
391582
392572
392623
392855
393273
394137
394374
394657
395050
395671
396016
396101
396491
396998
397046
397263
398227
398601
399600
400534
400669
401096
401633
402563
403512
403844
404755
405685
405942
406677
407085
407318
408026
408552
408783
409508
410233
410948
411537
411939
412124
412236
413028
413279
413665
414215
414349
414998
415141
415679
416493
417030
417642
417823
418115
419041
419171
419321
419730
420647
421174
421929
422403
422578
422743
423429
423975
424471
425420
425934
426470
426760
427092
427725
427891
428775
429501
429613
430255
430860
431407
431720
432583
433266
434036
434285
434448
434872
435866
436723
437676
438465
438941
439387
439615
439891
440087
440152
440598
441546
442147
442665
442730
442792
442860
443045
443087
443348
444214
444476
444690
445238
445707
446002
446307
446689
446732
447435
447949
448932
449039
449146
449582
449937
450826
450866
451184
451467
452096
452556
453410
454157
454944
454960
455821
456759
457728
458117
458654
458856
459828
460435
461065
461633
462317
462821
463151
463306
463687
464450
464771
465559
466363
467297
468270
468545
469153
470083
470559
471188
472068
472437
473268
474165
474575
475072
475498
475765
476699
477640
478289
478866
478969
479674
480396
481299
482207
482679
483497
483557
484054
484520
485010
485408
485949
486740
487638
488217
488257
488865
489742
490430
490631
491024
491314
491833
491841
492688
492824
493465
494062
494537
494991
495704
496279
496737
496829
497019
497873
498754
499219
500113
500514
501438
502267
503120
503578
503626
504339
505225
506113
507072
507319
508022
