La primera linea indica la cantidad de minutos a considerar (n). Luego vienen n lineas que corresponden a los x_i, y luego los n valores que corresponden a la funcion f(.):
2000
293
191
859
826
47
831
340
936
857
656
229
512
186
75
710
625
725
206
405
531
5
876
631
405
138
207
461
741
765
87
708
922
747
734
734
53
596
647
809
508
576
115
601
242
648
487
833
185
969
383
922
602
948
852
158
679
148
951
180
810
406
703
925
347
93
552
111
134
966
765
106
301
138
363
495
1000
18
795
382
415
961
947
462
333
990
817
821
921
655
829
518
781
173
205
837
921
905
991
338
139
80
823
332
551
640
518
560
519
707
396
833
286
517
271
186
103
154
531
608
760
794
922
227
23
624
348
753
840
680
741
327
9
132
504
471
183
246
651
938
851
373
637
539
356
349
794
292
97
840
51
635
255
987
627
506
906
228
201
542
210
470
5
431
153
117
498
613
312
703
589
846
239
645
946
180
284
595
495
518
195
943
306
883
867
612
693
98
551
56
554
806
46
502
494
316
195
352
992
357
485
406
562
133
74
403
162
179
936
821
955
555
767
94
592
988
745
365
425
852
675
517
82
613
303
758
499
561
905
80
901
373
891
642
391
920
824
839
856
230
509
388
343
489
167
270
98
508
99
449
184
232
347
92
260
106
10
437
53
977
314
185
82
221
773
557
109
33
222
410
172
79
344
907
707
565
303
290
453
768
412
737
446
371
398
668
822
643
898
291
931
985
851
372
139
377
275
284
805
870
205
964
308
667
446
815
109
664
430
173
535
988
754
221
620
864
785
567
385
163
443
627
147
20
132
621
490
508
265
302
103
73
78
954
676
249
371
753
61
949
114
214
635
384
520
258
414
289
97
158
897
804
108
185
388
783
998
916
294
513
740
219
776
778
43
92
698
594
42
352
275
990
697
962
214
910
36
209
307
177
880
767
937
335
585
530
559
376
238
223
616
286
111
338
540
675
534
420
752
347
50
936
366
155
989
747
510
207
711
743
861
245
251
748
316
636
12
752
31
560
147
113
493
426
447
778
824
513
27
226
858
247
459
436
431
218
534
973
13
91
394
424
128
245
674
727
41
16
684
479
190
164
943
239
868
426
810
256
328
517
536
433
885
704
608
690
548
346
501
758
828
415
857
993
464
451
546
64
939
884
721
720
850
846
899
561
484
95
240
733
730
851
618
490
88
764
13
197
591
869
552
407
868
365
449
906
165
929
72
247
442
34
563
253
155
761
493
561
365
994
495
248
358
536
54
115
520
340
145
545
122
319
356
656
452
157
757
939
863
729
111
267
476
959
887
681
582
422
569
507
372
224
505
303
512
231
906
747
314
955
660
793
775
506
433
424
888
239
184
731
615
12
207
970
710
112
996
440
442
259
545
31
253
402
351
93
695
393
712
435
717
570
508
376
732
831
617
44
506
980
709
640
99
503
83
99
837
754
844
892
759
181
416
596
15
435
805
240
738
879
750
83
391
518
286
81
90
600
481
898
887
208
111
336
430
415
134
945
241
433
493
604
617
98
113
915
220
704
257
259
891
13
8
818
999
397
491
821
200
800
392
836
921
852
149
189
909
570
838
765
411
775
723
951
982
401
984
581
755
84
402
271
261
202
798
797
964
942
959
840
919
935
455
72
620
250
325
978
192
265
759
854
296
587
741
397
956
145
7
963
414
571
329
796
475
104
659
510
889
986
364
770
404
634
177
789
139
32
326
536
934
935
299
841
599
271
471
665
11
802
379
447
460
896
170
337
383
393
770
825
407
916
536
647
561
199
369
237
962
521
372
455
444
645
535
976
137
87
553
36
372
202
982
892
70
305
293
734
363
674
56
983
72
889
758
477
367
232
514
972
646
268
799
964
23
127
981
248
188
503
414
569
430
138
296
789
566
807
950
779
828
860
5
518
332
608
812
831
48
300
537
721
408
422
483
315
805
285
509
943
23
740
8
917
334
860
584
894
214
737
363
331
71
89
239
142
48
560
875
26
296
252
296
974
586
444
871
118
529
916
791
538
268
895
286
929
909
534
249
172
152
539
428
70
938
758
375
327
1000
694
908
485
204
399
874
36
305
903
983
450
115
116
603
387
465
295
972
840
80
597
410
70
756
463
173
899
104
724
943
60
900
225
753
794
276
68
63
240
95
793
846
617
501
436
256
914
882
760
15
335
164
105
714
399
472
960
386
219
707
480
755
735
977
278
992
174
357
336
342
469
386
1
306
740
445
718
343
302
827
912
161
864
187
693
720
348
528
465
625
365
436
737
436
752
492
772
42
180
221
15
118
259
769
271
365
64
998
571
320
871
343
102
668
591
4
783
870
557
642
547
212
686
12
168
383
375
454
494
235
668
1000
247
348
623
10
606
601
366
674
788
657
171
735
605
789
804
510
300
324
813
488
373
963
701
291
898
765
663
537
739
780
30
289
657
141
812
286
513
522
518
47
89
163
915
125
195
791
522
210
653
140
332
266
437
487
971
181
74
400
613
849
683
855
501
68
90
275
14
41
425
412
11
700
942
155
249
19
880
326
461
935
412
819
333
814
139
297
516
762
904
927
207
146
204
516
946
202
887
721
487
267
555
406
213
747
501
761
69
422
457
178
122
470
650
754
740
522
343
179
809
790
861
839
411
72
40
725
755
871
663
307
700
538
486
868
134
678
720
430
745
139
145
696
851
667
696
744
69
835
422
156
615
945
812
12
219
872
338
385
185
823
898
499
658
300
754
808
645
444
768
579
980
788
728
651
316
23
954
839
342
749
382
504
604
999
552
661
240
23
575
925
874
897
836
372
699
101
13
924
66
407
964
716
315
860
20
230
870
663
878
962
348
767
475
90
359
487
246
53
592
719
396
360
660
54
854
506
32
14
828
443
425
696
850
800
714
737
615
971
516
35
486
170
888
552
498
478
980
159
551
811
163
837
626
530
520
933
658
165
343
679
629
920
628
84
619
786
457
861
525
997
705
84
858
447
31
745
189
64
982
182
781
634
501
931
166
954
614
227
845
777
236
482
736
350
957
238
733
99
33
337
470
316
815
34
888
634
178
817
419
949
291
808
280
749
84
827
127
742
228
949
199
503
710
262
782
962
880
355
509
716
292
608
36
476
331
517
927
503
329
956
400
392
363
742
405
210
678
916
655
627
802
906
180
870
617
182
493
67
25
664
599
309
341
726
389
581
487
51
316
533
428
74
150
43
546
761
461
906
835
139
249
641
590
242
738
607
592
708
501
723
683
842
622
966
210
207
927
394
720
978
158
663
286
409
894
663
89
351
608
10
368
386
223
890
50
909
170
376
417
229
837
504
69
545
316
467
953
395
692
937
594
463
746
452
578
685
119
825
32
362
530
715
194
703
969
503
909
860
191
744
703
631
432
638
324
7
274
705
207
373
551
625
212
13
229
279
661
952
82
791
587
780
646
95
184
770
139
290
18
368
570
590
68
133
790
895
570
166
3
824
695
338
38
919
13
463
77
267
98
760
880
696
175
609
606
19
234
846
231
292
550
599
678
799
344
593
653
282
693
673
904
929
882
432
994
891
722
736
470
982
467
160
821
790
798
905
246
490
163
754
205
834
652
846
921
930
359
632
941
962
9
870
20
139
498
719
249
267
187
337
464
491
12
976
165
535
254
86
505
943
343
770
121
52
233
423
272
145
692
676
211
878
213
431
466
720
413
530
54
947
552
277
737
739
635
844
615
696
643
731
586
810
732
572
763
763
866
927
569
739
403
833
724
735
706
8
13
789
141
214
947
876
148
894
173
28
476
828
310
260
513
211
872
131
741
609
790
755
537
985
892
739
348
526
487
41
700
126
200
875
866
743
865
392
791
131
576
416
975
91
959
867
761
418
478
86
599
845
824
967
130
682
183
728
245
897
888
85
730
777
33
18
641
486
143
707
618
476
161
491
409
910
886
198
957
100
752
552
51
608
974
673
126
717
980
701
87
419
935
560
422
812
431
461
442
983
472
262
976
183
787
555
929
176
117
168
299
481
737
496
482
105
416
69
514
749
14
884
154
999
144
317
146
952
315
503
88
569
744
734
385
558
789
88
436
340
963
804
684
862
94
69
271
574
985
794
412
897
288
728
277
811
724
243
958
456
859
532
157
837
774
911
152
403
705
965
65
516
491
312
839
717
126
492
677
22
961
60
292
603
309
396
620
825
770
48
790
379
665
690
935
346
37
548
906
537
206
684
692
677
346
140
854
114
650
161
84
444
96
701
774
651
580
387
621
782
722
443
973
731
845
109
856
897
889
23
670
879
951
751
233
734
185
392
635
483
670
509
365
548
427
988
348
232
125
14
544
283
69
280
350
242
927
216
902
583
121
135
117
300
664
460
81
572
996
76
20
30
643
340
548
650
125
442
749
975
356
495
267
844
141
14
765
22
184
398
672
331
738
720
505
979
854
161
869
19
364
152
645
278
228
547
464
1
722
53
255
958
816
266
161
289
480
450
674
865
224
438
389
109
538
880
472
894
84
794
85
188
715
150
524
463
251
327
939
853
19
739
494
873
358
926
389
656
677
691
211
45
661
803
426
171
928
960
4
813
164
750
709
588
340
247
852
927
868
631
303
194
590
591
572
848
1131
1175
1822
2503
3286
4041
4545
5417
5813
5998
6046
6748
7605
8319
8996
9371
10180
10918
11205
12192
13139
13955
14050
14966
15659
16050
16240
16698
16842
16879
16970
17736
17788
18696
18879
18890
19110
19913
20345
20429
20971
21427
21613
22260
23236
23946
24612
25098
25561
26352
27261
27776
28484
28582
29042
29691
29887
30781
31306
32109
32476
33241
33753
34708
34977
35561
36240
37023
37139
38061
38420
38689
38993
39496
39590
40024
40187
40837
41725
42584
42655
43174
43771
44409
44529
44858
44876
45830
46054
46808
47363
47966
48348
49031
49855
50229
50713
51375
52079
52786
53385
53441
54060
54416
54671
55520
55986
56453
56982
57727
58434
58716
59440
60337
61189
62178
62204
62868
62886
63204
63814
64180
64976
64999
65215
65474
65605
66446
67419
67886
68692
69360
69711
70600
71274
71875
72316
72464
73207
73936
74319
75053
75867
75983
76915
77850
78605
78711
79062
79990
80640
80987
81474
82306
82514
83199
83743
84088
84791
85069
85382
86137
87113
87730
88620
89617
90385
91005
91185
92031
92205
93135
93957
93973
94105
95102
95268
95848
96448
97021
97235
97823
98349
98441
98813
99008
99847
99874
100061
100591
101330
102138
102443
103016
103133
103808
104043
104874
104996
105653
106353
106613
106813
107656
108250
108953
109109
109704
110219
110656
110777
111582
112488
112521
112900
113089
113985
114260
114422
114872
115126
115364
115538
115698
116276
116410
116767
116939
117829
117931
118112
119101
119390
120146
120733
121378
122326
122851
123446
123676
123822
124488
124822
125585
126407
127147
127506
127853
128023
128993
129082
129818
129981
130639
131634
131663
132311
133051
133318
133324
134197
134371
135191
135341
135970
135982
136250
137144
137374
138196
139063
139499
139658
139916
140785
141739
142081
142241
142680
143082
143670
143866
144651
144717
145259
145507
146382
147103
147968
148245
148713
148801
149710
150399
150981
151570
152436
152682
153530
154233
155025
155066
155552
155671
155756
156561
157194
157959
158089
158585
158927
158999
159634
160089
160643
161610
162118
162665
163619
164379
164884
165411
166360
167111
167175
167946
168202
168273
168289
168858
169203
170100
170489
171242
171352
171633
172213
172822
173653
174270
174755
175155
175238
175386
176128
176973
177889
178025
178841
179422
179866
180563
181044
181642
182368
183324
183902
184135
184514
185284
185692
185797
186042
186482
187320
188042
188190
188419
189128
189749
189997
190278
190350
190989
191797
192724
193250
193594
193875
194547
194755
195211
196204
197025
197825
198327
199256
200049
200644
201087
201259
201562
201879
202105
202873
203756
203924
204371
205371
205422
206206
206598
207370
207648
207785
208117
208747
209733
210109
210452
210593
211159
211419
211927
212050
212119
212759
212992
213231
213879
214343
215261
215489
216337
217176
217871
218618
218892
219773
220624
221029
221687
222313
223227
224226
225071
225835
225879
225912
226533
227373
228110
228188
228278
228904
229866
230249
231094
231730
231792
232257
232753
233357
233716
234297
234829
235602
235699
235955
236333
237199
237307
237755
237879
238648
239517
240396
240608
241237
241800
242023
242504
242797
243314
243976
244016
244440
244707
245223
246006
246501
246814
247632
248540
248748
249402
250388
250935
251686
252684
253248
253300
253710
254648
254924
255046
255221
255903
256457
257366
258137
258680
259662
260492
260527
260940
261001
261020
261893
262168
263103
263401
264190
264510
264676
265486
265532
266215
266235
266544
266705
266858
267761
268146
269114
270001
270321
270692
270894
271364
271873
271933
272819
273553
274471
274890
274918
275871
275900
276816
277062
277498
277963
278094
278844
279183
279890
280180
280534
281485
281973
282525
282571
282875
283752
284446
284662
284967
285802
285818
286763
287680
288414
288730
289552
289744
290252
291139
291679
292386
293042
293339
293401
294212
294435
295176
295410
296181
297019
297191
297837
298547
298769
299214
299612
299712
300167
300907
301128
301233
302099
302364
302683
302999
303123
303959
304411
304487
304661
304923
305538
305828
306550
306806
307431
308143
308481
308700
309204
309506
309996
310517
310948
311379
311407
312145
312727
313352
313885
313915
314608
315144
315874
316302
316458
317081
317200
317883
318426
319093
319183
319519
320033
320176
320832
321537
321840
322101
322521
323445
324400
325338
326285
327083
328013
328727
328993
329941
330589
331345
331632
331853
332090
332879
333833
334410
334579
334760
335395
335945
336710
337386
338285
339028
339278
339692
340359
341153
341402
341678
342480
343320
343801
344726
345616
346008
346646
347529
348347
349032
349220
349346
350087
350488
350570
351164
351212
351504
352490
352567
352919
353616
354241
354706
354832
355723
355760
355960
356604
357534
357987
358724
359245
359854
360036
360887
361477
361781
362374
362635
363399
363488
363961
364359
364609
364618
364660
364998
365265
365765
366290
366751
367024
367322
368173
369067
369280
369704
370316
370499
371499
371945
372641
373365
373902
374446
375418
376261
377139
377982
378428
379056
379168
379682
379807
380336
380890
381127
381871
382283
383207
383889
384661
385041
385848
385964
386371
386697
386723
387250
387945
388112
388359
388494
389149
389437
389573
389720
389965
390477
390608
390631
391472
392312
393017
394005
394168
394830
394834
395231
395370
395718
396215
396874
397570
398244
399135
399201
399831
400688
400868
401612
402001
402376
402786
403686
403980
404945
405768
406186
407122
407765
407818
408563
408638
408971
409617
410403
410525
410648
410661
411316
411655
411811
412749
413320
413583
414243
414629
414943
415312
415457
416440
416896
417598
418026
418766
419284
419420
420099
420756
421518
422031
422556
423544
423939
424318
425151
425220
425951
426372
427174
427862
428052
428391
429290
429605
430331
430415
430702
431115
432087
432749
432924
433731
434690
435576
435811
436209
436240
436399
436753
437115
437823
438714
439713
440079
440522
441515
442454
442801
443069
443968
444664
444801
445537
445703
446180
447131
447816
448559
448668
448736
449248
449980
450714
451109
451136
451339
451741
452172
453028
453310
454291
454358
454398
454858
455418
455788
455899
456356
456775
457506
458042
458866
459123
459209
459931
460618
461523
461752
462607
463207
463488
464245
464879
465665
466572
467050
467058
467630
468173
468755
469049
469808
470515
470816
470858
471466
472217
472420
472968
473433
473799
474707
475260
475659
476399
476529
477475
478327
478559
478959
479597
480120
480718
480786
481551
482407
482704
483459
483942
484143
484584
484829
485825
485956
486006
486960
487671
487970
488916
489544
490301
490859
490880
491566
491922
492589
492993
493005
493102
494005
494573
494772
495403
495799
496729
496892
497521
498413
499069
499356
500352
501212
502204
502613
502960
503246
503469
503940
504801
505213
505847
506575
506671
506697
507035
507917
508029
508977
509127
509839
510505
510922
511278
511569
512230
512762
513280
513600
513718
514310
514569
515249
515263
516051
516588
516968
517824
518585
518854
519382
519778
520680
520818
520914
521678
522470
523428
523604
524579
525480
526068
527051
527083
527698
528578
529033
529371
530251
530316
530827
531476
532332
532883
532902
533651
533982
534794
534863
535416
535975
536451
536482
537070
537911
538810
539461
539743
540482
541274
542064
542271
542319
542617
543328
544224
545092
545795
545804
546764
546990
547111
547738
547824
548350
548854
548912
549067
549623
549820
550610
550784
550917
551285
551932
552500
552806
553393
553562
554442
555143
555755
556390
557012
557143
558065
558529
558555
559398
559404
560152
561049
561986
562348
562626
563464
563705
563884
564875
565494
565837
566031
566902
567318
567606
567689
568497
569081
569478
569923
570256
571032
571675
572523
572664
572955
573016
573919
574145
574925
575257
576219
577090
577091
577639
578454
578538
578886
579441
579745
579831
579965
580022
580258
580996
581280
581290
582041
582532
582825
583500
584145
584606
585312
585827
586056
586630
586746
587424
587955
588171
588644
588971
589449
589937
590759
590857
591109
591229
591252
591917
592248
592544
593033
593227
593574
593824
594784
595434
595622
596478
596733
597521
597795
598140
598738
599188
599750
600245
600356
600851
601688
602644
603082
603957
604017
604791
605695
606398
606607
607549
608427
609180
609206
609296
610178
611136
611704
612289
612469
613430
614372
615039
615277
615906
616244
616684
617333
618066
618483
618888
618935
619842
619860
620570
620604
620894
621248
621773
621784
622562
623517
623868
624655
624978
625787
625995
626843
627525
628521
628923
629522
629661
629799
630130
631127
631558
632387
633008
633947
634683
634717
634840
635758
636243
636432
637047
637549
638342
639320
639339
639499
639713
640399
640446
641038
641817
641909
642111
643030
643782
644359
644798
644987
645284
645978
646350
646549
646593
647429
647662
647797
648262
649214
649431
649689
650276
650518
651468
651550
651853
652172
652322
653238
653972
654280
655259
655475
655784
656535
656757
656793
657471
657791
658189
658932
658967
659299
660153
660523
661426
662365
662448
662824
663680
664121
664955
665460
666095
667029
667159
667268
667671
668244
669007
669549
670384
670774
671716
672608
673099
673235
673807
674232
674372
674822
675015
675906
676380
676672
677105
677718
678547
679425
680196
680404
681271
682024
682647
683443
683589
683902
684809
684813
685346
686235
686912
687049
687293
687901
688359
688835
689286
689383
689496
690393
690430
690822
691529
691684
692281
692485
693168
693248
693422
693515
693587
693903
694130
694713
694945
695337
695615
696610
697111
697644
698453
698853
699144
699461
699961
700452
701186
701194
701213
701271
701307
701610
701630
702222
702527
702585
702951
703905
704784
705754
705813
706265
706633
706692
706916
707390
707953
708763
709459
709767
710015
710589
711471
712134
712737
713735
713780
713835
714463
715418
716167
717048
717667
717718
718036
718111
718261
719044
719115
719888
720083
720342
720864
721855
721886
722223
722972
723410
723844
724836
725713
726005
726186
727135
727793
728538
729464
729592
730411
731039
731549
731658
731929
732718
733374
734343
734581
735370
735448
736271
736742
737190
737855
738324
738342
739203
739762
740658
741093
741519
741563
742066
743020
743405
743440
744070
745024
745280
745416
746354
746853
747493
748423
749147
749254
749689
750062
751046
751897
752421
753308
753975
754146
754381
754511
755253
756064
756850
757745
758169
758553
758711
759476
759585
760017
760538
761146
762041
762815
763047
763206
763552
764190
764531
764818
765539
766230
766567
766725
767668
768087
769047
769796
770182
771035
771784
772433
772966
773160
773966
774272
775233
775239
775754
776441
776539
777028
777739
778266
778587
779224
779361
779984
780669
780828
781083
781592
781978
782437
782759
783027
783093
783202
783859
784511
784656
784679
785414
785453
786070
786643
787081
787358
787474
787825
788699
788933
789857
790313
790627
790804
791427
792082
792837
793821
794610
795089
795367
795535
795949
796010
797009
797775
798512
799099
799332
799520
799875
799985
800072
800817
800848
801576
801621
802054
802916
803605
803688
804298
804799
805791
805820
806412
806871
807433
808043
808710
809276
810045
810801
810835
811536
812285
812478
813199
813811
814591
814728
815583
816495
817481
817668
818136
818325
818813
819785
819883
820421
821154
821843
821999
822651
823024
823072
823751
823920
824755
825488
826367
826747
827083
827359
827390
828208
828489
829103
830084
830974
831932
832003
832642
833410
833462
833628
834474
835104
835821
836135
836273
836277
836678
836964
837756
837975
838511
839270
839278
839681
839924
840218
840620
841489
842283
842464
842685
842901
843889
844721
845041
845668
845690
846678
846968
847225
847690
847943
848675
849612
850213
850781
851660
852507
853379
853761
854412
854912
855617
856013
856723
856881
857686
857771
857958
858449
858491
858643
858757
858843
859295
859474
860417
860771
861011
861227
862115
862918
863295
863446
863513
863706
864490
865201
865612
866230
867027
867695
867789
868624
868917
868952
869459
870114
870538
871313
871802
872690
873315
873622
874267
874627
875291
875946
876745
877099
877262
878015
878982
879231
879938
880341
880755
881175
881880
882309
883042
883867
884385
885150
885587
886542
887520
887968
888121
888474
889170
890004
890588
891291
891348
891936
892178
893044
893829
894631
894640
894940
895734
896691
897649
897873
898280
898289
898773
899096
899154
899348
900075
900148
901120
901572
901852
902813
903530
904178
904781
904859
904869
905473
906287
907233
907257
907889
908610
909117
909757
910471
910514
911249
911722
911981
912493
912825
912885
913757
914326
914552
915208
916204
916538
917001
917972
918418
919263
920221
920818
921121
921211
922110
922320
922810
923199
923401
923779
924713
925014
925764
925804
926515
927443
928049
928061
928550
928855
929605
930474
931431
932123
932191
933157
933159
933661
934427
934717
935539
936404
937271
937774
938172
938392
938444
939223
939744
940486
940489
941107
941509
942267
942763
943402
943450
943783
944775
944902
945036
945051
945207
945622
945840
946478
946976
947131
947669
948221
948665
949110
949630
950082
950216
950281
950489
951254
951355
952337
952340
952351
952443
953185
953688
954074
954562
955412
956263
956785
957694
958554
959474
959749
960559
961413
961991
962598
962778
962978
963460
963558
963935
964052
964269
964955
965775
966331
966648
967120
967815
968814
969314
969863
970762
971703
972526
972582
973526
974406
974536
975097
976063
976676
977648
978296
979152
979593
980345
980844
981268
981284
982245
982458
982953
983624
983838
984193
984214
984282
985251
985352
986011
986014
986335
986889
987545
987990
988708
989678
989887
990051
990626
991071
991800
992711
993292
994067
994992
995785
996476
997392
998383
998645
998884
999062
999485
1000018
1000119
1000655
1000824
1001581
1002576
1002874
1003355
1004175
1004265
