La primera linea indica la cantidad de minutos a considerar (n). Luego vienen n lineas que corresponden a los x_i, y luego los n valores que corresponden a la funcion f(.):
3000
937
966
830
917
504
71
162
704
752
415
940
334
5
803
922
214
71
671
81
306
962
230
847
112
350
849
808
810
743
858
271
824
450
715
349
345
349
953
204
390
319
403
616
424
874
556
231
177
264
745
883
786
372
686
961
6
605
2
761
542
535
427
825
417
527
827
485
616
299
273
557
68
344
789
859
318
157
533
673
728
666
525
895
170
140
723
192
284
132
185
980
477
546
486
737
988
865
882
414
847
117
445
475
489
608
757
986
886
767
695
59
530
123
181
212
284
706
225
564
840
328
189
422
941
854
618
900
915
777
459
255
656
35
604
525
967
295
654
684
975
583
350
70
439
581
55
66
683
253
63
577
277
839
747
557
599
275
676
844
751
23
235
447
232
427
926
206
658
201
116
900
987
684
641
695
662
461
874
783
99
651
925
520
575
163
652
426
752
604
271
754
77
279
288
202
717
619
869
1000
926
661
844
421
332
974
322
548
309
880
745
818
99
34
684
512
710
886
455
302
584
839
296
151
335
310
703
672
561
600
1000
899
550
286
986
199
551
585
716
128
577
538
271
330
849
480
819
872
681
8
645
583
518
480
942
270
455
934
50
928
955
866
957
12
21
565
162
954
410
149
395
155
584
504
7
751
768
634
188
679
82
349
929
941
637
332
74
269
229
587
481
996
119
613
22
124
785
555
890
920
981
347
46
253
485
369
254
418
436
362
296
246
351
533
306
929
328
455
296
519
480
782
632
181
515
214
785
96
850
213
186
577
434
872
646
615
452
633
474
629
937
954
523
10
650
643
981
559
28
363
362
178
696
324
663
997
857
112
452
512
638
590
62
641
810
17
99
522
363
294
940
686
144
682
454
653
119
146
685
254
618
292
271
522
623
102
11
423
104
714
668
955
585
568
581
190
609
969
64
702
323
181
683
11
981
539
535
336
778
851
47
575
186
425
873
134
864
58
815
958
390
4
959
476
997
348
666
848
244
627
275
784
722
305
983
943
522
113
549
834
445
432
296
214
999
885
295
809
933
149
653
345
608
485
350
281
353
519
472
127
726
285
263
235
788
212
987
288
935
587
827
948
384
878
830
839
402
354
878
716
707
410
12
562
651
418
985
334
760
757
381
537
82
492
883
62
547
770
1000
786
576
293
705
974
949
56
473
969
69
9
466
48
563
254
574
331
76
389
402
372
164
16
982
311
720
332
133
147
647
359
80
4
479
929
24
640
752
82
319
786
734
765
850
819
47
219
505
350
601
544
660
510
599
380
868
753
479
882
948
497
378
30
503
568
205
324
548
909
117
804
665
951
370
828
996
94
953
936
548
844
937
129
752
883
213
818
88
686
392
390
402
765
158
615
313
170
881
198
613
883
453
422
138
453
134
461
68
268
95
203
808
193
917
69
645
546
843
370
212
544
364
538
522
733
222
722
34
955
539
707
80
687
631
296
219
802
371
792
780
847
997
533
119
300
706
800
658
637
894
612
902
415
379
822
56
338
159
240
826
808
861
600
895
910
180
683
319
841
282
544
763
883
168
525
177
790
622
364
141
588
767
453
582
186
454
522
498
390
126
667
295
699
512
485
344
681
109
50
3
599
872
673
614
407
637
987
846
413
599
582
360
402
287
172
283
824
139
936
610
353
9
874
19
598
289
651
758
531
648
178
804
427
342
77
174
884
919
654
197
517
192
524
535
565
959
217
294
170
913
868
31
953
858
613
220
279
407
967
83
385
462
832
196
105
660
731
796
770
450
886
965
792
916
795
455
249
980
688
117
843
858
511
803
799
224
790
198
94
166
195
57
552
313
37
350
71
687
927
704
964
779
595
118
161
515
69
345
377
75
657
652
939
556
395
962
944
609
998
326
735
305
565
411
977
472
200
334
665
568
234
970
313
975
257
163
893
219
734
893
999
76
490
727
814
299
837
118
907
206
751
243
319
726
27
790
962
983
779
647
561
811
323
799
818
646
430
582
561
192
861
150
416
556
615
647
556
307
265
774
496
576
501
327
63
438
284
624
350
804
386
706
467
112
776
748
743
952
404
445
796
927
555
743
169
224
463
751
975
242
811
414
759
37
342
212
648
462
985
655
249
365
121
818
149
983
138
462
938
45
633
179
54
443
486
80
379
516
35
82
722
918
180
980
818
183
342
314
741
981
624
544
29
372
118
146
720
477
301
3
122
385
267
482
745
954
195
276
163
226
896
625
691
58
631
814
553
570
571
292
213
549
864
963
333
829
222
547
91
143
562
38
488
283
418
509
306
642
550
928
414
610
475
413
45
398
99
5
468
964
33
681
67
620
902
430
562
656
336
619
12
737
870
844
575
818
93
471
691
893
361
226
910
447
126
846
133
196
507
850
945
794
450
419
824
13
834
368
929
758
210
33
351
375
709
901
617
785
813
61
918
89
297
388
879
121
40
239
598
983
828
610
826
95
114
694
50
16
432
108
970
45
841
192
634
227
802
673
479
835
831
655
966
59
755
889
310
892
66
66
235
469
129
89
238
921
367
842
595
687
690
177
365
223
164
315
606
100
552
727
923
853
98
249
511
934
90
134
398
49
655
209
236
350
760
1
941
536
705
507
516
752
740
157
929
931
949
828
947
482
398
646
736
955
921
782
113
537
714
281
599
666
103
927
913
883
21
705
968
60
135
828
836
909
106
721
584
237
695
150
913
571
274
314
411
850
683
907
991
967
648
879
691
824
180
336
43
554
900
444
696
967
833
1
534
649
938
632
127
665
435
3
588
281
641
386
624
448
794
781
25
747
426
634
628
275
69
242
711
148
266
270
49
424
857
953
56
305
1
627
173
292
51
766
85
973
593
4
516
378
923
868
1
996
849
978
322
852
450
847
653
367
852
726
993
163
556
372
603
640
341
354
270
125
878
82
434
15
383
487
978
174
943
840
676
659
431
462
370
835
631
373
871
331
910
4
578
59
730
409
497
6
50
564
851
864
100
728
793
31
28
389
230
753
214
625
136
126
260
20
513
861
728
450
774
476
895
986
41
30
448
298
958
541
112
186
6
438
91
669
314
111
741
403
146
341
50
600
421
200
76
56
485
627
409
78
102
315
775
839
573
877
324
358
136
344
45
166
469
612
456
281
435
437
596
843
443
276
161
443
188
999
986
979
191
132
458
754
476
715
9
663
835
612
591
757
855
648
215
939
358
387
835
834
593
714
732
248
919
880
813
697
906
889
512
959
932
783
309
663
830
70
793
199
41
80
276
135
118
693
781
970
609
830
996
747
411
463
669
865
863
982
229
923
220
147
499
248
23
819
848
480
312
564
10
986
700
365
811
48
126
940
130
54
388
223
744
17
718
798
874
36
525
150
319
117
427
75
550
503
45
203
644
907
674
604
523
37
388
748
46
208
758
862
929
436
484
634
278
818
900
453
793
188
894
727
742
572
686
653
505
26
305
527
437
713
681
367
351
392
262
352
458
233
325
279
207
93
280
818
842
749
921
209
528
469
658
792
650
499
580
758
11
274
606
946
238
534
270
191
769
952
831
696
945
859
83
883
860
356
10
423
692
285
686
493
900
663
461
257
602
38
730
524
302
448
113
976
657
914
223
656
299
918
133
663
543
676
841
382
106
21
967
380
588
907
448
102
550
727
59
983
451
166
951
468
53
220
440
454
687
382
715
374
888
642
111
890
347
533
971
5
207
437
6
599
202
613
843
957
342
643
640
157
8
704
312
529
486
7
454
873
484
246
9
234
696
126
731
126
490
177
12
338
448
59
766
447
537
735
890
873
594
519
403
120
24
859
369
892
82
819
406
693
11
98
647
247
333
375
405
588
971
959
10
810
267
553
952
145
293
62
233
30
181
766
692
177
377
181
997
404
716
386
421
428
798
746
262
7
232
809
603
714
451
245
282
374
421
685
292
282
804
455
285
240
529
621
813
931
795
601
113
568
501
676
380
782
426
830
505
710
974
474
469
410
818
659
433
404
175
946
205
411
224
615
788
278
372
487
285
682
154
727
896
306
44
647
21
907
219
978
871
779
262
201
567
351
319
446
448
481
145
793
54
467
767
288
153
78
198
156
64
95
519
986
463
736
152
820
480
665
432
181
862
814
648
911
848
248
970
140
332
170
991
953
323
807
780
60
963
879
367
199
925
491
990
453
158
5
914
426
941
209
943
899
965
153
584
761
17
715
473
927
496
10
433
529
801
130
527
113
584
521
972
93
532
65
750
731
227
806
248
767
200
573
200
721
734
559
263
606
418
859
745
662
492
390
729
903
907
7
521
331
303
410
838
247
132
151
988
777
488
939
682
647
321
807
101
198
957
712
503
17
492
935
174
58
917
176
112
506
240
871
648
261
254
686
770
732
480
27
561
839
645
141
160
129
268
968
6
840
322
739
805
60
539
98
530
890
766
472
329
429
127
749
711
54
928
477
841
949
638
425
416
822
330
128
418
584
789
107
243
509
472
938
186
4
512
789
435
732
22
630
664
733
973
22
490
396
748
477
744
326
239
925
768
969
772
42
623
336
402
600
435
323
344
97
196
13
290
139
632
58
867
285
892
989
740
108
269
487
772
935
455
736
592
56
374
192
261
720
934
529
522
110
138
335
906
294
890
461
634
52
641
703
613
803
9
833
126
972
784
570
172
673
110
295
508
930
916
602
806
56
582
186
996
884
321
467
974
332
351
800
396
577
842
748
765
968
406
715
822
934
573
502
158
525
88
610
654
615
515
306
519
331
873
822
593
528
393
725
304
405
919
984
615
393
875
305
792
226
472
299
773
885
281
477
767
701
119
341
822
9
977
773
714
748
781
452
782
262
711
53
885
908
761
838
972
471
313
700
496
87
561
301
603
660
576
725
355
641
672
668
154
966
158
463
860
333
224
593
517
597
477
421
165
125
977
144
502
90
390
771
799
54
42
295
772
535
522
525
381
23
725
481
290
151
163
213
577
28
69
51
472
851
893
163
519
217
226
4
671
339
483
287
838
926
810
370
722
71
299
809
555
233
311
129
556
627
622
649
285
390
793
863
891
429
581
580
909
262
19
145
886
218
616
534
150
592
169
415
621
137
713
665
499
764
880
932
762
153
588
839
367
901
792
837
672
284
944
937
232
452
494
190
307
93
897
913
206
666
328
477
870
826
681
617
513
642
830
183
412
69
143
582
65
968
949
773
337
286
919
345
581
824
149
613
404
151
597
723
857
497
148
455
406
398
718
780
657
587
228
795
659
232
648
251
620
368
685
807
739
492
861
333
523
382
232
292
246
686
80
602
907
771
98
921
488
263
694
832
347
238
265
247
459
105
538
555
229
936
798
578
942
331
151
469
655
363
811
405
534
222
255
145
448
68
357
904
12
716
452
926
37
585
335
836
302
128
602
251
485
220
505
758
874
694
2
622
503
721
262
559
126
85
726
506
42
164
852
638
3
12
845
72
138
981
477
591
407
172
158
654
445
586
387
761
44
519
463
278
166
327
437
623
299
124
594
431
242
811
346
66
633
238
225
662
760
827
270
562
369
425
398
145
10
669
252
111
104
914
20
161
224
826
214
504
967
492
951
38
806
505
928
909
681
814
604
317
868
142
98
439
848
701
64
863
822
106
969
677
91
636
107
675
704
418
598
613
825
251
120
654
708
399
304
182
768
366
370
150
857
198
370
235
983
862
453
574
502
103
91
819
324
190
270
348
630
865
808
370
111
323
283
236
82
20
894
779
318
719
738
744
153
771
986
26
573
558
990
520
394
872
339
856
689
583
409
293
547
505
982
838
521
358
190
724
781
951
326
147
535
882
74
279
11
174
122
785
598
815
374
173
185
581
832
401
317
474
64
75
802
449
111
734
24
38
96
959
951
519
462
243
764
100
427
775
795
29
80
454
455
17
488
61
717
228
667
240
379
781
87
632
720
620
88
214
20
897
918
12
511
698
324
619
7
822
302
145
822
754
897
402
954
993
95
914
579
33
402
59
674
618
667
695
899
836
511
243
538
240
211
233
878
933
576
671
826
575
967
210
26
279
319
910
527
945
624
375
979
219
913
907
567
343
958
819
72
685
271
811
309
84
397
437
991
211
378
432
926
626
404
534
429
590
334
881
432
664
467
788
955
184
645
219
653
884
705
150
77
166
752
278
527
683
268
109
239
508
901
594
645
698
963
291
270
666
604
860
701
805
704
110
280
218
375
347
992
16
420
280
784
32
963
678
983
254
910
612
112
93
632
260
320
243
579
427
73
267
265
168
989
271
604
54
875
884
108
189
715
155
393
800
184
976
283
59
641
100
792
729
248
3
358
700
490
377
405
840
750
735
468
57
423
664
155
518
990
888
710
468
863
892
153
417
392
772
426
955
271
573
624
850
993
287
581
120
850
433
226
47
322
851
167
885
174
62
358
989
996
600
429
738
972
840
281
53
178
207
803
79
207
601
761
730
969
964
426
76
230
552
700
692
334
662
236
670
121
974
586
33
438
522
27
444
500
652
739
747
588
177
755
82
802
277
352
253
319
71
738
290
77
644
47
755
548
892
741
712
978
773
178
777
471
184
831
687
610
76
718
827
912
547
607
829
579
58
130
117
778
348
742
60
827
428
759
241
803
903
872
724
533
445
441
467
490
975
526
349
836
975
416
518
832
681
616
880
933
166
24
113
605
895
455
614
708
150
826
577
286
278
894
663
845
945
360
4
695
524
281
571
538
1
923
851
779
22
47
128
725
149
59
463
408
319
938
737
532
541
979
778
879
820
449
28
22
92
190
175
163
17
856
821
317
541
515
593
31
114
184
550
934
826
505
386
306
850
248
432
806
807
297
502
1208
1459
2144
2946
2979
3550
4235
4824
5617
6470
7178
7549
8538
9461
9696
10431
11001
11352
11713
12393
12769
13406
14369
14435
14570
14931
15511
16293
16439
16797
17295
18038
18153
18219
18810
19756
20398
21341
21867
22779
22987
23620
24436
24549
25041
25793
26764
26898
27315
28212
28993
29912
30145
30785
31042
31720
31961
32039
32764
32844
33424
33776
33801
34122
34390
34950
35032
35783
36130
36818
37428
37542
38217
39124
39125
39331
39643
40346
41116
41865
42558
42573
42832
43109
43859
44166
44836
45108
45726
45756
46015
46838
47168
47451
48026
48855
49317
49952
50284
50596
51532
51889
52763
53576
53956
54595
55498
56470
57078
57807
58793
59357
59979
60055
60682
61630
62533
62846
63045
63111
63435
64002
64029
64351
64725
64796
65756
66359
67000
67952
68195
68648
69084
69854
70834
71088
71187
72127
73044
73986
74847
74917
75044
75655
76386
76914
77665
77809
78232
78943
79703
80269
80644
80975
81846
82154
82378
82514
82635
83559
83814
84504
84964
85166
85646
85982
86392
86620
87341
87478
87682
88480
88507
89173
89510
90029
90915
91006
91792
92489
92759
93727
94648
95568
96069
97019
97913
98655
99546
99607
100279
100455
101361
102243
103235
103902
104735
104865
105010
105484
106290
107004
107874
107876
108805
109379
109894
110610
111581
111854
112727
112784
113513
114180
114580
115011
115607
115629
116020
117012
117381
117452
118144
118564
119180
120178
121148
121501
121570
122093
123093
123569
123991
124941
125748
126641
126813
127232
127434
128143
128990
129422
130021
130393
130586
131403
131939
132564
132967
133186
133194
133481
133868
134847
135747
135846
136317
136843
136962
137677
138041
138364
139208
140119
140296
141230
141556
141975
142469
143072
143687
143928
144276
144296
144610
145123
145148
145244
146203
147003
147395
148132
148607
149591
150508
150826
151035
151635
151642
151991
152752
153129
153144
153409
153461
153578
154029
154984
155331
155914
156501
156573
157404
157689
157907
158217
158539
159002
159225
159464
159794
160127
160529
160535
160585
160966
161133
162047
162299
162503
163274
163499
163955
164108
164170
164628
165213
166090
166283
166640
167444
167899
167914
168446
168898
169380
169533
170447
171103
171404
171972
172287
173174
173218
173780
173847
174824
174836
175175
175232
175493
175545
176232
176666
176897
177482
178023
178175
178245
178358
178999
179170
179223
180132
180716
181504
181757
182018
182608
182760
183204
183553
183993
184073
184755
185544
185553
185907
186181
187161
187313
188228
188730
189114
189755
190257
190323
190848
191381
191728
192601
193009
193499
194335
194427
194589
194848
195279
196172
196642
196872
197016
197111
197977
198318
198538
199312
199655
200544
201062
201606
202244
202845
202981
203707
204055
204714
205484
205875
206054
206753
207172
208134
208356
208479
208955
209920
210765
211203
211644
212634
213349
213838
214608
214988
215551
215832
216571
216856
217818
218552
219281
219347
220273
221259
221510
221604
222039
222055
222344
222879
223418
224353
224524
224604
224670
225027
225577
225821
226458
226576
227233
227706
228215
228367
229187
229901
230798
231031
231734
231936
232741
233546
234358
234401
234918
235029
235663
236189
236662
237118
237301
237623
237895
238162
238303
238452
238799
239259
240208
240492
241128
241198
242040
242730
243708
244175
244256
244472
245255
245280
246235
247017
247353
247516
248056
248618
248719
249070
249735
250385
251198
251983
252397
253274
254023
254902
255086
255907
256046
256153
256466
257205
257849
258350
258620
259396
259787
260283
260903
261457
261624
262453
263449
264424
265230
266002
266253
266488
267224
268139
268992
269580
270133
270776
271217
271930
271976
272426
272772
273720
274155
274758
275640
276306
276384
276398
277023
277048
277730
278128
278777
279224
279359
280301
280911
280962
280965
281193
281317
281519
281757
281832
282726
283282
283848
284602
285389
286000
286584
287029
287658
288486
288554
289334
289477
290279
291231
292040
292838
292932
293507
293615
294599
295515
295764
296138
296555
297524
297607
298040
298469
298997
299536
300175
301090
302087
302233
302559
303288
304253
304654
305498
305773
306562
306667
307463
307772
308060
308438
309254
310212
311059
311376
312049
312963
313015
313094
313134
313440
313563
314534
315243
316025
316598
317414
318307
319209
319709
320652
321098
321498
321563
321848
322542
323104
323248
324048
324314
324828
325015
325563
325597
326393
327210
327863
328652
329255
329864
330655
331029
331701
331763
332662
332708
332830
333728
334052
334363
335008
335669
336573
337078
337127
337861
338404
339088
339862
339978
340503
340788
341349
341780
342347
342522
342629
342679
343415
343661
343683
344506
344759
344828
345282
345583
345863
346339
346953
347784
348411
349120
349564
350063
350141
350421
350917
350977
351622
352212
352321
352545
352654
352930
353811
354054
354810
355597
355767
356649
357075
357165
357843
358454
359447
360368
361164
361554
361771
361989
362758
363661
364615
365383
366324
366409
366418
367058
368027
369020
369983
370694
370975
371419
372176
372235
373056
373426
373836
374399
375187
375524
375840
376503
376508
377102
377593
377765
378560
379033
379899
380391
381084
381928
382348
383330
383533
384309
384329
384977
385055
385389
385639
386272
386559
387421
388367
389328
390256
390861
391755
391770
392642
393018
393700
394300
394494
394833
395324
396275
397123
397236
397726
397839
398098
398129
398649
398831
398919
399219
399614
400379
400435
400594
401573
402268
402608
403516
404449
405356
406309
406836
407420
408342
408943
409255
409439
409768
410579
411376
412226
412770
412881
413268
413769
414595
414938
415443
416344
416784
417376
417593
418491
419073
419559
420106
420626
421421
422256
422859
423782
424560
425445
425895
426022
426874
427725
428636
428817
429705
430038
430307
430930
431728
431743
432727
432756
432817
433279
434123
434536
435513
435991
436802
437363
437440
438408
439315
440130
440998
441343
441790
442185
442812
442939
443313
444167
444952
445361
446102
446193
446328
447029
447792
447795
448314
448744
449131
449621
449721
450085
450384
450573
451421
452032
452970
453866
453987
454260
454792
454855
454865
455047
455263
455848
456644
456903
457810
458451
458841
459652
460337
460481
460865
460890
461094
461238
461574
462496
462802
463249
463369
464096
464177
464243
464998
465679
466315
467231
467744
467823
467897
468596
469102
469918
470915
471802
472485
473319
473418
474089
474598
474773
474848
475456
475828
476049
476360
477124
477128
478055
478800
479576
480206
480641
480777
480926
481220
481555
482260
482859
483828
484797
485107
485455
486107
486545
486723
487528
487629
488556
488580
488862
489531
490234
490361
490821
491693
492576
493245
493308
493959
494941
495263
495902
496738
496815
497329
497685
498081
498349
498817
499486
499561
499835
499940
500838
501096
501200
501879
502487
503066
503937
504021
504937
505070
505876
506123
506201
506417
506564
506814
507513
508234
508396
508902
509446
509566
510554
510974
511356
511540
511803
511922
512589
513174
513770
514305
515101
515711
515921
516317
516836
517190
518128
518249
518973
519812
520444
520638
521605
521629
521853
522368
522432
522800
522913
523005
523417
524353
524739
524890
525294
526025
527018
527487
528201
528522
528971
528981
529870
529982
530541
530817
530953
531387
532089
532282
532389
533057
533475
534472
534901
535633
536477
537242
537849
538490
538711
539529
539851
540043
540626
540731
540745
541390
541420
542307
542472
542618
543458
543788
544587
545300
546212
546508
546744
547406
548041
548547
549434
549536
549584
550109
550330
551084
551170
551372
552305
552694
553064
554016
554304
554718
554983
555427
556244
556472
556920
557403
558156
558469
559050
559846
560518
560888
561238
562010
562105
562332
562396
562749
563660
563695
564480
564632
565528
566490
566699
566945
567298
567793
568236
569098
569444
569998
570438
570578
571134
571209
572124
572209
572946
573344
573356
573576
573600
573726
574236
574910
575592
575729
576693
577078
577561
578377
578614
579427
580086
580188
580491
580707
581064
581731
582467
582776
583603
584593
584637
585046
585519
585535
586023
586728
586885
587572
588076
588784
589705
590588
591097
592013
592826
593792
594034
594713
594834
594837
594856
595154
596064
596396
596910
596924
597261
597518
598345
598350
598927
599143
599867
599981
600802
600978
601506
601602
601928
602618
602664
603607
604540
605476
606393
606531
607424
607814
608034
608760
609208
609630
610543
610697
611508
611750
612064
612339
612719
612910
613477
614163
614439
614704
615627
615961
616426
617386
618382
618476
619082
619164
619357
619897
620609
621176
621343
622212
623178
624067
624907
625358
625626
625770
625824
626651
626990
627720
628565
629389
630037
630208
631057
631373
632221
632403
632660
633551
634269
634610
634867
634992
635024
635260
635419
635557
636465
636563
636633
637581
638419
639039
639513
640145
640683
641178
641361
641924
642586
643210
643526
644400
644476
645164
645549
646322
647291
647461
648323
648927
649223
650064
650956
651724
652424
653123
654104
654127
654616
654836
655060
655913
656773
657036
657446
658202
659193
660016
660146
660456
661062
661309
661825
662038
662934
663756
664391
665071
665189
665236
665861
666708
667424
667614
667625
668059
668865
669445
669665
670039
670471
671055
671959
672085
672725
672913
673567
674053
674206
674659
675271
676267
677029
677745
677996
678017
678081
678225
679053
679430
680139
680971
681673
681781
682176
682911
683876
684595
684624
685123
685153
685870
686690
687059
687930
688042
688286
688977
689085
689491
690040
691003
691144
691472
691932
692224
692235
692582
693439
693907
694512
695352
695370
695836
695882
696366
697196
697497
698291
698813
699060
699328
699736
699774
700152
700288
700313
701001
701894
702506
702746
703074
703171
703656
703941
704013
704912
705257
705400
705589
705836
705848
706158
706912
707394
707701
708463
708532
708793
709446
709542
709891
709946
710005
710232
711197
711406
711595
712537
713488
713661
714243
714641
715222
715740
716344
717329
717884
718084
718925
719095
719368
719544
720513
721103
721428
722323
723138
724131
724145
724588
725313
725945
726075
726524
726986
727887
728515
728925
729234
729428
730324
730524
730643
730658
731105
731783
732311
733034
733040
733882
734409
735142
735211
735646
735798
736443
736731
737561
737935
738415
738978
739273
739330
739398
740092
740208
740552
740599
741108
741858
742271
742374
743091
743337
743439
744276
745080
745805
746026
746502
747398
747572
748023
748095
748716
748879
749245
749416
749638
749726
750460
750801
750890
751291
752051
752203
752847
752848
753080
753208
753857
754159
754619
755262
756173
756604
757327
757769
757850
758844
759777
759809
759819
760430
761024
761390
762044
762763
762794
762899
762969
763385
764238
764463
765290
765878
766744
767664
768286
769152
769775
770535
771245
772166
772497
772731
773425
773717
774535
775235
775788
776011
776637
777385
778061
778335
779335
779880
779901
780435
780667
780917
781624
782204
782691
782746
782756
783535
784135
784400
784797
785486
786144
786345
786574
786769
787144
787343
788300
788443
789291
789892
790418
790799
791320
792253
792898
793714
794612
794775
794845
795103
795881
796137
796780
797573
798259
798260
799204
800017
800020
800789
801521
801659
802286
803058
803254
804035
804989
805147
805388
805689
806340
806866
807545
807935
808256
808895
809064
809953
810658
811367
812360
812776
812997
813902
813994
814025
814188
814906
815645
816113
817109
817573
818320
819133
819967
820810
821302
821380
821487
821960
822760
823282
823966
824301
824553
825153
826122
827042
827622
827837
828794
829310
829967
830679
831396
831765
832606
833172
834170
834313
834445
834953
835129
835699
836290
836848
837656
838169
839078
839842
840601
841417
841448
841707
841793
842313
842713
843382
843654
844172
844675
845150
845929
846118
846391
846510
847199
847567
847885
848824
849536
850469
850760
850934
851580
852228
852422
852449
853296
853927
853954
854410
855106
855285
855522
855908
855941
856427
857064
857657
858648
858953
859302
859503
859920
860049
860903
860950
861347
862332
863126
863656
864078
864858
864888
865440
866155
866775
867382
867633
867941
868141
868696
868918
869330
870084
870316
871308
871891
872295
872590
872604
873201
874152
874467
875223
875849
875890
876529
877386
878276
878469
879366
879787
879884
880600
881456
881842
882028
882189
882570
883466
883741
884096
884341
885226
886050
886926
887171
887250
888165
888183
889132
889398
889627
890011
891011
891619
892612
893417
894293
894821
895085
895793
896788
897593
898010
898304
899297
899356
899644
900122
900831
901640
901711
902677
902775
903519
903908
904112
904204
904325
904674
904779
904846
905761
906208
906849
907288
907659
908542
908872
909483
909838
910809
910932
911207
911548
912270
913036
913758
913973
914677
915049
915702
916089
916591
916867
917461
918052
918430
918901
919553
920315
920359
920713
920911
921909
922101
922833
923419
923517
924500
925159
925215
925982
926847
927387
927878
928056
928702
929137
930027
930101
930664
931134
931258
931651
932474
933155
933470
934460
935407
935514
936458
936501
936757
937693
938525
939199
939759
939976
940750
941567
941746
942026
943017
943288
943306
943657
944207
944864
945037
945146
945576
946246
946592
947503
947890
947930
948304
948502
949319
949731
950038
950456
951193
951686
952224
952617
953212
953229
953250
953704
953711
954440
955182
956076
956823
957758
958627
958820
959229
959595
960048
960217
960553
961413
961598
962224
962862
963096
964047
964760
965209
965631
965958
966903
967832
968472
969067
969913
970489
970925
971238
971302
971317
972310
972713
973245
973308
973923
974028
974823
975538
976155
976862
977673
978088
978571
979206
979791
979910
980437
980605
980748
981365
981630
982193
982787
983706
984091
984993
985038
985544
985910
986560
987201
987611
988288
989228
990179
990363
991008
991303
991854
992128
992456
992862
992882
992884
993548
994208
994740
994942
995093
996077
996472
996580
996712
997511
998292
998576
998582
999484
1000103
1000852
1001692
1002663
1003261
1003952
1004437
1005232
1006121
1007011
1007477
1007951
1008068
1008161
1008408
1008713
1008802
1008916
1009129
1009364
1009417
1010104
1010218
1011103
1011533
1011619
1012036
1012792
1013669
1014450
1014892
1015705
1015856
1016330
1016669
1017112
1017819
1018321
1018636
1019614
1020274
1020370
1021337
1021508
1022185
1022416
1022871
1023071
1023642
1023994
1024853
1025742
1026187
1026324
1026857
1026952
1027894
1028356
1029110
1029353
1029466
1030400
1030584
1030902
1031559
1032326
1032436
1033145
1033967
1034619
1035240
1035543
1036430
1036647
1036958
1037646
1038099
1038409
1038937
1039236
1039561
1040503
1040863
1041744
1041869
1041967
1042303
1043069
1043394
1044061
1044866
1045532
1046049
1046784
1046927
1047087
1047150
1047329
1048138
1048413
1049311
1049668
1050343
1050990
1051323
1052190
1052947
1053042
1053609
1053642
1054217
1054526
1054912
1055366
1055993
1056649
1056749
1056893
1057552
1057730
1058352
1058354
1059217
1059748
1060681
1060993
1061282
1062244
1062807
1063439
1063476
1064097
1064627
1065481
1065957
1066484
1066738
1067508
1068350
1069025
1069876
1070165
1071033
1071376
1071830
1072111
1073057
1073372
1074231
1074868
1075127
1075977
1076842
1077606
1077799
1077999
1078994
1079450
1079774
1080771
1081350
1081718
1081968
1082401
1082901
1083074
1083427
1083647
1083849
1084629
1084772
1085572
1086316
1086514
1087511
1088319
1089298
1090037
1090268
1090409
1091094
1091739
1092435
1092630
1093036
1093600
1094203
1094627
1095375
1096349
1097069
1097745
1098691
1098921
1099228
1099867
1100439
1101241
1102009
1102234
1102400
1103067
1104065
1105046
1105088
1105812
1106580
1107391
1108270
1109051
1109111
1109374
1109586
1109978
1110190
1110754
1111098
1111992
1112261
1112942
1113100
1113554
1114349
1114601
1115499
1116342
1116984
1117701
1118007
1118649
1118858
1118988
1119167
1119396
1120199
1120279
1120678
1121441
1122199
1122663
1123156
1123214
1123590
1124572
1124916
1125210
1125426
1126083
1126356
1127288
1128256
1128819
1129705
1129998
1130356
1130727
1131306
1131675
1132621
1132805
1132902
1133865
1134346
1134911
1135381
1135502
1136429
1136459
1137399
1137675
1138490
1139175
1139834
1140110
1140461
1140920
1141650
1142394
1142673
1143453
1143560
1143991
1144084
1144213
1144571
1144899
1145576
1145841
1146003
1146723
1146833
1147606
1147878
1148770
1149747
1150358
1150397
1150752
1151370
1152110
1153077
1153703
1154246
1154260
1154332
1155112
1155405
1155898
1156042
1156310
1156510
1156701
1156727
1157451
1157714
1158261
1158981
1159188
1159921
1160427
1161386
1161658
1161893
1162858
1163286
1163481
1164460
1164769
1165549
1166112
1166540
1167177
1167766
1168684
1168714
1169189
1169615
1169733
1170296
1170329
1170702
1171589
1172557
1172744
1173171
1173292
1173829
1173985
1174624
1175082
1175777
1176409
1176994
1177597
1178265
1179226
1180219
1180658
1181163
1181339
1181547
1181548
1182433
1183433
1184181
1184219
1184280
1184774
1185169
1186012
1186336
1186982
1187979
1188172
1188663
1188995
1189161
1190027
1190146
1190799
1191307
1192093
1192450
1192500
1192790
1193292
1193639
1194374
1195059
1195932
1196361
1196442
1196489
1196510
1197128
1197789
1198135
1198991
1199382
1200028
1200424
1200657
1200842
1201138
1201845
1202258
1202345
1203214
1203422
1204348
1204402
1205007
1205291
1206232
1206900
1207143
1207144
1207807
1208245
1208943
1209788
1210642
1210916
1211675
1212457
1212519
1212912
1213408
1214123
1214419
1215094
1216073
1216247
1217043
1217088
1217201
1217844
1218648
1219190
1219350
1219398
1219553
1219600
1219778
1220441
1221071
1221657
1222615
1222781
1223058
1223978
1224076
1224892
1225878
1226471
1226607
1227095
1227885
1228589
1229484
1229915
1230089
1230175
1231110
1232032
1232082
1232866
1233086
1233304
1233944
1233998
1234160
1234188
1234568
1235190
1235684
1236550
1236988
1237453
1238380
1239140
1239308
1239683
1239721
1240289
1241083
1241469
1241520
1242488
1242694
1242958
1243540
1243636
1243989
1244586
1245288
1245799
1245844
1246615
1247221
1247649
1248425
1249180
1249198
1249619
1250578
1250885
1251468
1252081
1252778
1253227
1253461
1253531
1254294
1254773
1254921
1255373
1255833
1256208
1256572
1257147
1257545
1258239
1259232
1259697
1260376
1260480
1261174
1261894
1262127
1262575
1262767
1262790
1263191
1263551
1263846
1263956
1264434
1264990
1265234
1266139
1266201
1266695
1266934
1267503
1267936
1268738
1269279
1269678
1270553
1271296
1271661
1272365
1272401
1272971
1273757
1273760
1273909
1274050
1274168
1274843
1275117
1275948
1276207
1276678
1276897
1277894
1278167
1278360
1278416
1278605
1279299
1279925
1280098
1280253
1280548
1280621
1281113
1281349
1281390
1282125
1282180
1282301
1282487
1283011
1283828
1284129
1284544
1284579
1285533
1285797
1285928
1286425
1286715
1287479
1287493
1288455
1288552
1288822
1289050
1289488
1289762
1289784
1290370
1290731
1291085
1291235
1291296
1291597
1291759
1292575
1293099
1294021
1294195
1294453
1294656
1295500
1295694
1296595
1296624
1297125
1297639
1298012
1298112
1298295
1298453
1298571
1299014
1299455
1300057
1300922
1301142
1301715
1302433
1302872
1303280
1304060
1304888
1305263
1305577
1306158
1306631
1306831
1307506
1308007
1308125
1308555
1309444
1309872
1310755
1311614
1311980
1312041
1312406
1313188
1313535
1314530
1314913
1315096
1315763
1316734
1317572
1317791
1318665
1319456
1319688
1320205
1320988
1321500
1322500
1323006
1323057
1323413
1323495
1324186
1324411
1324452
1325373
1326243
1327011
1327211
1327254
1327720
1328623
1329525
1330130
1330805
1331118
1331231
1332063
1332318
1332896
1333413
1334355
1335239
1335329
1335698
1336310
1336941
1337805
1338250
1339022
1339045
1339597
1339959
1340328
1340875
1340995
1341495
1342249
1342712
1343554
1344381
1344489
1345448
1345492
1346360
1346501
1347215
1347999
1348848
1349789
1350506
1350899
1350985
1351425
1352184
1352884
1352973
1353400
1353709
1353980
1354204
1354674
1355455
1355457
1355775
1356088
1356388
1356493
1356654
1356781
1357736
1358633
1358761
1359230
1359874
1360728
1360903
1361041
1361272
1361490
1362480
1362615
1363318
1364226
1365148
1365839
1365979
1366295
1367020
1367513
1367645
1368090
1369034
1369590
1369857
1370277
1370697
1371391
1371484
1371756
1372209
1372293
1372935
1373138
1373398
1373888
1374306
1374842
1375422
1375737
1376293
1377170
1378056
1378150
1379062
1379455
1379842
1380728
1381638
1381661
1382333
1382779
1383573
1384291
1384935
1385688
1385714
1385783
1386525
1386804
1387768
1388639
1389528
1389968
1390486
1390934
1391450
1392133
1392737
1392993
1393662
1393920
1394615
1394994
1395746
1396338
1397095
1398078
1398417
1399407
1400229
1401085
1401429
1401465
1401878
1402314
1403270
1403376
1403948
1404205
1405110
1406063
1407057
1407154
1407234
1407749
1408325
1409046
1409693
1409720
1409851
1410528
1410799
1411029
1411470
1411618
1411712
1412044
1412525
1413258
1413683
1414497
1414801
1415749
1415812
1416322
1417258
1417713
1418142
1418428
1418968
1419949
1420376
1420687
1421618
1421653
1422191
1422518
1423380
1423717
1424616
1424653
1425637
1426090
1426684
1427232
1427630
1428251
1428548
1428966
1429918
1430297
1430542
1431349
1432307
1432321
1432453
1432842
1433750
1433810
1434522
1435014
1435244
1435398
1435489
1435579
1436194
1437001
1437539
1437849
1438540
1439187
1439338
1440200
1441044
1441587
1442010
1442949
1443871
1444257
1445230
1445893
1446156
1446403
1446546
1447055
1447710
1448581
1449472
1450064
1450482
1450728
1451289
1451364
1451869
1452494
1452608
1453247
1453296
1454055
1455001
1455760
1456633
1457526
1458270
1459008
1459604
1460259
1460434
1461054
1461233
1461907
1462348
1462669
1462864
1463812
1463957
1464439
1464485
1464755
1464856
1465727
1466136
1466944
1467354
1467992
1468571
1469292
1469966
1470603
1471364
1472304
1472949
1473290
1474237
1475190
1475618
1475784
1476519
1476863
1477688
