La primera linea indica la cantidad de minutos a considerar (n). Luego vienen n lineas que corresponden a los x_i, y luego los n valores que corresponden a la funcion f(.):
4000
532
539
858
548
693
487
927
775
834
936
259
982
993
862
187
728
572
888
153
469
537
899
364
182
958
447
518
156
160
157
629
166
702
277
195
806
843
174
313
293
215
339
13
748
192
489
503
233
543
891
534
178
700
883
593
486
89
441
225
978
433
628
67
340
428
540
337
458
981
820
316
542
52
192
930
476
900
886
119
445
16
437
391
126
485
560
798
343
461
35
405
94
523
492
749
737
65
188
735
431
970
457
972
521
161
233
253
139
113
497
146
629
210
785
968
179
748
679
172
820
608
363
639
364
76
933
899
838
475
183
270
410
498
101
233
952
271
271
762
904
428
860
915
49
223
946
221
813
903
175
332
32
900
586
501
930
321
355
33
181
520
963
242
312
575
937
189
142
255
361
894
346
667
273
662
735
495
761
677
34
650
208
944
809
714
649
318
4
479
668
79
859
564
28
474
789
423
888
284
282
807
219
748
67
680
30
635
342
580
874
182
686
124
157
732
437
337
993
47
674
765
348
2
721
55
575
341
568
522
387
905
732
512
247
796
927
590
966
241
403
888
68
102
286
288
292
998
620
366
33
422
311
53
539
786
477
712
481
792
941
835
406
706
265
251
449
311
102
471
906
199
835
738
562
901
123
578
486
351
630
589
225
884
386
261
498
908
219
827
34
170
222
963
672
201
819
671
523
583
920
632
906
424
405
145
513
779
273
399
214
275
896
904
489
444
603
910
875
106
475
514
603
915
733
566
577
550
318
673
810
315
200
564
5
954
191
738
245
526
288
106
117
329
816
958
850
920
406
446
517
956
295
728
904
725
600
225
502
963
56
697
95
561
427
497
338
631
868
157
802
543
953
534
710
180
735
772
847
487
682
670
430
758
602
117
688
68
251
631
536
580
958
426
212
681
42
225
476
787
89
639
244
507
768
451
589
830
213
469
321
537
952
526
420
568
539
40
636
978
614
645
360
447
584
22
107
115
597
25
357
949
720
875
291
442
628
247
988
873
624
152
790
609
26
846
827
416
562
780
951
36
663
299
966
676
510
754
176
402
185
340
714
797
739
955
683
436
759
428
157
370
705
794
45
509
609
336
423
866
803
98
330
255
380
6
505
348
128
586
614
452
687
359
597
337
241
931
722
637
725
343
794
155
97
672
92
424
913
696
868
349
55
384
648
689
548
45
415
466
69
885
495
637
94
784
225
685
984
900
176
207
901
246
11
971
71
667
884
791
285
981
789
214
364
859
783
687
894
635
419
968
569
380
223
369
311
21
892
692
706
193
645
332
587
963
637
614
754
231
905
752
730
928
265
389
361
740
748
703
61
207
858
536
224
471
276
523
35
45
225
195
93
648
963
230
775
249
250
835
147
501
718
487
420
910
220
893
699
878
262
495
478
233
928
52
765
588
510
1
877
158
650
246
958
419
317
881
50
333
89
654
407
391
280
551
422
367
407
787
260
807
911
810
2
192
621
324
416
105
461
490
823
602
360
353
235
163
86
674
279
465
629
501
339
457
703
506
357
971
212
422
132
242
144
302
53
454
956
373
764
369
480
956
143
58
501
384
575
23
836
549
702
232
407
888
215
69
528
279
828
359
658
568
587
633
578
953
348
200
770
855
234
939
128
757
216
818
756
310
782
176
571
572
714
478
242
16
426
451
660
387
10
599
652
392
571
158
478
838
92
283
953
725
640
906
971
803
925
394
383
181
486
595
636
207
7
25
87
55
480
333
879
289
898
833
409
372
505
698
784
524
966
518
444
808
362
875
842
772
179
725
890
507
218
727
471
907
732
308
722
146
152
920
268
829
552
13
127
204
432
760
273
337
854
690
49
898
221
518
622
4
295
903
911
799
340
857
741
853
555
237
57
147
952
442
613
554
646
373
174
549
594
184
713
41
261
873
642
731
909
921
60
310
330
56
595
25
524
843
432
230
636
854
533
752
89
370
711
469
314
262
224
278
630
255
350
777
688
990
220
117
720
61
616
853
94
558
751
680
625
737
103
705
61
454
411
781
659
82
803
120
323
738
817
822
151
509
102
89
896
26
10
560
683
626
444
905
769
837
253
176
7
263
574
107
964
462
36
58
971
3
663
800
455
518
895
649
804
23
641
387
120
988
321
177
129
999
791
649
594
823
199
608
424
984
372
602
898
786
639
668
725
859
838
565
519
779
758
778
871
114
212
428
750
235
768
923
485
695
620
83
993
483
449
795
693
446
922
353
417
525
973
510
318
524
322
208
937
320
695
549
10
243
27
72
973
275
926
98
931
891
891
628
515
404
488
576
734
289
112
946
290
748
927
407
855
991
575
618
795
797
600
932
350
792
882
180
76
38
119
11
397
881
180
512
386
373
592
126
428
267
25
349
711
82
285
419
496
786
745
302
143
328
287
523
576
990
215
480
225
487
211
460
653
870
870
122
671
944
486
484
923
158
341
702
987
128
506
826
765
35
139
875
961
219
837
674
206
547
883
558
567
709
326
259
62
278
576
794
395
718
706
307
975
521
73
766
286
246
38
662
326
706
841
243
689
812
691
40
495
368
44
819
999
630
324
691
141
85
769
844
40
126
425
899
503
646
152
734
874
691
755
204
692
310
829
491
305
840
3
716
831
837
924
77
846
909
952
690
798
492
943
891
261
88
796
732
588
681
436
769
516
777
212
503
927
537
83
101
653
962
318
187
308
477
303
621
418
391
366
227
996
74
521
375
796
34
617
512
69
659
905
891
892
823
9
212
906
813
824
852
975
796
900
438
93
649
565
93
912
290
592
613
983
98
902
894
199
742
327
181
722
813
813
857
709
540
247
834
632
333
407
932
322
793
968
880
911
921
522
381
450
197
81
123
310
533
941
990
962
251
700
116
90
856
379
872
122
672
610
104
446
886
966
396
398
878
554
173
954
996
811
804
823
15
75
748
454
804
504
12
662
29
99
448
165
685
237
454
305
176
378
718
38
117
428
809
130
152
97
295
928
696
897
510
71
894
855
593
675
870
299
492
325
4
239
357
204
695
271
724
21
662
449
890
783
841
2
110
507
586
995
80
4
586
852
250
2
331
757
122
932
424
545
991
105
788
362
995
33
483
253
550
547
369
248
548
295
713
496
330
921
332
406
645
889
120
991
262
132
707
416
529
218
296
891
240
527
175
852
392
396
967
741
515
934
457
428
863
604
280
503
828
951
18
569
285
704
22
79
161
226
851
405
68
760
701
600
585
918
645
493
190
221
420
741
932
542
720
620
362
761
544
171
450
485
24
998
21
295
196
226
235
293
567
704
264
819
608
344
903
747
745
981
992
199
293
993
101
72
342
210
178
665
9
780
652
415
553
391
501
856
582
779
823
102
727
884
374
171
346
802
631
569
52
922
962
204
579
91
386
842
272
832
381
577
176
28
315
367
261
903
952
964
988
135
154
915
337
749
577
712
936
274
723
533
23
231
871
905
701
880
727
267
642
786
387
614
607
759
191
90
782
829
552
978
368
439
375
425
207
874
739
405
377
253
570
487
520
322
180
438
391
584
412
955
742
183
164
829
471
793
962
740
628
272
335
829
743
636
549
869
631
539
991
892
191
210
312
976
856
978
444
873
486
734
424
316
27
816
681
161
438
565
9
441
645
517
964
127
404
602
832
813
535
329
804
307
41
842
790
27
414
1000
621
415
533
174
834
282
13
545
657
882
730
163
189
390
987
780
119
153
890
648
57
591
657
334
535
42
211
505
790
925
813
118
647
336
972
741
766
930
809
342
267
188
586
693
266
800
783
474
984
368
97
798
257
179
520
238
693
625
499
489
763
241
480
845
531
25
92
412
165
143
736
708
917
293
764
800
870
571
93
770
156
943
93
605
687
476
886
123
740
688
131
539
913
844
63
693
320
383
8
707
659
407
506
760
259
53
46
551
677
60
502
177
111
775
246
560
160
865
114
615
229
746
966
243
379
669
285
952
781
834
783
192
985
785
412
49
963
859
176
128
852
260
843
672
908
922
857
927
54
779
409
360
56
331
151
901
774
911
920
424
149
365
834
384
679
505
811
608
836
509
673
525
764
409
49
31
800
808
856
821
249
22
940
474
42
819
766
57
523
111
562
389
115
588
986
250
360
227
792
575
313
551
918
358
861
965
769
261
202
750
699
334
360
975
3
561
101
755
71
80
999
793
16
334
676
233
641
457
731
275
302
987
734
553
864
760
170
84
944
172
492
3
487
480
527
245
283
791
896
389
452
33
879
31
467
827
355
709
717
301
571
121
293
955
536
4
23
882
135
75
631
577
454
583
391
624
438
605
206
294
780
223
855
515
326
809
154
252
417
223
799
701
417
126
285
21
322
600
337
674
768
195
168
253
857
680
987
887
650
645
37
72
233
668
382
996
495
677
850
964
357
865
565
1000
256
628
924
558
67
542
22
335
913
900
774
287
822
346
960
190
902
244
543
693
825
376
125
160
115
73
155
300
772
374
772
428
538
830
529
437
142
250
383
384
119
399
293
502
560
937
330
119
642
331
846
139
237
935
388
331
656
517
293
264
245
72
280
257
817
969
75
671
161
738
773
168
899
62
606
202
35
705
178
995
647
494
177
79
568
703
882
172
409
11
701
681
183
750
598
991
335
712
837
799
547
427
370
223
882
108
752
402
366
994
782
163
232
584
55
526
813
711
915
408
317
289
87
664
346
384
356
69
815
584
116
98
527
826
423
527
825
354
736
102
644
561
275
24
183
232
902
220
367
683
798
971
832
471
408
358
616
596
149
8
788
101
126
792
687
632
658
131
635
908
441
326
847
491
952
558
654
79
128
485
382
136
661
137
678
847
567
201
924
328
713
711
376
354
286
697
107
171
54
72
586
749
115
82
76
87
745
235
586
473
305
313
359
742
397
930
721
343
120
508
405
226
882
535
104
645
953
774
643
856
859
700
763
626
673
283
123
597
19
221
29
692
803
373
296
959
146
275
792
695
221
239
265
832
351
728
513
608
718
211
60
348
522
289
842
467
49
281
985
793
643
542
115
277
530
788
420
479
804
892
774
302
903
993
693
969
523
905
188
425
755
603
192
618
617
149
242
141
2
251
111
998
247
435
358
681
432
22
334
44
567
674
574
766
366
561
193
839
69
646
943
864
875
261
548
615
52
349
728
222
972
598
348
657
211
780
588
641
767
266
337
312
509
871
798
166
903
413
7
183
193
312
791
865
525
544
976
750
322
875
381
351
83
54
777
347
86
212
575
114
409
587
678
138
698
145
863
364
162
708
76
721
67
304
138
788
16
554
679
901
770
784
112
144
845
764
800
265
895
906
496
760
291
350
148
725
984
432
702
488
779
797
844
935
890
328
910
707
912
352
985
736
659
604
61
335
966
888
275
590
46
16
788
228
615
800
711
820
563
466
292
975
595
900
276
572
486
903
822
516
443
111
146
920
911
737
960
606
78
826
550
609
844
302
301
171
318
201
69
314
551
816
752
936
124
866
602
938
280
551
655
184
679
199
923
836
276
331
960
196
791
126
814
433
663
839
201
372
29
110
815
486
554
563
110
711
573
82
441
909
499
605
773
308
993
366
350
84
51
857
593
243
737
360
462
700
171
164
421
92
667
49
888
394
811
673
97
437
276
258
264
619
536
241
520
452
949
176
320
152
197
14
18
199
545
270
52
372
104
699
788
352
470
828
850
726
181
67
713
794
102
441
967
515
799
113
182
882
510
392
728
184
474
818
228
34
70
554
606
895
226
173
358
792
63
445
832
544
936
593
77
840
367
408
288
932
666
762
403
757
722
341
41
909
342
177
687
965
295
202
740
671
288
617
124
212
601
730
443
622
445
347
349
902
55
573
878
180
474
686
541
260
508
205
847
548
666
506
168
629
485
333
813
918
331
181
543
641
344
971
290
650
160
636
142
155
741
516
56
165
43
753
662
401
280
775
570
494
533
282
598
950
172
318
11
319
913
795
303
650
918
995
508
243
617
320
730
858
670
712
92
950
16
132
288
527
871
244
708
91
541
396
317
42
239
205
481
756
243
510
265
777
713
985
274
851
184
260
732
868
158
967
977
440
53
67
938
475
917
742
332
283
602
416
300
631
972
929
24
275
168
988
314
701
825
812
40
404
828
476
756
121
621
635
266
572
435
854
706
823
712
136
725
714
636
242
568
296
34
534
412
865
569
400
379
863
112
285
271
263
324
23
723
764
17
30
258
837
739
993
761
888
887
522
702
787
153
154
650
38
989
476
15
678
893
190
124
271
913
550
634
943
333
143
998
250
435
839
369
701
202
59
453
707
739
209
661
58
959
37
219
458
416
707
837
991
322
811
626
603
641
70
660
920
574
60
852
904
446
772
462
666
491
609
425
810
996
538
666
327
108
867
135
710
872
900
220
626
119
851
900
137
449
715
47
19
686
121
166
157
20
62
71
81
13
251
122
118
65
745
266
432
45
366
347
318
568
243
116
7
11
900
860
754
321
95
217
490
197
25
815
223
473
668
248
531
927
683
163
443
493
455
599
428
621
14
363
911
809
251
262
319
108
915
698
5
708
896
445
780
1000
579
934
648
963
372
777
981
401
677
461
548
821
129
640
894
363
282
891
241
521
76
38
754
879
695
900
567
635
448
407
527
761
416
831
418
35
712
530
172
938
218
347
664
347
804
280
500
289
991
362
642
981
566
230
241
681
894
703
309
391
378
418
801
76
515
596
268
620
95
377
255
383
826
381
266
591
343
346
631
184
637
637
399
245
54
257
451
475
46
18
552
775
840
54
502
277
242
275
726
897
877
80
790
304
962
136
252
148
228
455
539
734
170
373
842
632
435
979
839
351
889
702
334
835
335
163
471
219
971
334
472
160
338
605
623
220
297
197
415
630
375
612
578
480
755
796
747
328
149
164
493
651
296
150
770
937
694
17
365
754
144
712
688
562
112
992
183
832
74
582
898
905
111
414
4
283
596
497
768
82
399
94
286
135
907
155
787
13
652
460
32
953
607
431
849
559
473
333
283
487
522
176
340
540
588
7
193
976
261
304
654
785
848
757
349
175
286
298
86
749
754
726
580
112
614
748
560
973
192
60
187
847
715
724
746
234
79
245
327
75
918
847
241
618
892
659
341
352
808
991
141
123
649
927
222
515
687
610
356
519
764
887
708
392
884
603
741
381
350
836
216
188
359
326
650
716
534
194
572
733
227
458
859
943
315
414
448
691
493
155
848
422
214
478
301
922
292
387
292
415
131
938
497
596
318
19
725
465
468
142
507
155
169
375
528
426
669
268
80
302
930
237
831
854
116
877
341
621
726
757
589
261
144
910
819
395
45
347
458
404
465
396
759
774
70
990
391
456
66
701
725
803
443
678
292
633
246
814
749
237
82
399
439
870
229
60
935
723
617
318
823
813
259
895
954
985
672
322
381
158
563
899
882
453
481
216
724
809
562
885
447
296
964
20
68
324
235
311
160
449
495
563
690
500
153
77
600
233
638
261
64
181
411
217
870
415
178
725
985
787
906
421
19
722
731
615
860
647
591
474
995
635
377
5
195
102
466
40
227
182
17
17
297
822
296
862
812
495
669
817
338
635
771
121
159
485
189
152
316
861
118
393
231
701
408
758
554
80
647
246
457
892
822
719
347
508
297
906
443
563
3
975
841
176
703
982
583
481
359
314
297
123
787
181
467
93
743
490
591
861
574
979
134
170
712
885
470
212
900
667
19
274
148
646
873
896
961
843
805
910
230
533
518
128
573
545
891
388
56
7
182
273
138
488
465
545
152
287
551
728
967
529
499
329
664
795
139
951
66
882
672
413
398
947
802
18
335
445
271
454
74
118
191
730
115
403
463
239
892
945
178
214
149
470
493
80
431
866
227
329
584
778
306
801
847
735
632
20
566
136
868
13
803
965
692
782
126
665
131
281
17
352
822
47
375
190
798
35
626
688
479
16
750
886
136
439
874
896
677
962
420
142
426
901
757
461
502
461
593
442
470
672
798
460
998
309
792
760
876
73
291
387
645
863
975
348
19
544
891
626
271
427
660
599
873
252
877
873
864
934
574
44
336
465
421
76
788
821
629
522
83
92
781
259
841
947
77
640
190
787
331
212
99
685
183
676
174
962
415
600
614
934
423
1
640
385
779
262
716
993
63
222
584
955
206
166
126
214
798
927
110
959
151
439
998
294
719
941
254
450
959
469
191
30
198
607
389
496
920
978
500
450
725
199
379
219
626
983
103
458
722
157
115
17
276
39
487
81
109
44
30
677
821
579
406
22
217
97
274
41
917
143
204
692
301
104
106
153
203
268
7
133
230
971
283
815
173
564
287
777
59
329
530
625
960
853
125
575
370
667
365
272
51
780
203
809
872
37
773
767
418
264
41
849
534
434
979
152
3
535
459
963
89
826
837
251
917
31
45
902
540
506
633
117
616
867
472
387
68
920
172
762
280
835
756
64
804
982
612
469
915
257
167
999
765
16
35
553
995
309
471
400
393
294
723
858
670
472
227
492
988
872
193
14
390
334
500
477
232
505
746
634
302
780
207
678
748
157
652
717
258
421
231
225
637
564
629
943
773
369
520
814
845
440
914
638
233
71
864
926
292
363
926
888
928
903
513
859
114
905
755
262
174
231
380
917
546
995
380
330
249
764
743
776
344
279
973
202
270
962
449
399
524
948
924
900
462
141
751
604
490
957
33
105
217
639
184
32
424
283
798
541
245
95
328
624
362
709
757
572
298
61
884
520
733
726
832
40
595
618
758
927
444
652
633
853
689
972
257
689
467
44
511
743
963
460
994
870
121
608
312
623
753
507
151
465
20
920
26
61
936
836
734
659
956
105
944
133
184
76
834
802
331
786
530
368
137
702
211
30
51
298
419
116
598
844
86
243
922
830
459
408
592
680
914
500
897
291
626
603
152
619
815
115
59
582
298
548
590
337
353
230
149
130
25
597
608
173
966
243
366
155
6
791
448
624
234
201
505
424
912
842
835
12
584
136
355
432
254
595
310
50
420
237
697
362
136
43
455
441
608
31
906
785
759
725
201
212
820
633
266
103
640
189
293
862
108
621
923
923
287
544
658
1124
1185
1290
1691
2124
3111
4055
4923
5467
6327
7309
7551
7629
7756
8208
9041
10033
10873
11752
12658
13498
13778
13961
14851
15561
16454
16890
17581
17623
18289
18469
19039
19246
19910
20833
21296
22230
23155
23975
24902
25436
25669
26408
26797
27556
28532
28768
29751
30272
31222
31574
32271
33248
33480
33730
34211
35132
35538
35984
36913
37318
38291
38479
39001
39646
39673
40537
40833
41131
41149
41833
42041
42633
43549
43918
44529
45427
46216
46425
46803
46863
47293
47386
47492
47718
48487
48887
49630
50161
50947
51025
51473
52438
52578
52909
53085
53226
54005
54255
55220
55717
56595
57305
58016
58592
59264
59502
60499
61396
61868
61952
62075
63068
63798
64538
65206
65783
66689
67386
68177
69166
69964
70467
70777
71334
71791
72649
73129
73589
74310
75307
75652
75717
76659
77497
78182
79041
79937
80793
81424
81446
82078
82446
82734
82810
83169
83965
84060
84826
85603
85671
85960
86835
87277
87687
88589
89366
89593
90455
90774
91065
91451
91711
92575
93063
93094
93407
93993
94381
94756
94949
95550
96420
96842
96914
97234
97913
98276
99189
99759
100453
101048
101050
101733
101969
102334
102576
102977
103510
103790
104281
104591
104944
105026
105827
106079
106500
106745
107105
107410
108345
108358
108740
109227
109603
110169
110350
110679
111054
111180
111657
112260
112751
113373
113613
113948
114433
114538
114686
115049
115331
116014
116411
117388
118352
119348
120082
120202
120546
121007
121522
121529
122450
123411
123942
124703
125252
125529
126257
126383
127252
127579
128234
129160
130016
130582
131238
131452
132192
133104
133994
134151
134519
134686
134933
135756
136464
136996
137694
138105
138239
138602
138990
139237
139974
140918
141622
141945
142304
143060
143394
144003
144271
144964
145160
145826
146742
147124
147691
148442
149239
149903
150168
150178
150651
150661
150992
151634
151694
152594
153464
153882
154464
155378
156360
156680
156881
157207
157586
158169
159018
159313
159363
159941
160934
161209
162055
162548
163152
163736
164121
165088
166042
166798
167767
168496
169231
169503
169628
169910
170753
171034
171302
171370
171526
172461
173213
173553
174091
174201
174745
175230
176020
176627
177264
177913
178504
178782
179222
179795
179906
180640
180981
181950
182707
183168
183198
184117
185062
185324
185462
186109
186362
186976
187382
187635
188529
188788
189191
189373
189896
190414
191123
192056
192802
192873
193808
194783
195731
196478
196798
197258
197930
198489
198553
199513
200212
201129
201244
201556
202302
203166
203762
203929
204918
205418
205583
205639
206638
206964
207303
208141
208436
209001
209106
209716
210022
210097
210598
211038
212016
212076
212751
212884
213332
213655
214180
214491
215413
215835
216145
216504
216837
217045
217189
217310
217501
217837
218406
218891
218974
219904
220674
220798
221042
221293
222009
222757
223598
223633
224589
224619
225324
225612
226157
226359
227264
227626
228127
229093
229584
229847
229896
230492
231442
232320
232944
233670
233938
234809
234872
235094
236028
236982
237809
238074
238789
239125
239321
239644
239905
240178
240479
240952
241091
241245
241638
242028
242679
243390
243874
244853
245534
246211
246389
246799
247795
248501
248778
249422
249562
250233
251016
251788
252256
252367
253258
254227
254849
255106
255206
255629
256295
257021
257087
257309
257527
258335
258561
258833
258939
259417
259943
260080
260138
260951
260969
261725
261753
262419
262879
263381
263402
263556
263683
263817
264041
264366
265235
266047
266912
267530
267911
268151
268580
268873
268875
269794
269823
270145
270260
271072
271558
272535
273071
273658
273724
274137
274425
275062
275305
275628
275892
276137
277075
277301
277462
277654
278613
279280
280114
280890
281268
281536
282336
282407
283226
283655
284305
284452
284474
284491
285285
285873
286010
286661
287598
288287
288756
288768
289414
289746
289997
290064
290811
290930
291508
291954
292531
292661
293006
293610
293909
294558
295520
296326
297284
297671
297805
297974
298845
299668
299833
300573
300681
301578
302527
302939
303659
304602
305042
305387
305513
306017
306236
307220
307375
307835
308452
309097
309384
309825
310621
311394
311707
312078
312950
313208
314179
314912
315019
315969
316721
317186
317836
317929
318261
318681
319380
319549
320064
320252
320942
321268
321891
322854
322925
323346
324122
324842
325567
326460
327311
328130
328575
329374
329426
330387
330787
330936
331340
331817
331956
332225
332632
333427
334239
334912
335531
335851
336285
336762
337109
337553
337665
338355
338653
339409
340256
340375
340616
341123
341259
341805
341993
342319
343272
343770
344039
344391
345074
345523
346397
347376
348310
348965
349413
350194
351007
351308
351552
351595
351814
352377
352551
353369
353987
354242
355144
355623
356139
356923
357231
357847
358484
358549
358654
358795
359742
359833
359849
359913
360398
360698
361148
361233
361667
361792
361917
362796
363127
364123
364292
365184
365700
365827
366126
366882
367623
367791
368637
369166
369618
369654
369924
370629
371535
371965
372316
372585
372818
373004
373465
373986
374748
375511
375924
376180
377091
378040
379022
379223
379822
380467
381080
381348
381696
382671
383439
383964
384850
385372
386193
386966
387791
387841
388019
388342
388832
389266
389882
389938
390285
390845
390873
391589
391911
392686
393185
393294
394190
394502
394642
395298
396207
396497
397329
397381
397431
398026
398940
399458
400351
400733
401221
401492
401976
402682
402924
403600
403917
404783
404935
405708
406368
407031
408000
408343
408977
409929
410814
411811
412676
412776
413115
413482
413549
413773
414563
415526
415945
416399
417162
417305
418137
419129
419614
419734
420600
421345
421547
422130
422265
422523
422966
422977
423350
423609
424079
424872
424972
425643
426521
427172
427857
428717
429596
429858
430193
430474
431328
431626
431733
431877
432418
433133
433505
433752
433802
434017
434735
435713
435718
436671
437204
437338
438205
438457
438839
439462
439652
440443
441211
441340
441969
442395
442932
443527
443558
443709
443741
443964
444408
444550
444725
444857
445311
446105
446616
447512
448275
448594
449271
449671
450646
451112
451405
451458
452122
452992
453684
453791
454675
455460
456015
456945
457254
457948
458461
458521
459390
459473
460346
461090
461153
462092
462745
463269
464029
464062
464806
465427
465800
466267
466364
467014
467173
467992
468692
469505
469600
469639
469675
470204
470747
471283
471375
472149
473140
473665
473742
474045
474534
475311
475487
475752
476661
476842
476909
477252
478077
478935
479154
480059
480605
481389
481796
482404
482469
482993
483497
484338
484625
484915
485089
485834
486278
486888
487635
488570
488821
489015
489051
489590
489634
489893
490652
490785
491565
491720
491729
492476
492519
493249
493587
493922
494683
494826
495630
496198
496812
496999
497526
498474
498618
498995
499176
499470
499968
500046
501002
501074
501465
502093
502101
502999
503351
503376
504187
504199
504684
504744
505726
506664
507546
508045
508463
509277
509956
510841
511222
511615
512289
512984
513532
513720
514107
514170
514651
515308
515623
516569
516604
517554
518436
519406
520194
521166
522158
522361
522837
523057
523239
524153
524487
525223
525836
526563
526769
527141
528083
528149
528377
528842
529251
530060
530957
531922
532813
532876
533749
534079
535028
535248
535752
535753
536313
537095
537133
537317
537993
538263
538879
539198
540001
540137
540217
540469
540522
541421
542120
543005
543664
544265
544779
545644
545696
546367
546445
546738
547578
548174
548393
548600
549177
549488
550313
550569
551375
551837
552448
553248
553990
554537
555169
555352
555869
556210
556754
557565
557878
558336
559225
559445
559670
560617
561478
561950
562697
563500
564056
564678
565400
566292
566636
567548
568203
568902
569592
569865
569870
570463
571044
571642
572345
572635
573545
574419
575019
575131
575424
576092
576177
576695
576906
576986
577253
577783
578053
578231
579036
579746
580038
580285
580803
581595
581923
582007
582961
583606
584094
584936
585510
585789
585807
586604
587074
587749
588668
589616
590228
590747
590766
591362
591962
592637
593635
593904
593948
594258
594709
595669
595947
596249
597237
598103
598671
599427
599930
600257
601245
601862
602436
603285
603853
603992
604204
604649
605370
606195
607098
607874
608529
608876
609339
609885
610447
611230
612148
612184
612967
613744
614152
614683
615638
615860
616683
617449
617774
618130
618261
618944
619201
620079
620359
620762
621115
621749
622528
622708
623515
624369
624729
625605
626267
626644
626891
627132
627962
628853
628981
629950
630020
630087
630952
631473
631927
632200
632956
633814
634728
635030
635205
635716
636057
636253
636650
636747
637462
638032
638619
638785
639782
640622
641519
642508
642561
643006
643960
644539
644589
645356
645707
645712
646072
646260
646805
647761
648595
649570
649879
650111
651065
651808
652141
653135
653950
654550
654715
655136
655792
656195
656498
656649
657074
657766
657909
658201
659165
659546
660331
660710
661576
662152
662792
662982
663817
664706
664923
665357
665475
666071
666900
667426
667531
668326
668533
668598
669008
669490
670413
670464
670875
671664
672349
673301
674145
674774
675237
675817
676481
677176
677331
678157
678568
678964
679789
680485
681296
682018
682270
682963
683837
684550
684836
685361
685563
685953
686126
686520
687441
687870
688377
689208
689524
689680
689879
690872
690906
691721
692652
693396
693633
694459
694565
694616
694629
695340
695862
696019
696369
696919
697124
697796
698059
698749
699392
700297
700400
700717
700906
701859
702790
703303
703630
704069
704348
704678
705043
705132
705197
705919
706708
707311
708135
708460
708951
709434
709836
710078
710409
710782
711655
712615
713295
713805
713903
714434
715402
716228
716712
716735
717429
717879
718118
718522
718814
719284
720210
720658
720923
721082
721628
721710
722335
722727
723084
723999
724080
724410
724620
725081
725265
725357
725508
725701
726082
726205
726720
727266
727462
727477
727573
728509
729424
729789
730182
730777
731668
732276
732547
732846
732894
733481
733703
734521
734654
735312
736039
736161
737068
737680
737831
738366
739098
739985
740395
741221
741425
742004
742099
742181
742403
742923
743734
744593
745473
746179
746515
747185
747532
748237
748799
749682
750510
750829
751043
751551
752008
752613
753459
754032
754137
755038
755672
756002
756199
756521
756965
757360
757789
757891
758227
758693
759367
760119
760360
761323
761686
762388
762570
762877
763283
764187
764457
764494
765109
765735
766172
766417
766862
767535
768500
769485
770102
770887
771590
771920
772589
773477
773920
774373
774447
775190
775863
776405
776772
777543
777683
777910
778478
778787
779527
780351
781132
781767
782312
782432
782698
783482
783993
784545
785352
785616
786122
786793
787591
788189
788965
789521
789609
789871
790193
790548
791127
792019
792907
793627
794619
794829
795346
795943
795983
796091
796559
797384
797697
798022
798046
798801
799370
799872
800749
801697
801869
802688
803516
804017
804064
804962
805197
805956
806091
806564
806791
807248
807490
807532
808084
808647
809166
810105
810547
810948
811861
811899
812265
812937
813926
814148
814327
814800
815328
815845
816395
817177
818160
818960
819187
820069
820079
820277
820773
820798
821256
821697
822032
822450
822762
823708
824029
824772
825651
826324
826752
827429
828416
829064
830056
831016
831793
832550
832672
833352
834304
834505
835355
836104
836710
837226
838180
838517
839196
839621
840381
840761
841255
841477
842146
842421
843365
844226
844987
845659
846459
846524
847191
848107
849013
849518
850376
851240
851874
852665
852726
852867
853234
853664
854345
854371
854529
854656
854731
855726
856410
856967
857201
858009
858302
858662
859106
859923
860293
861004
861382
861743
862399
862993
863852
864112
864360
864985
865258
865637
866054
866388
866728
867703
868648
868834
869148
869863
870176
870393
870722
870791
871430
871662
872315
872508
872895
873226
874040
874157
875113
875607
876463
876970
877748
878309
879304
879474
879724
879904
880278
880536
881049
881181
882114
882477
883037
883736
883799
884448
884587
885276
886050
886968
887533
887869
888561
888711
889569
889818
889957
890050
890957
891584
892195
892582
893182
893324
894033
894946
895937
895996
896240
897185
897651
897875
898115
898955
899667
900613
901606
902062
902997
903823
904386
904515
905513
906444
906641
907626
907840
907886
908670
909390
910311
910972
911397
912184
913161
914132
914877
915556
916427
917264
918032
918689
919345
919716
920397
921150
921329
921752
921821
922170
922496
923203
924044
924860
925842
926125
926586
926666
927527
928292
928775
928791
928810
929368
929922
930125
930263
930413
931151
931492
931518
932404
932410
932442
932810
933045
933300
933444
934394
935145
935772
936616
936984
937125
937642
938288
938849
939624
939754
940515
940598
940909
941205
941929
942301
942594
942722
942747
943118
943324
943651
943906
944175
944537
945269
946203
946993
947874
948617
949141
949303
949746
950050
950827
951285
952007
952446
952531
952683
953312
953432
954170
955012
955544
956061
956406
956879
957008
957363
957507
958293
959101
959941
960820
961229
961444
961521
961785
961921
962059
962881
963254
964154
964717
965533
966252
966960
967437
967655
968005
968413
968484
968792
969716
970474
970567
971492
971578
972463
973238
973577
973991
974553
974738
975283
975844
976127
976178
977091
977574
978110
978560
978890
979527
979981
980385
980459
980549
980667
981334
982248
982689
983530
984189
984707
985116
985445
985671
985761
985885
986558
986736
986975
987903
988266
989229
989615
989821
990237
990993
991090
991573
992428
993237
993896
994312
995201
995245
995469
996468
997100
997337
997424
997700
997780
998686
998866
999363
1000014
1000515
1001502
1002179
1003077
1003657
1004153
1004227
1005096
1005307
1006015
1006385
1006894
1007065
1007594
1008539
1009516
1009620
1009807
1010568
1010767
1011220
1012201
1012772
1013444
1013479
1013850
1014274
1014775
1015514
1016343
1016993
1017481
1017513
1018492
1019288
1019843
1020757
1021042
1021356
1021878
1022719
1023356
1024221
1024313
1024529
1024789
1025669
1025839
1026374
1027052
1027065
1027689
1028471
1029237
1029971
1030960
1031625
1032219
1032682
1033164
1033668
1033948
1034201
1034637
1035211
1035817
1036365
1036384
1036666
1037261
1037915
1038328
1038873
1039102
1039819
1040183
1040691
1041161
1041552
1041771
1042327
1043229
1044222
1044982
1045589
1045821
1046623
1047106
1047335
1047703
1048180
1048550
1049295
1049872
1050303
1051184
1052151
1052357
1052460
1052819
1053054
1053435
1053612
1054302
1054697
1055549
1056050
1056426
1056748
1057340
1058138
1059090
1059684
1059970
1060223
1060382
1061324
1061778
1062209
1062948
1063130
1063429
1063494
1063784
1063822
1063886
1064752
1064931
1065576
1066390
1066774
1067580
1067817
1068468
1068804
1069357
1069927
1070688
1071020
1071306
1071469
1072198
1072568
1072864
1073219
1073891
1074838
1075697
1076655
1077573
1078340
1078450
1079133
1079637
1080265
1081008
1081103
1081763
1082011
1082781
1083137
1083364
1083427
1083850
1084486
1085373
1086113
1086276
1087138
1087900
1088854
1089522
1090080
1090394
1090679
1090689
1091302
1091773
1092643
1093075
1093736
1094270
1094320
1094344
1094568
1094764
1095706
1096435
1097373
1097645
1098638
1099294
1100184
1101106
1102058
1102194
1102735
1103649
1104024
1104930
1105818
1106521
1106841
1107462
1107818
1108446
1109001
1109396
1109397
1110278
1110808
1111696
1112360
1112485
1113200
1113634
1114026
1114807
1115042
1115180
1115845
1115958
1116053
1116403
1116676
1117225
1117362
1117590
1117705
1118671
1119373
1119897
1120826
1121206
1121428
1122125
1123010
1123223
1123854
1124094
1124937
1125895
1126463
1126969
1127614
1128052
1128508
1129152
1129210
1129520
1130431
1130746
1131044
1132014
1132118
1132765
1133550
1134459
1134542
1135339
1136133
1136973
1137717
1138438
1139081
1139560
1140560
1141200
1141923
1141970
1142330
1142821
1143188
1144147
1145021
1145814
1146691
1146981
1147979
1148000
1148484
1149066
1149271
1150263
1150985
1151392
1151943
1152244
1152306
1152537
1152671
1153442
1154334
1154372
1154929
1155429
1156096
1156952
1157687
1158087
1158940
1159241
1159424
1160223
1161068
1161244
1161643
1162082
1162190
1162989
1163319
1163697
1164533
1165498
1166206
1166658
1166681
1166888
1167297
1167554
1168008
1168425
1168822
1168914
1169112
1169312
1169319
1169737
1170310
1170581
1171137
1171172
1171595
1172467
1173404
1173966
1174879
1174967
1175024
1175931
1176877
1177389
1178190
1178227
1178557
1178792
1178983
1179332
1179858
1180636
1181460
1182063
1182465
1182757
1183491
1184037
1184262
1184423
1184515
1185000
1185938
1186644
1187457
1187567
1188481
1188826
1189072
1190015
1190753
1191440
1191761
1192335
1193009
1193617
1194100
1194326
1195317
1196241
1196526
1197231
1197826
1197939
1198738
1198976
1199052
1199641
1200122
1200578
1201178
1202031
1202355
1202430
1203047
1204020
1204763
1205168
1205995
1206840
1207539
1207684
1208350
1208649
1209173
1210070
1210669
1210754
1211701
1212064
1212644
1213530
1214529
1215438
1216306
1216678
1216988
1217944
1218056
1218695
1219637
1220534
1221292
1221759
1222338
1222556
1223539
1223642
1224385
1225001
1225380
1225857
1226109
1226407
1226814
1227586
1227952
1228520
1228994
1229697
1229703
1229832
1230549
1230695
1231459
1232429
1232562
1233406
1233875
1234118
1234562
1234680
1235172
1236001
1236197
1237020
1237428
1237581
1237817
1238601
1239110
1239361
1239879
1240350
1240958
1241777
1241841
1242715
1242840
1242860
1243397
1244379
1244767
1245045
1245943
1246730
1246776
1247738
1248052
1248934
1249331
1249561
1250124
1250391
1250734
1251411
1251806
1251917
1252470
1252527
1252708
1253349
1253819
1254561
1255521
1256503
1257168
1257170
1257334
1257671
1258250
1258885
1259366
1259654
1260118
1260431
1260609
1261572
1262427
1262454
1262760
1262817
1262923
1263244
1263895
1263912
1264910
1265065
1265343
1265553
1266006
1266502
1267027
1267359
1268038
1268548
1269090
1269350
1270330
1270886
1271444
1272080
1272861
1273326
1273904
1273928
1274718
1275221
1275990
1276914
1277696
1277891
1277961
1277965
1278099
1278665
1278776
1279184
1279554
1279569
1280238
1281193
1281251
1281848
1281990
1282581
1282604
1282807
1283620
1283903
1284794
1285536
1285889
1286026
1286357
1286672
1287179
1287711
1288593
1288743
1289017
1289348
1289827
1290182
1290879
1291713
1292668
1293647
1293848
1294225
1295081
1295519
1295694
1296145
1296324
1297213
1297713
1298016
1298139
1298572
1299001
1299521
1300469
1300507
1300638
1301071
1301487
1301902
1301991
1302972
1303876
1304590
1304840
1305080
1305826
1306536
1306790
1307018
1307164
1307677
1308570
1309405
1309907
1310704
1310873
1311342
1311954
1312143
1312759
1312965
1312995
1313805
1314501
1314577
1315332
1315408
1316055
1316743
1316878
1317785
1318398
1319193
1319540
1320123
1320691
1321328
1321382
1321700
1322333
1322769
1323634
1323951
1324876
1325560
1325859
1326677
1327206
1327462
1328441
1329366
1330273
1330791
1331607
1332307
1332354
1332447
1332775
1332996
1333270
1333852
1333959
1334422
1334436
1335395
1335834
1336041
1336879
1337712
1338181
1338819
1339066
1339254
1340023
1340629
1341378
1342106
1342286
1342677
1343524
1343685
1344063
1344605
1345295
1345875
1346693
1347332
1348278
1348434
1348752
1349079
1349318
1349924
1350472
1351098
1351979
1352440
1352462
1353397
1354168
1354390
1354924
1355149
1355232
1355490
1355495
1355843
1356195
1357055
1357625
1357676
1358579
1359077
1360073
1360200
1360814
1361680
1362492
1362537
1362545
1362637
1363333
1364270
1365243
1366218
1366632
1366698
1366947
1367041
1367913
1368865
1369757
1370109
1370594
1370647
1371642
1372566
1373284
1373737
1373814
1374236
1374541
1374705
1374708
1375250
1376143
1376478
1376680
1377610
1377781
1378073
1378217
1378324
1378393
1378656
1379528
1380064
1380427
1380957
1381846
1382830
1383473
1383827
1384082
1384995
1385851
1386291
1386893
1387524
1387590
1387737
1388035
1388291
1389077
1389826
1390622
1391232
1391638
1392345
1393256
1393431
1393908
1394013
1394307
1394609
1394913
1395034
1395190
1395509
1395547
1396182
1397137
1397687
1398404
1399034
1399610
1400297
1400616
1401310
1401749
1402464
1403431
1403815
1403960
1404324
1404372
1405334
1405570
1406180
1406278
1406771
1407453
1408270
1408820
1409586
1409899
1410224
1410387
1410468
1411021
1411864
1412287
1412662
1412776
1413763
1414020
1414610
1415059
1415122
1415818
1416060
1416870
1417607
1418152
1418885
1419661
1420573
1421034
1421192
1421852
1422019
1422334
1422942
1423220
1423242
1424202
1424645
1425629
1426348
1426676
1427196
1427801
1428672
1429404
1430249
1430479
1431044
1431234
1431630
1431963
1432065
1432448
1432779
1433494
1434491
1434938
1435600
1435763
1436353
1437032
1437955
1438013
1438077
1438892
1439408
1439888
1439929
1439934
1440572
1440944
1441403
1441782
1442694
1443667
1444335
1445274
1445460
1445495
1446438
1447202
1447662
1447804
1448215
1448834
1449305
1449893
1449943
1450692
1451524
1452090
1452353
1452897
1453099
1453203
1454193
1454469
1454805
1455285
1455389
1455436
1456008
1456577
1456977
1457505
1457833
1458206
1458736
1459711
1460640
1461366
1462031
1462481
1463454
1463582
1464238
1464521
1464968
1465449
1466009
1466790
1466843
1467251
1467683
1468104
1468609
1468635
1469172
1470041
1470601
1471432
1472386
1472786
1473051
1473944
1474391
1474527
1474927
1474964
1475073
1475418
1475456
1475507
1476045
1476082
1476950
1477889
1478755
1479365
1479532
1479840
1479973
1480307
1481236
1481299
1481980
1482081
1482233
1482411
1482990
1483319
1484250
1484654
1484778
1485276
1485368
1485884
1486775
1487171
1488140
1489134
1489259
1489811
1490327
1491106
1491659
1491773
1492089
1492388
1492538
1492808
1493337
1493475
1494299
1494850
1494984
1495626
1495896
1496440
1497050
1497430
1497701
1498094
1498668
1498967
1499638
1499988
1500279
1500828
1501309
1501644
1501655
1501934
1502157
1502256
1502330
1502654
1502791
1503699
1504274
1505025
1505060
1505927
1506915
1507735
1507917
1508631
1509163
1509832
1509877
1510328
1510878
1511462
1512081
1512811
1513759
1514313
1515083
1515204
1516190
1517179
1517773
1518245
1518757
1519246
1519772
1520164
1520396
1520532
1520897
1521792
1522596
1523330
1524163
1524274
1524464
1524491
1525114
1525878
1526099
1526357
1527007
1527728
1527874
1528446
1529095
1529277
1529686
1530175
1530974
1531298
1532031
1532494
1532826
1533483
1534341
1534605
1534654
1535297
1535409
1536128
1536436
1537012
1537732
1537786
1538262
1538888
1539416
1540222
1540752
1540799
1540991
1541414
1541734
1542021
1542449
1543066
1543388
1543582
1544558
1545377
1545465
1546248
1546929
1547486
1547535
1548115
1548833
1549157
1549844
1550819
1551132
1551446
1552445
1553430
1553496
1554064
1554698
1555621
1555762
1556711
1557181
1557722
1558569
1559241
1559727
1560271
1560433
1560924
1561820
1562453
1562692
1562830
1562834
1563285
1563493
1563500
1563541
1563580
1563673
1564638
1565247
1566226
1566762
1567149
1567738
1568700
1569235
1569575
1570574
1571249
1571705
1572169
1572274
1572878
1573019
1573911
1573983
1574044
1574316
1575046
1575989
1576868
1576912
1577201
1577366
1577502
1578404
1578808
1578976
1579524
1580474
1581334
1581950
1582783
1583747
1584294
1585253
1585615
1586018
1586436
1587069
1587632
1588094
1589027
1589346
1590334
1590965
1591253
1591429
1591645
1592214
1592274
1592456
1593180
1593716
1593854
1593938
1594309
1595226
1595948
1596143
1596329
1596447
1596808
1596819
1597419
1597924
1598819
1599391
1599750
1599878
1600509
1601386
1601443
1602193
1602529
1603103
1603465
1604429
1604593
1604726
1605691
1606610
1606872
1607720
1607885
1607924
1608225
1608422
1609052
1609227
1609742
1610709
1611043
1611817
1612662
1613379
1613740
1614136
1614548
1615185
1615435
1615845
1616214
1616284
1617182
1617681
1618458
1619240
1619528
1620111
1620356
1621353
1621856
1622731
1623225
1623894
1624132
1624240
1625113
1626031
1626950
1627268
1627641
1627923
1628133
1628727
1628837
1629551
1629583
1629752
1630086
1630485
1630952
1631286
1631940
1632748
1633722
1634518
1634763
1634852
1634899
1635280
1635480
1636022
1636711
1637188
1637258
1637972
1638706
1639369
1639648
1640643
1641301
1641304
1641428
1642038
1643035
1643755
1644465
1645365
1646010
1646556
1646968
1647956
1648203
1649050
1649459
1649817
1649967
1650864
1650910
1651254
1652012
1652481
1653241
1653918
1654737
1654828
1655565
1656159
1656723
1657049
1657827
1658214
1659201
1660037
1660524
1660736
1660890
1660931
1661667
1661765
1661795
1662260
1662371
1663328
1664164
1665078
1665536
1666007
1666891
1667152
1667176
1668026
1668978
1669556
1669769
1670304
1671157
1671250
1671819
1672376
1673271
1673630
1674016
1674367
1674641
1675500
1676232
1676597
1677151
1677772
1678083
1678121
1678889
1679566
1680460
1680575
1681285
1681816
1682367
1682785
1682834
1683211
1683575
1684103
1684348
1684968
1685695
1686282
1687040
1687293
1688282
1688959
1689462
1689716
1689976
1690934
1691473
1691587
1692195
1693178
1693425
1694291
1695253
1696196
1696223
1696442
1696522
1696559
1697005
1697826
1698524
1699511
1699746
1700455
1701293
1701316
1701847
1702573
1703564
1703842
1704544
1704830
1704905
1705528
1705736
1706178
1706192
1706359
1706373
1706974
1707818
1708618
1709172
1709508
1709560
1709900
1710283
1710627
1711103
1711627
1712215
1712523
1712942
1713168
1713867
1714357
1714852
1715222
1715962
1715989
1716883
1716994
1717650
1717912
1718505
1718789
1719254
1719519
1719589
1720108
1721008
1721335
1721656
1722386
1723199
1723380
1724282
1724857
1725078
1725680
1726290
1726969
1727475
1728089
1728789
1728890
1729036
1729901
1730454
1731275
1731503
1731833
1732220
1732577
1732820
1733095
1733513
1733654
1734193
1734571
1735239
1736214
1736590
1736658
1736902
1736926
1736990
1737063
1737080
1737412
1737870
1738260
1738676
1739139
1739624
1739991
1740640
1741012
1741360
1741745
1742014
1742693
1742934
1743874
1744591
1745271
1745771
1746446
1746750
1747313
1747742
1748002
1748124
1748885
1749767
1750149
1750319
1750361
1750373
1751045
1751208
1751917
1752076
1752424
1753315
1753467
1754211
1754302
1755058
1755866
1756216
1756858
1756962
1757214
1757694
1758466
1758984
1759109
1759513
1760213
1760716
1761058
1761954
1761982
1762035
1762453
1763188
1764030
1764416
1764872
1764990
1765227
1765571
1766389
1767098
1767941
1768252
1768876
1769731
1770325
1770937
1771795
1772682
1772993
1773206
1773802
1774411
1774444
1775444
1776435
1776766
1777025
1777790
1778000
1778818
1779630
1780140
1780921
1781033
1781857
1782015
1782248
1782446
1782521
1783498
1784092
1784298
1784689
1784942
1785137
1785231
1785965
1786101
1786170
1786700
1787313
1787835
1788301
1789250
1789280
1789959
1789993
1790205
1790219
1790497
1790697
1791192
1791248
1791670
1792498
1792775
1793474
1793589
1794549
1795139
1795985
1796574
1796679
1796719
1797061
1797078
1797212
1797900
1798655
1799430
1800426
1800477
1800912
1800963
1801667
1802122
1803030
1803253
1803569
1803625
1804462
1804692
1804750
1805382
1806355
1806488
1806491
1807159
1808134
1809073
1809698
1809854
1810653
1811007
1811771
1812129
1812356
1813140
1813800
1814610
1814827
1814887
1815574
1815924
1816022
1816785
1817233
1817372
1817788
1817876
1818799
1819356
1819595
1819733
1820194
1820888
1821121
1821996
1822744
1823586
1824315
1824665
1825458
1825503
1826208
1826827
1827361
1827518
1827980
1828212
1828748
1829474
1830423
1830966
1831575
1832057
1832841
1833681
1834264
1835217
1835352
1836271
1836710
1837226
1837978
1838734
1838776
1839698
1839779
1840324
1840796
1841578
1841924
1842489
1842933
1843638
1843790
1844390
1844444
1844913
1845566
1846562
1847343
1848132
1848600
1848637
1849202
1849885
1850657
1850796
1850830
1851617
1852356
1853248
1853962
1854356
1854554
1855405
1856314
1857038
1858027
1858717
1859208
1859889
1860297
1860988
1861359
1861719
1861860
1862665
1862852
1863651
1864002
1864345
1864820
1865549
1866323
1867158
1867877
1868788
1869608
1869862
1870379
1870817
1870976
1871452
1871597
1872096
1872958
1873807
1873971
1874129
1875071
1875205
1876037
1876107
1876547
1877425
1877879
1878602
1879183
1879680
1879918
1880168
1880535
1880691
1880848
1881578
1882336
1883141
1883442
1883503
1884198
1884951
1885199
1886030
1886925
1887583
1888469
1889150
1889976
1890683
1890734
1891338
1892323
1893160
1893995
1894319
1895000
1895318
1896189
1896390
1897286
1897297
1897660
1898109
1898966
1899370
1899679
1900283
1900410
1900868
1901255
1902185
1902963
1903722
1904099
1904597
1905440
1905656
1905998
1906778
1906793
1907746
1908664
1909443
1910054
1910346
1910736
1910967
1911467
1912369
1912397
1913375
1914249
1914251
1914719
1915129
1915147
1915719
1916608
1917226
1918148
1919074
1919303
1919894
1919977
1920140
1920237
1920470
1920976
1921376
1921699
1922514
1923156
1923159
1923285
1924085
1924698
1925100
1925774
1926348
1926428
1927312
1927915
1928016
1928368
1928550
1928945
1928964
1929427
1929661
1929966
1930941
1931485
1932080
1932287
1932845
1933714
1934671
1934802
1934807
1935690
1936561
1937066
1937895
1938221
1938629
1938637
1939076
1939621
1939698
1939874
1940675
1941578
1942418
1943183
1943754
1944333
1945116
1945117
1946029
1946107
1946619
1947374
1947681
1947847
1947965
1948398
1948911
1949297
1949440
1949697
1949962
1950189
1950535
1951290
1952268
1953110
1953676
1953855
1954697
1955284
1955507
1956071
1956275
1957094
1957495
1958114
1958910
1959381
1960376
1961088
1961095
1961174
1961279
1962246
1962992
1963262
1963264
1964022
1964048
1964530
1965274
1966181
1967005
1967337
1968305
1968635
1969447
1970187
1970533
1970702
1971336
1971918
1972463
1972679
1973153
1973838
1974560
1975250
1975554
1975999
1976298
1977248
1977800
1978256
1978419
1979218
1979347
1980216
1980242
1980813
1981195
1981712
1982607
1983137
1983611
1983683
1983951
1984860
1985402
1985972
1986506
1987091
1987139
1987180
1987256
1987415
1988264
1988376
1989017
1989415
1989760
1990159
1991117
1991640
1992494
1992802
1992820
1993689
1994440
1994786
1995085
1995089
1995150
1995372
1995895
1996029
1996855
1997141
1998100
1998392
1998872
1999230
1999295
