La primera linea indica la cantidad de minutos a considerar (n). Luego vienen n lineas que corresponden a los x_i, y luego los n valores que corresponden a la funcion f(.):
5000
399
147
30
231
833
849
494
750
907
355
173
363
313
604
229
289
902
277
52
656
943
379
167
534
864
690
413
260
386
432
570
336
425
888
432
302
350
684
418
10
449
513
414
757
73
297
181
912
19
156
790
594
402
816
930
704
877
958
836
178
25
809
626
934
993
148
538
573
580
614
65
20
559
402
257
260
253
902
314
70
473
570
587
113
198
105
176
666
980
52
400
13
127
482
539
802
197
802
184
46
494
941
422
765
441
749
218
585
582
456
753
519
107
907
553
462
10
641
900
194
931
230
452
708
247
398
749
327
710
945
28
594
463
881
662
577
784
76
218
259
490
441
481
675
390
981
558
837
842
215
816
816
492
172
848
410
306
809
332
660
583
895
76
921
570
745
690
643
789
627
707
136
512
215
830
125
251
139
731
655
328
517
496
123
521
48
107
479
254
525
888
731
159
315
345
251
647
952
957
518
446
503
552
626
970
348
672
157
270
535
923
509
962
247
580
637
954
462
473
799
274
405
557
529
988
409
743
80
158
38
146
789
742
729
528
721
247
449
216
236
984
545
791
918
599
350
476
2
17
79
424
787
609
177
757
383
846
14
486
503
384
172
185
744
358
699
354
842
913
577
269
924
45
782
944
29
660
460
940
577
855
231
751
145
36
738
240
319
664
927
239
438
855
290
389
330
680
596
510
811
176
616
472
222
897
949
572
17
629
738
131
201
505
110
810
339
747
462
405
104
462
271
520
785
114
533
373
699
1
771
31
815
778
421
763
873
413
21
753
478
256
107
466
301
181
882
361
821
214
742
395
710
986
195
335
892
979
123
905
241
533
696
602
312
409
854
181
689
556
837
766
674
694
36
337
14
644
485
49
1000
920
443
133
683
156
560
620
256
697
464
516
907
205
650
119
533
535
246
664
161
388
138
55
785
480
397
231
582
114
319
959
892
186
62
730
976
901
551
971
322
749
654
450
533
229
404
928
887
732
187
59
740
265
272
471
902
544
402
121
293
628
138
446
211
888
156
441
508
920
985
367
239
422
572
687
619
945
698
658
407
570
706
583
870
270
778
713
512
205
955
577
380
15
504
549
849
118
235
715
958
743
724
376
766
207
604
253
210
879
622
666
91
994
687
276
542
393
113
973
272
546
510
933
313
506
35
754
596
4
631
851
313
932
44
791
671
247
528
46
73
705
719
360
571
306
851
324
95
674
134
150
209
237
175
241
810
748
684
437
664
843
978
907
459
163
525
389
97
265
925
905
628
760
45
57
548
697
563
297
697
590
151
542
344
384
227
446
346
589
319
750
613
335
511
608
720
70
719
522
758
36
996
431
762
383
821
799
769
118
148
357
862
268
869
323
24
848
895
463
973
27
973
121
539
646
341
719
982
452
859
183
932
589
871
357
732
152
105
451
57
533
337
462
966
362
500
456
212
992
733
952
90
961
41
372
67
863
812
500
612
466
142
338
789
796
880
8
95
264
132
191
331
177
559
507
710
285
527
892
699
482
673
851
310
3
628
330
911
540
995
59
909
25
518
999
519
632
488
161
377
885
125
798
752
830
654
344
786
404
871
120
634
94
557
292
425
938
530
595
887
328
825
966
872
604
338
399
287
993
244
665
211
995
529
795
109
816
180
60
7
429
574
518
646
737
132
891
838
508
794
535
944
880
287
646
531
592
107
337
638
53
764
519
790
458
406
278
960
606
119
348
46
935
475
668
792
164
903
593
626
709
990
748
505
771
20
525
180
978
532
931
627
588
788
144
672
585
81
209
378
305
774
567
10
776
367
872
487
871
362
230
727
66
46
719
327
324
485
127
567
384
721
585
188
937
347
927
157
102
780
85
704
92
550
217
852
831
517
450
608
972
56
691
389
167
956
648
392
455
959
999
96
262
826
564
792
118
409
868
959
865
718
483
927
143
675
4
283
583
195
362
498
770
57
613
711
87
574
164
963
826
459
74
160
138
574
668
834
876
216
728
419
501
134
280
55
387
709
915
543
874
1
660
199
816
726
787
899
968
619
744
328
23
735
490
253
621
422
252
23
400
345
506
116
38
885
991
74
365
956
469
652
303
3
134
188
794
270
39
1000
666
90
362
207
322
200
765
106
979
480
236
700
495
273
578
239
698
197
705
8
191
680
618
435
455
707
575
793
910
831
956
289
136
548
130
241
720
780
63
141
754
557
546
426
44
999
844
978
905
369
985
205
943
959
151
767
146
835
337
777
672
709
785
474
967
752
47
966
644
406
868
229
583
989
505
142
134
610
888
11
912
299
823
161
606
539
620
630
76
179
985
759
12
54
229
15
489
47
727
47
166
165
864
20
837
589
100
17
65
499
799
551
731
128
417
610
840
79
115
103
544
611
599
505
154
873
425
769
7
464
332
705
782
660
470
772
266
230
806
114
367
131
966
900
662
385
211
512
642
977
809
358
950
526
777
648
365
717
36
574
699
817
167
668
662
720
752
879
422
656
785
645
826
955
602
333
614
113
341
394
794
847
237
663
754
202
715
910
799
763
448
200
620
652
930
689
392
312
894
617
477
880
982
316
260
617
983
791
651
97
905
797
355
294
130
245
893
285
877
85
865
723
152
991
799
319
545
939
406
153
432
122
914
746
104
966
232
215
3
168
24
744
784
170
815
318
680
130
602
290
161
52
230
51
686
140
722
658
965
550
392
284
425
324
311
303
211
129
971
114
846
815
63
799
812
398
619
329
210
756
535
79
568
667
112
585
328
409
120
485
23
391
112
804
595
502
15
944
456
448
33
846
401
548
715
635
956
121
61
670
326
807
596
424
681
660
308
505
208
228
822
1000
643
64
211
266
392
647
197
702
263
446
987
298
269
978
483
182
602
191
319
1000
809
993
707
275
387
764
340
927
135
722
225
216
523
568
902
940
104
872
349
727
655
691
286
282
12
569
374
399
363
879
34
638
733
939
525
146
630
911
556
175
129
299
290
599
252
176
778
833
172
14
460
655
49
685
809
677
283
899
258
268
146
390
750
911
453
463
61
985
508
117
680
928
840
685
300
360
846
802
954
835
433
792
291
945
336
740
916
705
505
919
365
521
597
482
612
851
633
541
80
773
854
871
600
815
869
735
405
777
288
349
806
142
11
412
522
931
404
293
944
448
27
225
660
178
764
617
180
23
981
729
949
621
787
811
440
575
297
957
303
288
280
530
580
920
273
16
36
702
605
907
877
751
721
731
403
520
2
699
460
191
200
985
161
577
741
390
983
29
958
978
708
418
943
8
128
596
351
649
901
492
696
581
336
838
664
393
97
611
176
83
80
487
438
189
114
725
584
741
208
264
913
398
232
181
530
874
341
959
971
7
657
135
639
660
356
280
142
518
210
815
697
764
337
589
607
22
336
992
287
636
494
79
453
629
661
326
888
221
371
64
51
343
294
533
83
97
468
148
171
531
195
371
606
504
425
461
21
999
704
269
854
695
164
668
759
277
6
244
226
139
208
13
869
14
615
880
320
669
114
643
583
810
228
695
109
123
518
560
792
441
19
16
692
129
952
860
334
557
440
850
52
933
575
72
808
431
525
45
467
154
988
428
839
459
334
25
636
508
192
922
17
12
472
244
673
569
667
289
298
845
938
763
658
765
536
587
542
487
783
719
806
5
570
522
886
902
697
674
390
581
564
905
433
204
960
632
50
31
931
306
406
585
623
103
296
98
599
222
826
968
352
518
760
140
668
204
747
491
509
439
225
673
161
99
437
222
398
220
542
542
219
385
937
518
485
413
508
828
596
705
515
708
254
32
94
850
608
426
145
31
183
224
904
121
265
712
20
269
671
980
563
136
696
49
625
689
843
362
401
638
89
915
815
646
612
625
251
847
817
613
143
900
813
531
744
814
940
798
302
159
856
109
873
545
97
310
26
224
73
641
530
754
49
382
588
551
662
140
631
203
993
845
465
779
426
9
741
742
998
518
221
922
517
824
703
576
849
356
111
441
519
623
909
545
817
150
680
814
769
898
228
840
397
305
765
290
12
877
684
817
899
680
424
590
88
245
570
542
160
280
103
870
700
338
198
424
24
518
569
735
216
622
307
294
37
38
101
363
19
208
15
54
200
402
921
658
133
790
116
97
470
589
692
731
320
403
137
319
379
243
611
104
102
785
68
835
263
303
994
307
339
14
418
132
159
447
907
690
524
600
559
459
331
535
82
200
572
967
714
75
465
444
30
503
644
527
16
971
493
464
329
939
49
813
68
552
309
241
436
405
819
253
833
25
101
329
316
695
446
171
292
622
672
315
64
746
975
529
54
643
248
933
131
757
770
278
964
915
780
833
138
557
63
655
230
945
359
836
679
690
843
784
560
403
976
953
771
158
403
385
976
386
79
491
200
443
49
783
122
415
101
304
902
476
228
915
42
862
157
502
2
609
698
536
603
154
987
503
401
270
496
648
997
821
739
992
780
210
192
835
229
858
983
855
740
609
949
66
576
837
581
521
513
780
333
8
840
49
329
588
348
457
726
813
23
491
143
498
230
489
92
466
992
625
690
729
359
129
596
898
923
646
323
363
674
617
736
371
637
4
723
736
937
322
288
743
955
325
172
106
554
720
916
26
12
950
795
732
55
728
983
866
279
601
740
76
535
408
371
348
177
791
146
313
978
511
689
592
892
973
934
646
480
377
546
579
649
290
238
476
460
692
910
103
298
725
614
406
830
607
149
819
260
520
784
553
927
928
411
164
220
56
966
814
631
162
761
27
157
634
579
699
810
667
187
342
308
628
15
940
821
948
389
298
833
481
589
64
735
592
3
638
770
894
693
680
975
859
594
491
278
609
492
489
61
434
466
664
334
767
490
657
82
440
742
839
778
357
486
717
245
386
662
90
398
582
239
789
890
347
289
722
373
901
667
956
72
933
709
811
64
636
825
701
404
918
838
800
607
471
211
169
932
460
849
538
123
172
848
431
7
923
443
633
929
431
409
506
784
944
397
354
124
462
795
129
473
199
842
267
857
681
977
892
287
51
165
953
744
824
39
657
821
626
509
114
399
344
774
44
772
946
761
340
196
633
349
974
631
304
608
365
897
459
715
722
140
803
599
653
335
278
355
529
105
88
209
156
781
273
714
935
221
793
409
461
865
856
303
754
806
428
144
241
453
499
284
481
687
783
77
786
109
819
621
555
215
938
198
961
101
497
151
585
570
700
44
971
783
922
294
768
437
128
586
829
293
24
82
896
584
527
500
414
982
114
802
689
247
759
706
793
117
839
670
156
560
344
928
471
103
173
786
156
856
781
723
390
294
283
44
655
370
618
960
702
561
823
699
500
636
922
631
136
273
454
338
61
859
337
442
393
162
983
356
198
753
575
351
382
386
879
557
586
186
578
167
150
173
814
606
978
474
422
476
502
123
826
789
250
561
247
849
2
749
43
880
816
244
122
49
642
713
377
80
540
28
435
972
277
83
323
225
658
905
904
968
426
725
529
528
977
171
547
520
731
307
599
487
750
26
285
745
219
734
681
937
691
211
541
486
763
777
222
367
284
738
895
569
925
629
423
463
30
202
583
157
808
663
637
974
319
153
190
192
777
868
742
933
899
654
853
193
204
285
870
189
200
354
209
668
324
686
920
952
900
652
44
75
5
464
364
672
408
116
535
371
732
522
258
253
108
61
406
526
810
668
325
298
238
62
735
320
796
250
964
477
697
701
461
382
843
458
924
127
58
194
94
682
215
492
152
575
244
778
672
824
835
612
801
977
128
206
221
670
462
81
970
649
99
967
645
742
55
746
6
291
850
407
191
276
500
892
298
722
269
815
357
305
440
282
941
791
268
715
498
606
197
26
416
792
5
798
286
54
824
598
840
576
964
713
180
800
904
157
101
1
459
492
987
73
755
155
241
733
685
272
97
98
405
345
58
104
24
879
139
83
515
515
446
405
592
303
27
112
568
305
422
531
194
720
526
661
515
95
272
533
601
302
728
832
876
653
156
880
151
826
970
168
254
291
931
630
115
958
21
82
17
244
786
952
425
891
470
88
981
189
16
161
211
899
88
321
855
177
248
845
795
974
557
334
787
449
27
426
310
723
228
495
978
997
621
685
317
888
779
418
565
126
403
220
716
916
278
192
758
514
501
921
339
1
776
330
602
531
171
111
458
579
619
152
158
183
828
916
409
206
116
653
921
435
793
797
321
618
742
113
847
77
227
642
395
672
275
602
926
713
391
977
324
423
478
419
149
328
586
488
702
219
883
927
855
105
208
800
371
89
625
809
649
461
290
847
763
741
548
783
102
76
879
792
875
615
262
706
515
919
991
431
259
355
601
30
291
864
698
448
287
60
829
908
381
531
803
213
797
469
369
963
573
472
975
642
274
371
152
433
649
668
625
890
151
350
725
929
771
15
591
39
253
469
165
560
648
813
230
920
428
823
317
538
40
71
444
326
956
197
799
169
749
502
644
430
518
963
553
753
693
992
535
876
741
926
930
499
274
738
479
572
114
842
802
306
402
354
630
316
800
538
25
266
504
427
183
516
328
974
229
969
534
627
62
71
6
657
567
480
950
670
646
415
666
239
596
11
384
521
129
755
467
719
263
769
432
951
708
671
143
931
136
110
931
330
652
744
992
914
72
391
724
418
343
187
539
953
173
529
601
1
567
400
480
641
168
914
956
269
337
668
479
810
645
305
366
435
369
542
317
743
998
955
229
411
26
316
266
464
974
61
392
544
182
972
419
662
271
595
408
43
124
14
232
686
767
477
305
623
571
659
903
226
315
563
58
860
768
180
889
311
283
915
676
343
5
985
663
71
440
482
952
207
660
686
998
524
810
24
774
53
484
219
128
747
855
369
547
501
671
423
747
402
749
935
5
85
342
82
189
182
462
861
130
933
523
661
446
573
19
881
773
316
903
909
102
243
365
680
103
542
448
980
877
170
133
917
232
357
138
218
546
350
535
251
121
701
918
694
274
381
473
81
691
252
7
17
892
907
961
165
578
687
55
995
349
685
859
483
125
123
988
517
207
106
979
587
288
295
766
224
355
917
687
373
699
123
356
198
970
876
61
648
933
392
769
813
370
71
403
374
126
224
643
960
656
508
710
584
745
580
930
714
844
150
125
975
538
493
732
897
52
659
549
605
896
223
904
45
486
838
801
141
981
812
474
482
990
475
179
840
352
692
245
776
920
899
118
396
444
341
384
597
857
455
303
922
394
243
346
344
290
747
715
340
177
736
274
363
521
998
642
278
406
807
318
400
35
521
420
839
743
785
820
259
529
427
801
242
233
412
99
578
71
52
587
996
625
572
92
773
479
472
832
2
151
677
243
109
784
833
191
236
496
740
690
522
930
10
364
576
954
555
443
625
290
936
738
632
487
878
405
385
824
581
940
553
918
467
421
637
99
993
180
731
539
239
608
774
480
430
841
163
839
220
922
397
426
511
191
491
429
599
37
199
816
644
402
543
170
23
328
759
297
532
640
814
146
983
110
64
813
284
829
958
759
46
272
562
739
489
222
846
364
895
414
919
746
728
605
747
403
124
627
704
656
835
233
570
966
540
480
470
227
694
759
602
762
159
876
933
491
289
883
110
399
861
134
372
134
646
290
273
699
749
868
457
734
688
879
709
803
591
270
312
703
611
466
364
126
761
572
741
54
939
258
424
121
720
499
756
360
793
507
950
487
57
283
166
538
467
654
331
694
255
332
625
106
592
938
73
756
342
286
14
117
538
961
104
449
835
229
628
246
171
947
754
151
306
641
20
926
84
163
216
203
521
245
147
257
722
559
188
190
272
407
523
380
715
876
848
820
661
191
397
508
214
396
781
112
208
526
518
198
220
326
571
33
13
239
235
252
417
245
206
389
70
156
770
864
718
120
626
871
989
532
467
479
8
998
706
394
926
554
609
615
485
694
246
713
846
961
620
830
197
466
186
561
481
512
617
204
738
298
497
753
663
155
343
169
665
909
462
586
911
705
962
941
250
608
219
932
593
12
171
116
959
452
73
503
202
81
903
471
653
525
512
410
151
585
814
698
248
566
77
853
726
292
351
353
483
208
810
339
778
414
91
837
181
576
997
875
866
48
979
61
11
746
330
933
811
952
891
218
183
143
589
784
893
126
831
699
541
966
759
85
437
784
902
297
873
770
107
654
932
439
456
110
157
640
24
963
357
73
13
937
523
459
364
704
927
457
504
837
174
278
374
50
784
859
210
161
599
952
364
769
985
777
243
742
331
907
930
250
787
385
641
26
163
722
221
858
282
754
858
693
435
143
771
248
33
285
738
608
684
61
326
117
224
539
806
969
879
307
333
94
183
681
237
629
422
560
809
283
832
242
110
339
789
749
3
761
53
318
837
785
682
807
413
573
240
773
158
477
583
545
921
571
531
80
68
169
178
801
926
16
406
658
885
26
175
62
482
833
130
68
727
151
765
302
886
282
890
276
699
399
967
550
458
420
558
611
902
186
892
362
605
310
816
871
832
478
81
67
177
537
411
355
402
757
949
85
67
879
245
647
856
342
328
581
745
653
767
117
836
628
723
344
787
153
996
777
334
707
944
264
850
417
511
161
178
989
996
427
317
145
99
685
925
740
310
412
819
661
851
643
457
151
21
898
403
535
994
661
424
130
157
780
984
929
92
373
339
589
556
343
282
105
297
434
335
197
449
102
379
184
633
547
228
53
144
202
374
733
126
967
726
864
614
254
608
982
431
480
74
645
44
262
103
109
629
87
579
268
503
731
259
227
891
121
620
903
752
297
699
518
124
959
425
370
376
229
194
345
131
961
472
902
269
705
362
736
951
765
28
199
378
301
473
2
959
292
636
478
939
447
9
235
930
99
319
816
208
931
119
514
600
9
510
386
630
893
703
306
726
476
673
806
702
906
707
425
90
419
123
385
785
92
27
104
472
3
207
289
228
528
318
626
857
981
149
35
764
589
177
437
126
720
359
821
276
674
916
69
415
537
272
952
614
857
869
209
513
445
990
318
916
636
288
163
754
40
754
320
591
511
867
961
675
635
703
344
485
623
551
509
382
178
643
707
69
14
888
453
539
725
976
496
816
915
22
7
236
818
220
861
483
857
588
517
699
480
533
942
870
843
993
392
458
481
367
385
668
441
635
787
567
187
387
285
384
225
503
833
276
408
258
912
196
575
503
596
144
843
961
924
145
836
655
527
132
306
987
300
967
973
545
454
793
114
961
595
953
609
489
720
923
354
37
210
138
322
41
183
480
336
393
128
416
917
575
765
744
779
851
351
90
592
231
782
831
408
411
813
229
518
437
524
142
942
39
367
964
324
621
307
774
939
526
840
258
177
110
921
18
779
429
255
190
221
977
85
295
230
856
406
620
602
583
74
487
666
93
690
19
578
383
912
742
628
82
973
2
862
573
823
299
159
760
724
115
941
575
855
230
362
374
985
660
980
364
465
582
888
519
228
410
986
881
514
217
474
409
187
923
535
573
328
373
510
851
863
933
220
675
719
477
474
658
320
135
594
307
918
236
334
476
922
256
147
341
56
43
662
522
109
823
415
155
269
62
837
71
222
455
964
632
750
811
218
577
724
349
371
608
264
736
601
271
215
644
899
137
743
835
248
941
892
511
929
657
66
201
347
245
602
554
705
142
570
387
819
173
562
117
698
898
237
463
777
115
812
19
69
504
923
912
984
214
611
197
278
684
60
585
241
728
824
26
230
847
449
37
427
541
134
282
886
38
523
467
541
7
425
406
431
231
932
497
25
553
713
285
582
773
680
143
368
132
537
946
340
309
172
259
33
581
648
276
927
567
958
199
34
964
567
263
728
770
929
636
720
486
678
680
683
295
686
818
303
897
866
500
213
553
485
197
805
367
965
254
510
818
936
340
939
557
411
993
736
619
996
557
570
285
94
14
480
423
860
271
125
215
993
887
983
345
699
505
696
627
662
76
483
869
172
394
623
219
419
250
754
350
965
469
972
708
465
209
476
855
458
382
621
388
186
476
217
983
605
238
256
673
731
895
986
535
682
756
920
212
832
440
421
486
637
828
654
991
561
973
24
249
642
639
137
536
470
288
570
378
891
629
617
685
443
609
451
521
120
804
479
47
917
218
892
890
561
582
311
68
925
457
951
919
437
860
583
84
523
128
860
477
492
194
865
510
121
230
173
411
944
522
235
992
343
292
894
125
790
468
363
278
983
883
131
497
938
52
309
106
234
809
649
427
511
32
106
204
46
743
760
532
506
728
239
854
718
395
908
852
793
624
606
958
736
715
677
221
617
496
525
558
794
380
184
239
950
694
822
892
906
90
663
654
314
65
878
52
190
204
492
859
300
668
606
278
62
975
413
42
557
225
285
556
191
122
247
59
213
650
473
104
855
828
784
413
562
917
243
471
547
663
101
737
676
773
403
839
387
536
156
417
741
412
727
885
224
908
207
925
747
306
334
5
309
55
829
995
519
207
839
434
294
923
534
107
814
550
146
819
597
785
82
431
520
2
432
68
943
474
523
796
277
542
730
996
980
210
505
632
771
869
221
7
194
929
938
301
677
762
845
188
403
125
450
740
474
811
326
624
710
101
980
504
699
433
644
668
920
756
878
771
632
378
4
335
375
916
79
205
839
323
279
795
748
490
679
367
774
32
290
470
849
543
833
297
667
966
890
254
305
686
174
194
78
71
825
747
849
716
578
234
927
588
392
145
188
48
576
742
390
463
56
597
99
673
657
46
579
283
28
991
638
957
424
136
68
593
215
42
236
948
565
50
236
615
162
77
782
896
463
534
855
27
456
295
488
949
119
630
57
803
801
788
485
757
722
144
894
41
195
672
244
908
539
426
259
873
453
549
524
8
464
614
189
330
67
989
780
226
187
490
971
751
562
280
56
438
767
633
401
731
346
450
632
795
388
94
763
452
545
791
323
506
81
498
590
826
949
520
926
658
697
677
88
103
285
891
714
190
539
962
586
799
311
35
137
835
371
488
29
366
132
666
521
973
923
280
450
923
664
107
500
505
656
912
991
179
646
794
472
518
355
591
996
399
600
778
388
586
768
295
392
61
985
43
478
19
974
161
108
702
976
908
293
104
217
36
254
877
383
916
821
351
28
708
73
731
461
973
765
950
304
468
959
767
478
157
466
675
48
777
762
635
620
183
381
13
200
267
856
790
429
486
532
588
922
881
755
825
331
657
841
539
737
217
238
699
560
925
106
136
469
520
672
580
569
956
412
967
466
12
370
689
949
789
38
965
616
672
693
655
816
23
617
394
98
509
999
930
887
937
405
570
933
182
725
266
869
373
991
103
75
640
419
899
16
678
876
86
990
552
446
670
85
696
104
981
8
39
448
880
1405
2163
2376
2443
3296
3447
3915
4410
5138
5360
5381
5508
6140
7030
7066
7571
8144
8185
9132
9470
9978
10646
11188
11495
12260
12949
12955
13661
14139
14513
15502
16345
17328
17993
18752
19168
19671
20558
20920
21865
22707
23383
24373
25133
25492
25650
26398
27353
27827
28376
28870
29835
30545
31488
32078
32852
33380
33638
33676
34355
35203
35282
35315
36184
36991
37653
38206
38232
38841
39540
39734
40619
40823
41125
41744
42652
43524
44094
44256
44542
44736
45613
46121
46739
47057
47929
48163
48619
48871
49184
50114
50457
50900
51760
51965
51974
52326
52458
53227
53336
53629
54401
55035
55927
56209
56800
57704
57832
58216
58727
58832
59688
60094
60105
60909
61056
61515
62377
62396
62927
63693
63964
64186
64864
65519
65978
66242
66590
67007
67052
67493
67756
68707
68746
68932
69672
70555
71224
71635
72398
73287
73894
74404
74951
75203
76153
76541
77015
77161
77487
77511
77692
78429
78539
79191
79350
79913
80284
81063
81885
82808
82864
83511
84234
84394
84515
85025
85852
86501
87193
87942
88214
88702
89139
90117
91111
91989
92850
93372
94146
94849
95334
95544
95931
96896
97217
97692
97983
98813
98868
99835
99970
100223
100257
100804
101277
101490
102071
102237
102699
103351
104305
104594
105481
106413
107065
107428
107446
107557
108489
109122
109831
110464
110706
111634
112371
113161
113886
114678
114980
115413
116252
116341
116451
116662
117340
117407
117603
118246
118267
118460
118501
118827
119341
119977
120670
120720
121485
121882
121886
122037
122629
123049
123764
124389
124510
125208
125618
126338
126471
127008
127696
128178
128321
128416
128746
129479
130416
130679
131323
131400
132004
132415
132500
133245
133580
133786
134017
134853
135088
135130
135648
136322
136699
137300
138040
138521
139091
139512
139564
140245
140435
140494
141487
142058
142988
143103
143733
143763
143914
144549
144701
145320
145785
145914
146577
147388
148218
148579
148923
149833
150037
150570
151347
151540
152192
152948
153489
153832
154118
154240
154661
155579
156001
156993
157856
158747
159740
160353
160604
161009
161305
161428
161788
162675
162708
162957
163169
163553
164367
165235
165512
166100
167047
167408
167862
168424
169008
169033
169433
170243
170950
171345
171818
172467
172719
173716
174279
174321
174887
175103
175205
175344
176218
176439
176708
177391
178155
178214
179001
179725
180693
180727
181680
181758
182241
183103
183989
184053
184903
185303
185916
186723
187433
188023
188932
189231
189254
189315
190194
191110
191939
192676
192772
193234
193924
194625
195075
195855
196676
197200
197405
197764
198337
198671
199280
199412
199920
200214
201205
202088
202562
202703
202944
203270
204153
204725
205506
205606
206244
206765
207576
207648
208213
208534
209232
209248
209331
209429
209819
210568
210799
211354
212022
212825
213675
214617
215432
216407
216999
217663
217928
218161
219082
219578
219641
219738
219821
220527
220819
220930
221495
221739
222020
222198
222286
222593
222627
223437
223912
224311
225249
225411
225790
226111
226273
226580
226927
227467
227539
227814
228178
229136
229392
229519
230203
230554
230629
231279
231345
231543
232301
233214
234168
235082
235616
236037
236045
236350
237350
237394
237547
238028
238884
239638
240410
240925
241636
242511
243263
243625
244060
244492
245272
245676
246139
246600
246808
247637
248156
248669
248707
249535
249643
249763
250058
250791
251472
251802
252444
253048
253576
254265
254900
255346
256272
256820
257251
257656
258621
259374
259996
260225
260665
261310
262123
262127
262223
262753
263217
264017
265006
265264
265660
266559
267017
267245
267268
267721
268623
269470
270249
270979
270996
271235
271541
272261
272980
273001
273607
274172
274783
275297
275641
275652
276099
276239
276934
277657
278479
279352
280187
280847
281032
281057
282039
282165
282462
282744
283420
283566
284379
284442
284480
284867
285000
285431
285759
286531
287017
287488
288302
288361
289308
290097
290750
291407
292160
292907
293530
294332
294903
295423
296119
296558
296818
297759
298250
298742
298746
299703
299808
300028
300637
301256
301803
302637
303262
304147
304628
304861
305186
305203
305890
306538
306688
307231
308032
308253
308300
308936
309653
310581
311484
312015
312531
312895
313597
314109
314634
315551
316249
316455
317184
318084
318199
318289
318996
319426
319852
320545
321430
322269
323056
323619
324192
324390
324531
325271
325668
326109
326974
326986
327323
327408
327504
328167
328204
328845
329093
330012
330926
331566
332304
333081
333904
334179
334938
335830
336745
336995
337620
337739
338370
338586
339197
340061
340150
340673
341272
342256
342457
342598
342991
343654
343715
344706
345146
345303
346146
346353
347292
347828
348068
348924
349156
349336
350176
350798
350959
351046
351258
351637
352471
352514
352535
352915
353825
354726
355063
355646
356458
356727
357148
357470
357656
358094
358580
358928
359117
359647
359791
360684
361093
362019
362677
363579
364566
365067
365367
365433
366216
366608
367153
368121
368757
368801
369486
369487
370282
370635
371010
371660
371743
372562
373108
373807
373845
374385
375061
376018
376959
377298
377462
377478
378440
378818
379344
380115
381086
381889
382833
383403
384053
384991
385387
385541
386383
387069
387878
388600
389492
389611
390036
390634
391220
392067
392761
393751
394696
395587
395928
396591
396794
397393
398127
398815
398898
399758
400311
400817
401209
401973
402104
402801
402961
403357
404223
404474
405186
405356
405676
405771
406615
407096
407591
408133
408720
409613
410463
411359
411627
412258
412627
412709
412952
413835
414005
414698
415024
415500
416403
417106
417809
418225
418267
419257
419995
420226
420367
421032
421677
422573
423059
423286
424127
424534
424594
424982
425698
426635
426918
427377
428287
429250
430086
430180
431051
431548
431556
431676
432544
432753
433641
433867
434130
434325
435163
435890
436435
437402
437695
438004
438352
439231
439626
440180
440469
441419
441614
441651
442000
442191
443179
443219
443677
444284
444567
445404
445513
446230
446657
446707
447523
447580
448007
448753
448845
449416
449626
450492
450808
451629
451702
452474
453171
453393
454133
454328
455326
456147
456440
457227
457721
457796
458586
459042
459098
459845
460270
460528
461466
462019
462660
462829
463227
463505
464090
464968
465905
466657
466947
467810
467888
468375
469261
469899
470135
470418
471363
472330
472629
472965
473540
473963
474242
474428
474676
475174
475767
476298
476975
477973
478444
478541
478850
479631
479682
480216
480474
480477
481123
481486
481818
482427
483236
483576
484144
484554
485014
485194
485554
486061
486313
486866
487330
487852
488832
489755
490099
490993
491217
491304
492262
492414
492494
493236
493265
493535
493850
494515
495141
495360
495686
495746
496364
497042
497662
498107
498262
498569
498698
499223
499604
500545
500714
500778
501178
502074
502915
503342
503943
504570
505016
505788
506398
507392
508181
508825
509730
510072
510708
510980
511129
511485
512322
512940
513881
514621
515088
515620
516053
516096
516119
516387
517289
518288
518684
519518
520071
520859
521030
522008
522508
522713
523680
524267
525141
525538
525795
525936
526130
527064
527494
527541
528419
529300
529713
529907
530505
531074
531179
531872
532059
532848
533316
533830
534654
534932
535866
536669
536915
537625
538127
538271
538314
538964
539219
539358
539680
539936
540706
541359
542305
543250
543874
544437
544990
545077
545139
545202
545309
545438
545970
546445
547324
547721
548132
548661
548751
549736
550230
550677
551606
551895
552590
553264
553349
553803
554605
555208
555251
556246
556926
557115
557432
558155
558302
559022
559135
559159
559456
560224
560431
560516
560895
561826
562736
563379
563755
564168
564790
565315
566084
566562
567239
567929
568889
569481
569902
570760
571331
572210
572616
573575
574205
574878
575506
576383
577069
577253
577715
578136
578164
578914
579298
579444
580057
580741
580763
581018
581407
581862
581990
582798
582999
583439
583708
583890
584167
584503
585253
585717
586028
586364
586621
587596
588519
589286
589818
589861
590702
591057
591631
591847
592697
593360
593763
593947
594887
595419
595481
596241
596978
597500
598478
598961
599058
599541
599693
600476
600547
601459
602194
602208
602727
603710
604442
605414
605525
606103
606658
606692
607023
607155
607637
608578
608778
609327
610242
611127
611446
611874
612805
613380
613822
614028
614924
615266
615374
616039
616085
616826
617322
617843
618640
619368
620309
620756
620862
621749
622152
622300
623123
623172
623581
624220
624250
624484
624635
625107
625886
626158
626342
626398
627118
627641
628484
629259
629691
630657
631385
631814
631952
632371
633307
633763
634662
635201
636105
636577
636583
637379
638223
638900
639220
639272
639439
640365
640717
641181
642100
642885
643870
644033
644899
645247
645978
646172
646454
647437
648039
648903
648980
649444
650057
650589
650682
651391
652192
652390
653040
653609
654101
654141
654405
654895
655282
656233
657103
657679
657741
657930
658685
659057
659132
659222
659950
660462
660693
661363
661463
662290
662594
662805
663035
663388
664032
664367
664413
664856
665168
665818
666204
666574
667489
668090
668598
669211
670143
670877
670974
671171
671291
671329
672165
673033
673623
673854
674086
674805
675220
675420
676262
676862
677555
677637
678106
678566
678742
679560
680425
680832
681116
681812
681973
682481
682758
683710
683870
684591
684861
685523
686375
687157
687245
687291
687905
688570
689509
689944
690303
691209
692086
692755
692959
693274
693851
694421
694479
694537
695320
696043
696769
696988
697157
697669
698489
699204
699346
700206
700375
700853
701191
702128
702181
702384
702812
703768
703895
704395
704664
705616
706172
707128
707773
708183
708276
708878
709096
709860
710736
711132
712009
712948
713198
713854
714293
715004
715911
716332
716885
717497
718240
718374
718487
719291
719698
720359
720589
721409
721426
722147
722401
722447
722936
723699
724350
725004
725669
725735
726430
727354
727824
728639
729057
729158
729834
730550
731082
731340
731842
732686
733171
733959
734926
735063
735326
735998
736929
737771
738174
738217
738882
739162
740068
740953
741658
742316
743080
743780
744345
744443
744532
745037
745712
746440
746547
746655
747124
747193
747409
747778
748548
749317
749323
749355
749414
749424
749777
749847
750437
751102
751920
752839
753797
754205
754580
755552
756436
757376
758071
758851
759812
760570
761052
761827
762597
763408
763840
764083
764535
764916
764967
765024
765451
766307
766404
766659
767566
768373
768951
769591
770078
770594
770783
771051
771782
772358
773262
773567
773854
774060
774967
775696
776693
777522
777988
778708
779391
779572
779922
780287
781204
782077
782106
782819
783331
784017
784302
785060
785185
785885
785991
786592
786625
786659
786723
787314
787857
788694
789232
789383
789504
790225
791204
791811
792606
792994
793320
794266
794978
795226
795354
796282
796454
796885
797150
797895
798820
799004
799197
799386
799596
800104
800465
801438
802424
802897
803042
803685
803814
804791
805472
806153
806816
807410
807923
808444
808613
809265
809932
810885
811788
812757
813270
813773
814640
815156
815996
816875
817423
818169
818525
818695
819028
819722
820694
820716
821438
822125
822508
822805
823574
824473
824779
825140
825519
825912
826810
827012
827915
828162
828594
829388
829735
829959
830596
831082
831224
831355
831617
832555
832685
832829
832943
832946
833922
834016
834044
834751
834974
835900
835925
836658
837136
837753
838634
838721
839189
839447
839791
839948
840678
840893
841146
841150
841480
842179
842628
842962
843229
844041
844060
844845
845841
846469
846884
847002
847594
848113
848613
849565
850351
850799
851340
851946
852484
852486
852651
853078
853847
854204
854862
855586
856541
857226
857794
857812
858322
859091
860075
860870
861557
862244
862658
862842
863816
863949
864223
864373
865248
866150
867142
867860
868586
868671
869561
869982
870607
871007
871830
872252
873080
874029
874201
874448
875093
876051
876792
877290
877649
878284
879253
880235
880659
880734
881467
881960
882250
882609
883378
884142
884241
884408
884732
885658
885702
885885
886344
886711
887318
887693
887741
888679
889085
889270
889327
890179
890830
891338
891479
891582
891780
891892
892122
892636
892817
893686
893981
894800
895062
895160
895837
895882
896476
896583
897468
898097
898375
899162
899528
899974
900309
901168
901852
902525
902728
903176
904020
904740
905038
905851
906364
906877
907207
907733
908397
908966
909047
909356
909760
910002
910845
910996
911815
912579
913128
913568
913820
914331
915279
915612
916492
917284
918112
918488
919207
919928
920676
920852
921828
922179
922931
923177
923742
924307
924506
924511
925243
925391
926227
926693
927326
927848
928064
928378
928887
929869
930653
930846
931361
931924
932556
932589
932822
933246
933502
934079
934460
935038
935590
935693
936141
936696
937492
938115
938373
939335
940328
940793
941569
942387
943219
944149
944783
945594
945652
946391
947352
947888
948725
948805
948819
949736
950162
950276
950443
950548
950937
951166
951898
952150
953047
953170
953401
954187
954871
955426
955582
956388
957008
957293
957880
958332
959318
960034
960988
961138
961252
961959
962049
962669
962849
962936
963654
964605
965139
965466
965685
966488
967262
967599
968395
968756
969408
969468
969603
969717
969882
970230
970873
971840
972175
972719
973152
973178
973856
974227
974657
974797
975390
975764
976580
977213
977508
978471
979266
979424
980251
980758
980901
981516
982345
982767
983087
983950
984213
984526
984962
985931
986916
987544
988080
988361
988447
988605
989388
990016
990441
990801
991000
991600
992344
992481
993043
993271
993278
993970
994479
995470
995491
996202
996719
996839
997815
998409
998469
998964
998979
999445
999793
1000684
1000864
1001296
1001953
1002375
1003011
1003933
1004384
1005017
1005100
1005733
1006145
1006479
1007008
1007437
1007727
1008418
1008886
1009273
1009826
1010532
1011481
1011595
1012092
1012473
1012901
1013644
1013857
1014512
1014543
1014875
1015827
1016790
1017653
1017944
1018017
1018080
1018836
1019130
1019688
1020358
1020880
1021780
1022655
1023129
1023440
1024322
1025029
1025720
1026424
1026469
1026690
1027069
1027390
1027919
1028377
1028717
1029011
1029449
1030240
1030871
1031814
1031894
1032102
1032678
1033203
1033860
1034139
1034458
1034648
1035374
1035806
1036530
1037032
1037715
1038139
1038270
1038283
1038628
1039531
1040153
1040912
1041377
1041382
1041660
1042089
1042555
1042696
1043643
1044182
1044319
1045298
1045500
1045570
1046556
1046830
1046841
1047313
1047908
1048118
1048894
1049095
1049125
1049646
1050222
1050891
1051603
1052537
1053181
1053466
1054358
1054686
1055264
1055869
1056428
1056519
1056940
1056997
1057495
1058021
1058032
1058254
1059037
1059584
1060566
1061008
1062001
1062335
1062918
1063502
1064093
1064858
1065691
1066628
1067292
1067324
1067404
1067683
1068047
1068720
1069082
1069205
1069970
1070330
1071307
1071630
1072046
1072476
1073132
1073786
1074267
1074918
1075721
1076325
1076532
1077523
1078294
1078748
1079641
1079927
1080646
1081197
1081222
1082112
1082622
1082737
1083485
1084477
1085061
1085941
1086862
1086952
1087053
1087828
1088445
1089108
1089588
1090183
1090998
1091525
1092374
1093074
1093917
1094506
1095054
1095190
1095677
1095957
1096051
1096700
1097433
1097756
1098312
1098723
1099622
1100128
1100157
1100902
1101788
1101936
1102040
1103022
1103490
1104440
1105075
1105362
1105877
1106479
1107411
1107957
1108285
1108996
1109621
1109829
1110350
1110755
1111617
1112174
1112552
1112593
1113029
1113062
1113342
1113624
1114229
1114591
1115556
1115758
1116062
1116506
1116524
1116869
1117645
1117838
1117939
1118208
1119187
1119811
1120268
1120930
1121126
1121993
1122513
1122985
1123758
1123790
1124596
1125080
1125953
1126336
1127265
1127291
1128068
1128169
1128317
1128588
1128947
1129545
1130465
1131248
1131624
1132216
1132689
1133477
1134033
1135029
1135339
1135970
1136448
1136677
1137150
1138124
1138853
1139628
1139749
1140451
1141410
1141842
1142013
1142184
1142544
1142743
1143045
1143991
1144713
1145346
1146229
1146324
1146797
1147156
1147367
1147780
1147939
1148797
1149720
1150214
1150647
1151469
1152429
1153185
1153815
1153936
1154374
1154456
1155013
1155382
1155920
1156367
1157289
1158184
1158968
1159768
1160106
1160111
1160384
1160450
1160628
1161200
1161941
1162278
1162768
1163134
1163898
1164296
1164595
1165379
1165518
1166075
1166798
1167599
1168485
1168637
1168924
1169533
1170244
1170743
1171691
1172415
1172826
1173375
1173429
1174334
1174362
1175223
1175722
1176345
1176494
1177421
1178066
1178995
1179786
1179854
1180248
1180678
1180961
1181324
1182080
1183048
1183926
1184263
1185237
1185385
1185543
1185883
1186504
1187250
1187845
1187924
1188833
1189470
1190102
1190169
1190534
1191089
1191509
1191596
1191606
1191945
1192394
1192991
1193845
1194165
1194595
1195349
1196101
1196849
1197609
1198347
1198482
1199463
1199887
1199921
1200078
1200641
1200947
1201947
1202583
1203080
1203942
1204068
1204095
1204748
1205654
1206251
1206275
1206656
1207219
1207702
1208508
1209329
1209726
1209798
1210382
1210433
1210871
1211711
1211950
1212530
1212897
1213556
1213830
1214276
1214563
1215424
1215528
1216272
1216389
1216618
1216990
1217123
1217125
1217505
1217940
1218166
1218212
1218220
1219029
1219952
1220168
1221100
1221171
1222121
1222864
1222914
1223856
1224208
1224997
1225307
1225918
1226383
1227327
1227621
1228004
1228674
1229517
1230297
1231048
1231249
1232027
1232654
1233134
1233947
1234251
1235011
1235350
1235411
1236053
1236236
1237060
1237497
1238292
1239263
1240177
1241031
1241157
1241334
1241791
1242602
1243338
1243814
1244082
1244086
1244784
1244864
1245758
1245803
1246750
1246932
1247015
1247091
1247996
1248241
1248362
1248483
1249126
1249938
1250190
1250664
1250937
1251726
1252372
1253261
1253584
1254168
1254823
1255510
1255684
1256542
1257062
1257654
1258222
1258982
1259342
1259670
1259802
1260026
1260542
1261514
1262268
1262687
1263475
1264223
1265143
1265877
1266467
1267037
1267708
1267879
1268394
1268846
1269145
1269976
1270194
1270339
1270918
1271693
1272565
1273019
1273231
1273860
1274843
1275766
1276399
1276835
1277299
1277518
1277683
1278670
1279576
1279882
1280571
1281448
1281597
1282359
1282931
1283226
1283363
1283929
1284189
1284794
1284937
1285614
1286364
1287098
1287919
1288753
1289088
1289305
1290193
1290607
1291385
1292088
1292247
1292987
1293467
1294433
1294513
1295310
1296132
1296508
1297290
1297366
1297920
1298640
1299570
1299875
1300434
1300560
1300785
1301539
1301674
1301839
1302607
1302913
1303905
1304629
1305120
1305193
1306026
1306262
1306997
1307436
1307818
1308804
1308967
1309164
1309627
1309898
1310538
1310693
1310951
1311558
1312272
1312473
1313257
1314056
1314179
1314413
1314677
1314726
1315695
1315924
1316803
1317773
1318748
1319331
1319606
1319977
1320168
1320687
1321534
1322125
1322169
1323041
1323859
1324424
1325034
1325324
1326309
1326769
1326924
1327733
1327805
1327987
1328750
1329596
1329714
1330229
1331097
1331195
1331657
1332015
1332708
1332804
1333329
1334285
1334360
1334871
1335431
1335508
1336351
1337208
1337678
1337739
1338576
1339269
1339542
1340187
1341130
1341465
1341519
1342208
1342347
1342400
1343366
1343751
1344194
1344413
1344757
1344776
1345623
1346166
1346936
1347535
1347962
1348448
1348843
1349309
1350058
1350446
1350494
1351445
1352136
1352988
1353032
1353944
1354223
1354453
1354713
1355201
1355218
1355711
1356664
1357519
1357759
1358628
1359193
1359288
1360024
1360214
1360586
1361215
1361275
1362109
1362912
1363013
1363192
1363226
1363721
1364595
1365321
1365838
1366196
1366436
1366529
1367374
1368082
1368237
1368357
1369344
1369449
1370285
1370859
1370993
1371704
1372683
1372994
1373297
1373642
1374088
1374239
1374681
1374960
1375351
1375789
1375819
1376733
1376812
1377024
1377929
1378903
1379014
1379150
1379459
1379473
1380320
1381117
1381952
1381974
1382240
1383046
1383537
1383779
1384510
1385368
1385502
1386154
1386655
1386764
1387574
1387769
1388553
1388945
1388958
1389268
1390218
1391083
1391658
1392022
1392805
1393391
1394181
1394396
1394728
1395602
1395734
1395964
1396326
1396601
1397388
1397587
1398307
1399077
1399764
1400202
1400259
1401229
1401318
1401996
1402428
1402765
1403552
1403755
1404160
1404682
1405119
1405422
1405896
1405924
1406401
1406730
1407639
1408551
1409015
1409065
1409701
1410651
1411351
1411800
1412021
1412703
1413383
1413880
1414440
1415317
1415390
1415853
1416297
1416526
1417252
1417533
1417560
1417996
1418012
1418056
1418195
1418701
1418910
1419175
1419341
1419855
1420315
1420434
1420452
1421282
1421941
1422503
1422749
1423290
1423649
1424568
1424665
1425030
1425289
1425400
1425706
1426144
1426411
1426857
1427678
1428669
1429612
1430545
1431426
1432395
1432718
1433066
1433112
1433605
1433867
1434373
1434587
1435180
1436118
1436624
1436980
1437767
1438489
1439185
1439617
1440326
1440826
1441503
1442425
1443056
1443263
1443849
1444251
1444508
1444739
1445288
1445467
1445867
1446686
1447281
1447347
1447726
1447962
1448860
1449294
1450167
1450623
1451320
1451528
1452276
1452555
1452606
1453579
1453908
1453909
1454454
1455129
1455302
1455959
1456731
1457021
1457356
1458174
1458662
1459356
1460010
1460334
1461179
1461269
1462003
1462547
1462864
1462941
1463651
1464070
1464690
1465529
1465750
1465937
1466475
1467165
1467895
1468781
1469089
1469767
1470681
1471623
1472020
1472338
1472468
1473176
1473523
1474018
1474559
1474872
1475649
1476337
1476555
1477039
1477783
1478725
1479443
1480214
1480931
1481596
1482262
1482955
1482968
1483427
1483495
1483567
1484198
1484858
1485587
1485711
1486159
1486688
1487506
1487959
1488902
1489130
1489881
1490321
1490966
1491717
1492146
1493007
1493726
1494161
1495119
1495151
1495762
1495905
1496829
1497163
1497310
1497661
1497779
1498331
1499139
1499419
1499657
1499712
1500559
1501030
1501758
1502403
1502596
1502820
1503105
1503770
1504512
1504899
1505843
1506464
1506501
1507412
1507824
1508257
1509255
1509878
1510683
1511462
1512092
1512753
1513256
1513735
1514195
1515073
1515987
1516910
1517580
1518488
1519004
1519901
1519952
1519977
1520247
1520572
1521082
1521783
1522164
1522964
1523057
1523311
1523551
1524100
1524751
1525111
1525338
1525411
1525422
1525809
1526154
1526428
1526596
1526669
1526763
1527424
1528180
1529133
1529231
1529305
1530264
1530269
1530498
1531154
1531156
1531905
1532825
1532979
1533406
1533967
1534215
1535094
1535821
1536071
1537033
1537870
1538797
1539021
1539739
1540152
1540826
1540859
1541853
1542099
1542705
1543402
1544250
1544642
1544817
1545269
1545569
1546413
1546430
1547082
1547595
1547925
1548440
1549198
1549973
1550054
1550843
1551837
1552210
1552343
1552569
1552986
1553276
1553413
1553781
1554052
1554817
1555519
1555644
1555647
1556275
1556389
1557326
1557689
1558068
1558829
1559638
1559678
1560382
1560822
1561414
1561724
1561779
1562298
1562661
1563213
1564013
1564761
1564813
1565309
1565362
1566141
1566190
1566353
1567345
1567351
1567676
1567721
1568045
1568376
1569041
1569572
1569748
1570265
1571206
1571621
1572541
1573383
1573474
1574337
1574406
1574484
1575032
1575795
1576301
1576923
1577325
1578135
1578615
1579316
1580223
1580738
1580895
1581568
1581933
1582294
1582990
1583648
1584451
1584916
1585482
1585642
1586191
1586544
1587324
1587364
1587815
1587909
1588779
1588829
1589265
1589505
1589711
1590132
1590350
1590586
1591239
1591985
1592854
1593733
1593781
1594164
1594652
1594713
1594929
1594981
1595345
1595858
1596853
1597299
1598069
1598406
1598930
1599638
1599991
1600459
1601318
1602258
1602997
1603390
1604026
1604086
1604399
1604945
1605226
1605825
1606450
1607010
1607329
1607490
1607582
1608311
1608922
1609025
1609972
1610336
1610493
1610933
1611369
1612173
1613035
1613461
1613951
1614479
1615229
1615722
1616474
1617189
1617331
1617501
1617564
1617671
1618046
1618081
1618656
1619124
1619956
1620535
1621446
1621777
1622760
1623583
1623863
1624548
1625262
1625281
1625958
1626708
1627487
1627791
1628134
1628987
1629216
1629713
1629805
1629875
1630043
1630891
1631390
1632000
1632861
1633844
1634030
1634799
1634891
1635860
1636247
1636884
1637522
1638471
1639219
1639336
1639922
1640774
1641122
1641767
1642112
1643015
1643785
1644020
1644740
1645358
1645544
1645675
1645968
1646878
1646894
1647392
1647918
1648734
1649700
1650408
1650538
1651056
1651881
1652427
1652827
1653662
1653946
1654578
1654807
1655619
1655829
1656720
1657111
1657668
1658584
1659505
1659913
1660045
1661045
1661099
1661323
1662013
1662029
1662826
1662882
1663018
1663159
1663307
1664217
1664272
1665164
1665455
1665673
1665965
1666713
1667310
1667966
1668231
1668765
1668953
1669725
1669911
1670397
1670402
1671241
1671771
1671873
1672642
1673183
1674045
1674180
1674897
1675298
1675512
1675942
1676713
1677620
1677704
1678527
1678627
1679440
1680224
1680407
1681292
1681675
1681885
1682398
1683360
1684113
1684622
1685147
1685770
1686042
1686729
1687557
1687640
1687763
1687767
1688678
1689353
1690228
1690369
1690906
1690907
1691033
1691638
1691807
1692557
1693184
1693204
1693270
1693723
1694447
1695359
1695362
1695808
1696198
1696455
1696775
1697495
1697797
1698002
1698657
1699078
1699433
1699863
1700285
1700916
1701095
1701387
1701864
1701965
1702339
1702584
1702875
1702985
1703429
1704195
1705089
1705821
1705887
1706349
1707070
1707972
1707989
1708100
1708895
1709819
1710285
1710617
1711069
1711659
1712231
1712659
1713062
1713809
1714707
1715358
1715704
1715882
1716715
1717405
1718354
1718980
1719110
1719752
1720211
1720919
1721684
1722323
1723322
1723389
1723853
1723865
1724263
1724726
1725081
1725670
1726210
1726526
1727526
1728216
1728641
1728965
1729279
1729801
1730124
1730683
1731224
1732159
1732444
1733404
1734155
1734905
1735898
1736206
1737196
1737889
1738510
1739335
1739858
1740465
1740909
1741330
1741543
1741656
1742132
1742163
1742399
1743392
1744320
1745157
1745879
1746631
1746778
1747467
1747977
1748714
1749196
1749913
1750376
1750589
1751103
1751373
1751465
1752108
1752887
1753114
1753318
1754017
1754581
1755334
1755872
1755959
1756499
1757114
1757300
1757429
1758269
1759267
1760209
1760349
1761013
1761577
1762158
1762343
1762628
1763461
1764459
1765187
1765672
1766023
1766647
1767367
1768019
1768769
1769363
1770333
1770549
1770742
1771639
1772577
1773112
1773733
1774398
1775170
1776000
1776431
1777200
1777970
1778744
1779712
1780249
1780898
1781787
1781978
1782927
1783827
1784633
1784689
1784966
1785206
1785320
1785675
1785778
1786308
1786311
1786974
1787602
1788323
1788525
1788829
1789823
1789983
1790944
1791885
1792155
1792593
1792691
1793355
1793525
1793548
1794269
1794626
1795096
1795408
1795420
1795705
1796427
1796877
1797633
1797653
1798496
1799051
1799683
1800550
1801188
1801754
1802485
1802733
1803045
1803828
1804635
1804795
1805690
1806442
1806903
1807410
1807639
1808133
1808644
1809520
1809618
1809923
1810777
1811453
1812445
1813242
1813343
1813623
1814589
1814875
1815087
1815671
1816586
1817270
1817992
1818096
1819024
1819188
1819604
1819828
1820819
1820864
1821607
1821717
1822203
1822358
1822600
1823470
1824094
1824932
1825258
1825768
1826299
1826434
1826661
1826669
1827113
1827660
1828542
1829184
1829385
1830045
1830477
1830635
1830960
1831096
1832081
1832571
1833476
1833719
1833783
1834618
1835108
1835281
1835717
1836562
1836877
1837474
1837864
1838467
1838945
1839487
1840337
1841294
1841470
1842228
1842297
1842601
1842671
1843344
1843781
1844695
1845390
1846131
1846247
1846795
1847262
1848179
1848971
1849840
1849886
1850209
1850692
1851651
1852123
1852214
1852452
1853393
1853802
1854033
1855005
1855821
1856173
1857032
1857747
1857850
1858547
1859154
1859699
1860251
1861155
1861251
1862067
1862929
1863083
1863673
1864633
1864993
1865273
1865996
1866328
1866448
1867181
1867405
1867587
1868572
1868670
1868918
1869341
1869427
1869621
1870176
1870349
1870553
1871170
1871804
1872603
1873128
1873519
1873572
1874534
1875445
1875956
1876319
1876756
1877372
1878104
1878888
1879764
1880600
1881429
1881791
1882477
1882532
1882549
1883377
1883531
1883930
1884248
1884751
1885302
1885506
1886380
1886471
1886572
1886942
1887215
1887588
1888576
1889393
1890295
1890640
1890769
1891018
1891834
1892819
1893812
1894141
1894200
1895020
1895026
1895425
1895628
1895807
1895894
1896840
1897656
1897816
1897911
1898638
1898983
1899785
1900617
1901552
1901653
1902587
1903326
1904014
1904620
1905589
1905826
1905951
1906631
1906710
1906880
1907125
1907516
1908516
1908801
1909059
1909219
1909542
1910469
1911433
1912173
1912230
1913084
1913376
1913780
1914458
1914583
1915361
1915604
1916026
1916561
1916743
1917045
1917919
1918512
1919463
1919774
1919823
1920285
1921259
1921385
1921588
1922541
1922871
1922885
1922954
1922964
1923367
1923574
1923684
1924516
1925326
1925898
1926743
1927636
1928146
1928944
1929686
1930027
1930051
1930488
1931374
1932350
1933278
1933454
1933622
1934073
1934802
1935510
1936138
1937094
1937326
1937908
1938310
1938633
1939507
1939964
1939965
1940067
1940135
1940360
1940492
1941397
1941490
1942034
1942911
1943294
1943648
1943849
1944683
1945065
1945712
1946490
1947306
1948059
1948708
1949374
1949796
1950012
1950557
1950560
1951066
1951700
1951784
1952431
1952483
1953371
1954260
1954956
1955905
1956513
1956556
1956839
1957110
1957621
1958192
1958248
1959077
1959086
1959694
1960492
1960756
1960923
1961801
1962478
1963282
1963428
1964250
1964299
1965034
1965461
1966341
1966439
1967382
1967519
1968285
1969168
1969913
1970477
1970841
1971282
1971853
1971960
1972438
1973248
1973861
1974167
1975017
1975868
1976493
1976561
1977072
1977848
1978057
1978232
1978898
1979200
1980049
1980977
1981223
1981234
1981306
1982288
1982937
1983316
1983490
1983772
1984500
1985376
1985518
1985794
1986638
1986760
1987016
1987843
1988144
1988440
1988628
1989165
1990152
1990819
1991699
1992577
1992602
1992694
1993552
1994037
1994576
1995498
1995899
1996791
1996910
1997718
1998241
1998735
1999466
1999664
2000188
2000480
2000600
2001381
2001394
2001685
2001748
2002589
2002976
2003473
2003984
2004467
2005020
2005848
2005876
2006875
2007546
2008181
2008750
2009557
2010232
2010604
2011045
2012045
2012676
2013414
2013773
2014228
2014608
2015387
2015570
2015696
2015858
2016085
2016614
2016849
2017292
2018176
2018275
2018465
2019243
2019877
2019904
2020258
2020305
2020497
2020718
2021471
2022282
2023057
2024037
2024605
2024766
2025245
2025790
2026268
2026478
2026634
2027265
2027825
2028698
2029093
2029629
2030585
2030822
2031631
2032193
2033010
2033946
2034759
2034890
2035038
2035692
2036352
2036536
2037268
2037405
2038137
2038914
2038915
2039866
2040449
2041317
2041802
2042764
2043565
2043769
2044745
2045253
2045630
2045908
2046354
2046449
2046961
2047194
2047927
2047958
2048334
2049124
2050089
2050819
2051382
2052287
2053285
2053504
2053577
2054117
2054352
2054676
2054889
2055475
2056442
2056956
2057903
2058529
2058898
2059238
2060092
2060374
2060418
2061259
2061282
2061461
2061617
2062466
2062802
2063469
2064417
2064856
2065195
2065779
2066696
2067162
2067229
2067609
2068540
2069481
2069529
2070320
2070945
2071848
2072081
2072928
2073833
2074277
2074787
2075399
2076167
2076701
2077004
2077101
2078060
2078691
2079064
2079645
2079983
2080222
2080872
2080910
2081835
2082147
2083089
2083796
2084756
2085647
2085741
2086735
2086988
2087592
2088131
2088823
2089539
2089608
2089845
2090099
2090738
2091542
2091560
2092385
2092425
2093377
2093612
2093788
2094316
2094812
2094876
2095367
2096047
2096694
2097200
2098052
2098987
2099037
2099392
2099549
2099565
2099599
2099697
2100553
2100961
2101269
2102196
2102469
2103271
2104015
2104387
2105229
2105624
2105957
2106396
2107356
2108256
2108959
2109893
2110447
2110903
2111187
2112168
2112484
2112907
2113570
2113959
2114037
2114798
2115619
2116246
2116827
2116900
2117800
2118542
2118682
2119318
2120057
2120237
2120865
2121364
2121752
2121831
2122756
2123754
2124278
2124420
2125162
2125673
2126369
2127105
2128016
2128500
2128567
2129503
2130161
2130201
2130638
2131091
2132068
2132831
2133615
2133686
2134473
2135009
2135671
2136226
2136754
2137560
2138330
2138638
2138907
2139497
2140491
2140842
2141159
2141326
2141835
2141981
2142143
2142350
2142534
2142689
2143266
2143687
2144601
2145381
2145970
2146741
2146749
2147733
2148309
2148400
2149397
2149847
2150734
2151405
2151529
2152457
2152548
2152550
2153292
2153559
2153972
2154835
2155503
2156325
2156727
2157007
2157529
2157795
2157947
2158421
2158834
2159300
2160216
2160862
2161839
2162812
2163407
2163669
2164370
2164700
2165269
2165428
2166158
2166184
2166576
2166742
2167469
2168419
2169398
2169561
2169808
2170804
2171589
2171642
2171900
2172709
2172895
2172901
2173547
2173652
2174369
2175187
2176052
2176220
2176549
2176644
2177247
2178027
2178496
2178786
2179252
2179852
2180170
2180180
2180644
2180840
2181233
2181876
2182398
2182799
2183341
2183853
2184104
2184543
2184883
2185070
2185341
2186190
2186935
2187839
2188015
2188443
2188689
2189534
2190228
2190322
2190639
2191484
2191742
2191958
2192702
2193032
2193066
2193095
2193362
2194355
2195149
2195232
2195840
2196150
2196996
2197275
2197982
2198867
2199583
2200373
2200564
2200780
2201416
2201419
2202140
2202621
2203172
2203690
2204356
2204761
2205074
2205893
2206559
2207059
2207668
2207999
2208174
2208507
2208645
2208947
2209812
2210155
2210297
2210508
2210879
2211666
2211716
2212365
2212647
2212869
2213074
2213211
2213761
2213922
2214583
2214920
2215766
2216053
2216784
2217621
2218590
2219253
2220236
2220479
2221100
2221297
2221464
2222199
2222445
2222965
2223334
2223714
2223793
2224783
2225058
2225478
2226079
2226570
2227554
2228116
2228548
2228589
2228713
2229107
2229615
2230421
2230980
2231311
2232180
2232700
2232704
2233553
2233993
2234660
2235092
2235726
2235798
2236222
2237158
2237522
2238466
2239295
2239960
2240104
2240671
2240887
2241666
2241864
2241939
2241945
2241979
2242036
2242682
2243065
2243749
2244001
2244271
2244590
2245582
2246089
2246715
2247422
2247442
2247804
2247912
2248270
2248834
2249264
2249385
2249804
2250677
2251031
2251402
2252072
2253067
2253789
2254009
2254474
2254657
2255461
2255504
2256433
2257298
2257842
2258675
2259008
2259896
2260346
2261090
2261390
2262357
2263249
2263941
2264722
2265073
2265350
2265905
2266138
2266541
2266929
2267917
2268065
2268120
2268605
2269243
2269610
2270285
2270926
2271025
2271640
2272437
2273017
2273475
2273998
2274812
2275163
2276016
2276411
2276843
2277091
2277259
2277561
2277818
2278641
2279600
2279628
2279780
2279840
2280028
2280877
2281276
2281826
2282037
2282459
2283004
2283377
2283864
2284355
2284862
2285240
2285397
2285451
2285803
2286417
2286959
2287306
2288115
2288364
2288385
2289214
2289558
2290461
2291114
2291859
2292663
2293215
2293684
2294183
2294887
2294904
2295883
2296559
2296752
2297326
2297741
2298486
2299297
2300004
2300182
2300498
2300771
2301400
2301666
2302110
2302616
2302849
2303798
2304588
2305087
2305331
2305953
2306422
2307420
2308199
2308843
2309686
2310221
2310617
2311186
2311440
2311735
2311909
2311967
2312176
2312594
2313418
2313865
2314418
2315149
2315854
2315982
2316004
2316356
2317036
2317100
2317625
2317751
2318341
2318888
2318995
2319481
2320093
2320181
2320331
2321195
2322170
2323045
2323117
2323907
2324478
2325123
2325551
2326433
2327422
2327596
2328243
2329075
2329800
2330169
2330665
2330859
2331021
2331616
2332508
2332814
2333009
2333646
2334259
2334993
2335205
2335887
2336556
2337497
2337630
2338456
2338864
2339737
2340649
2341278
2341652
2342313
2342988
2343744
2344481
2344803
2344828
2345308
2345391
2346216
2346708
2347671
2347874
2348826
2349116
2349557
2349852
2350330
2351024
2351185
2351582
2352332
2352900
2352942
2353511
2354041
2354107
2354462
2354589
2355213
2355970
2356421
2356788
2357206
2357435
2357618
2357944
2358749
2359208
2359374
2359723
2360149
2360806
2361482
2362172
2362768
2363130
2363884
2364560
2365389
2366281
2366302
2366576
2367436
2368037
2368200
2368364
2368993
2369112
2369835
2369900
2370525
2371359
2371611
2371750
2372104
2372932
2373790
2374439
2374627
2375600
2375961
2376774
2377436
2377749
2378623
2379438
2379687
2380086
2380189
2381155
2381627
2382476
2382843
2383475
2383706
2383707
2384430
2384965
2385261
2386219
2386731
2387401
2388161
2389112
2390050
2391045
2391489
2392108
2392861
2392977
2393607
2393791
2394237
2394943
2395590
2396286
2396898
2396966
2397792
2398465
2398866
2399096
2399931
2400298
2401041
2401310
2401833
2402520
2403143
2403362
2403757
2404561
2405249
2405565
2406172
2406924
2407221
2407863
2408308
2408313
2409074
2409714
2410039
2410835
2411112
2412080
2412460
2413053
2413083
2413860
2414153
2414959
2415506
2415878
2416710
2417317
2417640
2417738
2417986
2418728
2419024
2419940
2420065
2420618
2421141
2421449
2422164
2422572
2423124
2423560
2423781
2424697
2424846
2424912
2425730
2426516
2426605
2426758
2427062
2427775
2427965
2428944
2429512
2429883
2430011
2430387
2431314
2432007
2432419
2432724
2432924
2433650
2433753
2434485
2434792
2434884
2435058
2435649
2436430
2437040
2437766
2438136
2438642
2439179
2439240
2439892
2440742
2441147
2441769
2442201
2443094
2443427
2443839
2444384
2445250
2445638
2446476
2447263
2448200
2449141
2450053
2450240
2450305
2450556
2450583
2451252
2451515
2452150
2452525
2452760
2453285
2453969
2454053
2454665
2455413
2455826
2456207
2456417
2456497
2457296
2457574
2458549
2459506
2459839
2459849
2460298
2460826
2461775
2462405
2463333
2463388
2464288
2464377
2465319
2466226
2466447
2466772
2466925
2467562
2467774
2468332
2468483
2469103
2469115
2469268
2470225
2471007
2471830
2472493
2473415
2473607
2473812
2474047
2474259
2475214
2475519
2475920
2476780
2477355
2477765
2478631
2479338
2479827
2479995
2480487
2480909
2481092
2481471
2481747
2482316
2482376
2482965
2483398
2484261
2484413
2484693
2485192
2485647
2486372
2486972
2487089
2487369
2487694
2488255
2488643
2489043
2489795
2489868
2490838
2491185
2491646
2492606
2493473
2493829
2494670
2495654
2496486
2497343
2498141
2498697
2499002
2499554
2500125
2500962
2501054
2501520
2502120
2502854
2503442
2504217
2504825
2505702
2506548
2506805
2507523
2507686
2507941
2508914
2509010
2509933
2510406
2510563
2511445
2511497
