La primera linea indica la cantidad de minutos a considerar (n). Luego vienen n lineas que corresponden a los x_i, y luego los n valores que corresponden a la funcion f(.):
6000
285
551
321
584
299
917
442
684
916
91
777
854
470
736
278
939
445
713
325
509
538
966
438
598
35
244
905
933
846
665
156
795
75
544
161
626
297
450
187
174
277
366
914
451
964
847
863
237
169
319
972
405
526
954
612
615
939
855
919
616
193
588
659
920
794
102
935
864
934
263
776
364
181
855
98
497
28
356
443
992
281
29
377
836
165
312
665
620
210
605
107
252
458
672
67
674
639
953
57
898
224
616
329
130
380
585
776
81
535
782
955
415
106
751
348
354
106
930
76
23
512
803
80
414
85
141
298
664
271
788
678
223
350
795
677
400
482
22
832
50
998
484
800
996
196
916
492
70
391
713
212
98
204
847
345
69
538
269
859
948
863
296
265
548
405
740
644
240
732
942
495
234
132
11
970
77
180
440
148
492
690
464
530
132
701
380
668
426
301
598
711
811
998
596
514
80
851
408
793
574
527
927
534
643
673
814
610
43
288
760
861
152
776
680
373
859
700
656
786
676
523
772
563
505
8
463
371
199
717
694
45
978
696
449
717
679
534
977
557
212
126
541
537
117
98
643
971
353
852
320
963
293
160
820
656
957
219
193
210
587
623
713
568
286
63
587
313
511
207
871
149
888
496
596
888
891
429
497
388
359
693
460
950
257
626
630
344
484
499
223
194
706
888
205
143
432
369
943
354
40
514
919
708
811
639
520
11
411
190
897
680
865
84
790
635
499
767
641
749
495
583
973
780
898
440
804
505
564
549
589
234
965
234
373
452
246
278
20
460
659
180
438
626
27
717
627
407
233
594
342
369
954
903
511
719
203
566
289
593
907
530
184
863
950
436
433
538
558
546
981
74
401
419
65
811
679
519
11
458
59
455
629
587
621
682
870
803
424
235
98
255
810
507
29
151
903
635
656
275
491
488
102
932
22
738
930
222
75
143
40
779
358
275
858
659
932
238
759
225
163
9
557
479
805
820
469
514
111
396
343
845
29
183
51
899
372
650
606
625
868
6
669
944
981
204
835
384
725
367
286
408
420
397
384
562
584
55
419
672
221
965
172
745
384
485
586
327
328
854
192
817
699
205
192
866
383
419
731
322
855
838
325
87
384
165
200
571
40
307
451
217
961
965
801
928
162
350
567
251
42
736
236
627
945
657
103
213
412
780
383
426
934
818
300
729
88
270
821
405
71
139
453
128
594
97
935
491
83
519
766
953
488
150
229
632
693
382
268
400
824
721
623
574
51
252
523
873
854
100
240
654
404
320
336
997
450
624
439
627
148
36
695
918
736
339
633
878
588
391
211
52
444
727
471
219
376
9
562
547
711
467
252
725
2
597
896
459
904
512
650
185
106
717
556
514
914
243
718
179
367
306
375
148
961
466
752
2
634
162
544
257
845
510
660
716
54
940
400
821
715
119
21
71
631
702
987
444
499
913
942
400
960
171
849
52
613
93
431
387
574
850
569
139
699
824
221
277
519
274
509
723
911
57
589
213
459
114
670
399
801
364
650
608
839
194
516
534
827
179
300
504
466
595
780
962
595
898
17
477
613
109
571
419
299
433
987
330
22
742
916
265
999
47
759
112
158
715
362
326
214
475
610
97
781
976
411
214
468
617
342
146
286
348
498
948
323
214
703
855
817
408
674
310
314
549
634
27
232
651
191
37
899
192
435
674
315
66
920
428
733
225
844
636
550
805
796
593
994
363
573
973
981
386
172
787
306
83
113
427
702
373
158
835
486
797
708
560
868
672
547
222
229
786
122
121
248
703
401
330
57
629
176
809
171
493
722
819
172
426
277
679
827
886
361
35
21
431
518
446
546
486
24
696
722
967
764
320
255
420
87
43
321
633
415
903
990
568
203
812
39
997
669
29
383
967
534
425
334
525
776
28
469
740
676
123
522
482
25
110
656
542
389
610
941
225
784
992
976
466
185
348
638
780
999
567
151
702
531
286
910
367
209
219
724
48
580
24
634
249
174
419
853
409
393
257
688
897
518
610
211
847
562
1000
418
739
181
482
697
804
243
160
605
149
761
585
509
435
687
232
709
286
30
409
836
249
149
574
790
233
455
861
949
571
637
613
269
501
86
550
936
754
423
527
410
46
524
688
549
680
317
381
359
801
524
593
973
962
712
805
221
300
843
119
166
772
702
469
489
434
949
611
915
233
888
866
440
641
788
915
395
76
551
126
417
906
62
173
305
506
848
898
820
582
229
962
229
936
101
357
498
625
626
610
625
532
8
484
65
32
166
197
717
307
537
565
881
446
131
189
573
790
404
884
527
996
647
728
444
128
236
850
549
975
298
891
410
712
327
884
434
665
236
179
116
784
267
446
887
129
58
278
490
42
506
900
652
64
601
343
531
833
463
814
161
598
633
1000
295
949
745
305
540
158
70
477
781
135
626
983
472
515
11
797
435
357
873
205
139
251
527
501
97
231
430
433
658
532
113
238
637
216
254
373
808
454
633
455
821
984
551
301
855
85
363
466
744
648
954
977
622
196
640
68
165
168
232
867
742
924
58
887
717
623
158
50
823
740
470
856
691
484
940
868
30
359
615
218
158
735
327
834
942
8
238
524
458
644
77
410
757
620
667
634
366
875
775
579
526
760
619
13
525
215
72
325
885
703
322
59
836
627
833
53
290
436
758
637
570
131
180
803
727
137
128
957
865
814
858
515
881
353
123
852
58
626
242
261
295
76
736
442
572
43
634
331
744
856
963
495
499
404
747
376
690
264
357
300
761
329
330
450
734
271
315
669
5
192
222
262
378
357
288
753
558
304
466
289
183
82
80
204
914
258
552
621
130
252
759
130
202
228
166
529
757
423
269
496
712
718
850
405
36
43
509
265
692
352
781
211
889
959
350
199
754
708
975
171
139
800
21
678
201
992
356
789
952
462
352
463
795
995
427
572
310
487
223
761
511
653
218
749
531
516
461
220
853
830
286
190
942
79
581
900
291
190
760
804
399
249
263
35
718
949
729
635
36
52
72
776
267
184
164
721
812
384
483
78
220
944
672
12
179
879
448
637
724
361
527
754
492
87
590
824
900
786
8
934
174
340
130
826
18
654
891
388
497
939
897
669
736
790
17
459
482
361
330
897
805
17
786
946
333
129
16
504
172
176
646
609
400
922
577
409
15
623
791
491
592
757
886
816
319
631
67
418
233
165
587
153
803
74
528
974
796
400
180
161
697
939
874
142
32
670
115
9
212
642
687
68
664
228
671
887
791
280
125
30
984
95
88
47
504
317
624
223
758
289
788
93
326
153
102
309
949
521
764
359
450
445
765
987
504
900
961
192
990
981
347
420
659
28
656
196
699
478
943
338
956
970
726
351
599
482
439
94
741
241
757
193
73
629
499
587
767
276
221
128
101
890
963
412
261
597
45
24
520
25
832
414
997
861
510
614
36
994
161
586
169
746
13
665
798
337
2
487
12
98
365
363
526
898
652
679
575
502
781
369
166
748
985
441
947
52
807
529
959
560
14
924
992
626
368
821
735
462
396
741
100
653
954
49
797
542
286
188
463
194
834
143
191
128
416
717
280
397
884
839
111
421
571
105
742
123
626
584
904
940
229
369
878
960
226
822
436
713
603
148
160
833
728
498
418
67
187
97
174
535
315
191
308
892
551
589
165
26
68
527
601
256
333
210
790
128
853
693
542
26
157
40
978
165
469
449
271
492
651
748
302
974
163
284
788
330
140
103
481
982
256
28
728
146
473
611
611
255
530
111
559
911
659
211
262
460
410
578
797
710
524
355
681
879
926
675
419
48
256
92
374
527
330
629
273
353
282
742
742
443
208
393
387
280
99
545
248
459
821
791
541
467
486
650
144
723
37
324
594
62
687
87
710
731
666
111
600
608
30
540
587
760
912
778
98
551
490
825
95
131
480
270
678
672
367
291
705
103
836
821
258
167
182
529
292
559
639
122
461
625
387
526
811
362
242
130
793
785
930
129
45
691
806
177
288
893
673
397
154
911
288
170
208
571
369
968
389
134
612
987
635
566
890
620
151
37
531
480
852
107
135
314
643
352
43
170
513
356
47
22
292
18
184
388
116
199
384
84
31
927
714
666
983
555
698
119
258
954
90
665
335
775
799
386
537
571
211
11
939
173
676
473
528
935
235
342
520
590
764
881
157
920
745
107
603
210
169
423
670
703
760
656
256
335
442
588
961
843
969
645
939
110
169
263
763
379
249
301
492
800
790
715
844
453
815
43
57
536
548
241
457
249
631
164
654
535
130
331
521
693
444
331
734
90
14
528
706
270
291
918
853
698
394
525
32
911
237
419
644
218
101
460
259
343
473
861
710
836
342
66
702
951
356
128
195
395
6
639
113
53
959
123
819
937
432
830
745
140
498
381
205
230
162
37
965
825
839
600
170
861
76
572
160
678
854
138
236
644
416
140
871
919
433
928
895
322
695
297
29
847
672
953
136
141
695
612
949
699
744
610
184
10
354
18
617
584
923
324
213
999
552
756
565
888
67
586
493
73
153
518
632
693
557
379
764
201
244
8
781
850
528
351
927
920
853
608
946
94
320
342
728
594
246
455
954
610
321
466
804
881
857
462
795
208
1
501
7
583
402
349
544
994
112
316
611
283
850
717
473
822
146
243
910
904
149
589
986
585
554
472
943
588
595
805
252
470
492
355
921
600
105
26
983
236
268
414
535
794
240
961
247
485
503
213
153
112
921
284
43
406
890
330
386
264
908
799
94
778
915
378
687
704
643
274
531
607
472
974
804
407
967
390
781
744
374
254
631
128
382
693
145
243
979
135
220
468
408
114
636
773
430
410
724
961
871
695
556
32
344
743
862
938
259
467
124
477
875
311
874
745
93
546
561
826
688
21
209
272
125
996
59
103
443
952
259
3
833
860
565
514
183
317
45
735
684
910
791
419
80
145
327
55
157
347
396
947
284
347
303
115
391
168
969
177
380
227
277
159
753
105
232
316
265
482
950
815
126
328
945
965
31
265
339
910
381
635
234
374
576
56
480
496
17
61
37
783
144
677
44
723
918
197
288
766
207
166
631
798
664
586
137
375
88
809
578
183
684
83
22
978
645
379
38
414
875
856
893
455
333
282
923
16
180
560
947
148
429
590
284
425
96
473
845
354
442
96
655
522
586
438
854
182
479
20
790
543
145
110
349
627
58
752
524
425
733
720
303
621
643
252
798
248
391
453
348
312
182
252
646
611
33
840
17
199
611
307
491
389
747
856
685
349
671
74
62
895
79
74
647
42
837
215
745
336
229
81
962
660
733
956
699
977
783
648
446
882
502
101
577
472
313
309
332
262
801
28
921
676
1000
78
227
385
892
915
455
755
202
534
894
367
996
936
369
206
85
928
830
864
559
878
924
781
4
552
670
102
863
737
609
895
316
706
132
897
967
270
197
430
873
744
495
721
998
457
883
953
384
80
826
535
529
196
688
931
627
937
925
393
823
314
263
820
272
551
441
555
854
355
671
737
700
43
456
651
855
350
491
403
370
488
96
790
257
391
917
185
603
442
49
588
155
927
122
935
18
395
363
174
895
272
579
966
854
543
96
341
788
558
979
787
966
861
270
589
359
418
463
742
409
160
771
763
523
488
459
496
254
706
480
360
792
950
835
52
447
814
34
119
566
484
257
150
530
278
834
66
483
860
831
345
515
236
232
296
824
860
363
229
52
226
486
165
423
236
621
924
844
931
974
469
93
59
369
700
775
594
412
510
850
590
452
487
62
375
213
145
459
787
698
772
883
422
71
98
786
695
669
628
510
566
182
606
587
226
91
344
923
362
28
414
511
890
943
795
842
943
468
773
240
629
406
865
523
43
64
887
810
534
728
437
86
371
602
58
148
344
583
113
655
362
343
902
825
714
79
522
547
642
68
487
570
493
374
546
20
165
4
256
340
114
672
880
218
404
390
822
923
64
954
94
106
17
652
777
966
258
710
129
185
279
579
317
205
806
586
840
20
483
19
835
539
625
26
153
378
164
123
272
52
949
734
112
908
896
898
780
566
479
581
295
946
368
321
510
705
821
888
784
699
246
931
610
475
373
149
669
785
188
586
703
493
309
205
961
560
713
33
349
715
848
301
647
593
489
520
749
668
51
881
650
753
513
359
557
394
743
280
342
71
720
836
462
273
495
481
598
834
309
149
116
996
608
676
854
776
479
51
322
165
339
224
938
899
264
412
893
246
885
757
98
81
59
679
437
725
706
388
648
810
494
483
868
647
410
379
192
246
284
191
716
339
286
426
391
23
566
926
476
514
769
283
408
525
245
730
348
629
825
836
429
270
700
370
882
274
657
301
979
156
923
160
359
324
352
487
960
413
216
188
360
217
16
824
121
165
490
206
955
326
165
255
616
710
92
655
282
675
860
63
372
841
443
542
233
9
575
356
212
12
533
957
431
804
222
857
249
707
440
910
509
921
167
988
932
28
930
577
213
748
539
447
747
952
600
58
393
939
84
617
857
976
965
75
535
112
386
948
69
781
206
620
594
450
493
841
879
840
551
945
661
644
324
353
928
460
537
414
70
502
117
894
666
434
174
834
261
655
433
858
489
487
19
82
627
827
562
600
3
717
308
481
43
399
502
133
867
284
787
999
273
497
151
690
769
994
362
13
244
888
998
376
544
34
185
136
689
138
827
933
457
718
525
210
80
38
477
584
386
303
629
20
408
423
994
328
760
398
658
296
281
708
892
709
776
583
416
261
184
2
464
671
424
51
342
333
209
793
807
566
922
686
612
877
988
462
913
974
893
858
539
470
169
690
828
536
329
241
44
218
383
821
211
729
411
386
293
906
198
588
75
61
262
73
17
946
934
589
394
940
944
132
388
988
601
510
43
253
675
573
661
382
562
140
20
398
623
202
740
906
48
449
890
876
400
137
281
860
459
16
131
54
650
604
778
5
193
18
302
811
254
448
808
668
11
546
929
377
870
787
978
81
502
734
866
942
42
556
400
474
688
964
537
922
741
918
443
348
820
812
619
369
1
428
175
590
388
622
789
553
471
443
900
556
541
655
100
19
667
514
625
690
410
843
820
671
187
533
971
192
849
93
839
760
851
666
269
18
167
875
113
843
602
696
985
962
711
38
879
617
870
900
448
824
348
345
172
929
650
763
145
560
575
533
151
250
95
238
742
626
321
963
208
361
391
757
343
387
192
261
729
92
734
610
388
283
133
243
916
191
652
15
10
347
833
251
519
583
427
212
685
673
769
324
276
331
908
722
974
341
768
764
264
534
846
736
298
125
659
396
770
535
325
70
209
417
749
247
794
587
773
791
914
44
709
935
400
764
63
808
383
664
775
579
740
728
14
822
388
150
494
708
161
336
495
958
231
410
93
297
581
707
768
734
353
111
972
787
279
130
913
246
607
932
656
301
565
792
95
39
936
49
188
123
15
293
52
358
374
973
675
11
275
96
761
697
992
880
484
596
555
209
509
946
845
988
95
219
809
719
234
390
277
625
342
794
312
82
414
109
938
623
695
682
921
971
768
186
114
961
587
548
631
449
415
862
54
327
482
94
101
553
140
283
547
464
958
617
944
893
656
209
807
40
531
713
150
183
61
906
476
56
632
718
223
242
754
430
126
96
204
363
822
870
713
401
756
981
150
69
769
423
510
930
653
920
546
402
412
520
23
14
229
124
466
424
1
406
447
80
437
165
776
216
873
626
332
871
946
578
698
514
955
408
89
648
739
1000
834
948
460
415
575
589
512
245
776
610
456
893
553
955
268
342
81
387
87
988
510
358
214
642
433
106
41
181
530
653
706
306
694
309
351
404
772
813
950
947
63
773
7
920
517
259
264
423
473
746
660
786
748
358
616
565
656
412
531
698
74
274
625
411
243
276
541
270
326
640
883
572
854
50
598
912
39
195
233
620
678
612
138
173
644
480
798
92
870
56
729
268
788
856
253
824
211
73
321
697
405
534
823
148
586
233
132
938
116
809
672
448
487
88
386
215
240
991
462
14
359
957
524
26
905
485
275
435
394
886
928
842
221
20
916
760
7
931
344
510
298
260
672
713
70
47
991
232
479
61
542
342
151
385
67
923
521
710
44
760
393
383
704
339
480
713
187
505
812
559
532
608
511
557
429
373
241
177
748
843
509
457
134
662
53
349
406
375
99
211
989
985
857
49
903
906
618
565
662
859
785
252
596
614
501
840
936
537
150
257
738
142
658
551
667
504
310
32
259
671
643
628
470
73
289
179
454
639
290
790
824
16
825
167
629
475
478
734
235
247
545
100
666
379
285
439
909
519
461
880
806
247
62
912
347
607
321
376
865
93
123
581
350
379
245
647
511
256
115
226
748
985
864
187
411
905
682
321
167
515
904
162
751
397
850
769
925
932
701
768
594
421
328
572
288
757
715
632
429
655
195
853
742
694
950
201
61
674
314
544
48
984
608
613
367
857
665
165
63
40
247
109
267
431
204
937
132
952
95
877
878
590
174
593
25
977
252
205
362
713
902
967
551
117
105
299
576
369
797
991
480
914
263
182
487
736
247
71
993
699
962
575
655
63
680
64
706
815
400
127
635
470
304
934
836
916
415
991
492
739
8
327
216
600
423
612
770
423
569
882
956
567
983
739
933
862
29
601
919
240
751
850
38
786
440
186
383
380
322
482
878
250
2
701
933
242
239
138
486
842
50
278
232
721
238
744
9
595
484
582
221
348
342
843
137
13
220
712
97
798
156
126
345
756
346
84
114
976
256
597
807
380
450
714
661
44
279
580
245
288
395
610
770
659
819
75
76
955
867
284
582
991
801
461
919
89
411
236
514
162
681
378
677
595
126
794
888
836
436
879
110
843
278
242
967
805
519
315
525
882
24
358
845
354
297
937
525
324
99
282
688
324
716
586
98
523
883
313
694
577
760
470
93
811
63
101
661
861
814
14
976
186
901
113
691
9
576
16
71
220
763
154
695
764
431
767
439
431
538
366
520
915
632
719
505
773
540
675
444
930
683
68
209
56
206
457
189
402
414
543
579
843
117
405
519
602
592
768
379
41
230
896
164
103
659
325
414
845
814
825
374
418
351
791
253
886
752
563
338
478
226
151
588
676
322
743
510
865
519
685
473
996
833
962
794
266
898
307
851
526
450
549
635
287
939
14
9
154
989
964
288
195
441
331
335
82
108
981
202
990
871
484
775
612
56
814
809
863
652
103
906
986
440
280
333
88
637
408
107
157
705
526
238
541
584
832
811
349
704
600
478
504
53
907
285
469
666
722
352
720
999
460
740
292
250
826
882
787
130
552
218
181
773
191
863
728
59
882
698
578
652
199
169
425
133
721
430
456
38
888
967
515
277
449
317
585
130
193
82
331
283
124
856
292
826
540
824
164
342
815
780
752
773
672
716
971
598
559
432
76
962
302
373
959
854
73
691
870
844
738
191
487
586
668
920
116
859
428
501
204
652
386
870
768
206
311
50
862
141
754
26
178
886
255
620
600
154
559
47
468
818
359
553
137
928
298
236
817
638
173
169
751
876
183
892
948
60
538
57
641
764
1000
358
506
756
744
886
112
261
571
936
380
729
705
900
549
485
898
721
834
38
488
725
920
825
926
359
662
539
966
539
467
451
932
212
555
73
357
794
867
661
477
555
767
36
362
454
624
492
722
413
524
97
896
254
532
656
214
884
883
74
843
864
920
239
665
896
392
763
193
653
617
237
547
164
471
380
829
472
291
181
640
786
260
713
167
814
174
317
447
256
195
374
496
410
972
393
350
710
579
231
160
947
355
973
655
614
485
479
471
98
725
186
279
538
500
764
555
495
882
103
182
111
129
495
914
153
619
758
861
535
144
392
865
963
882
457
848
947
376
314
68
223
518
989
999
491
306
984
317
909
851
196
280
493
387
588
718
637
730
513
420
465
119
471
514
702
220
958
22
624
547
222
403
204
135
365
231
873
985
13
927
403
319
849
872
707
115
182
368
218
906
409
728
19
152
272
582
311
781
887
18
607
284
370
51
475
203
729
614
149
438
919
648
700
528
119
123
338
812
275
77
565
912
273
620
681
388
503
780
387
647
703
731
802
298
577
405
262
728
919
472
635
486
805
944
406
286
111
228
474
744
508
759
547
36
203
163
16
921
734
978
907
517
565
162
524
220
270
826
229
626
608
202
420
973
447
1000
693
893
554
755
624
380
738
626
373
526
18
554
888
709
720
491
382
536
910
676
44
800
334
40
622
756
189
768
70
550
76
284
994
212
154
394
536
739
258
696
410
472
817
606
957
962
891
563
568
463
135
572
346
351
669
208
849
756
488
795
956
520
26
181
938
644
290
203
357
863
991
472
539
430
891
294
311
793
375
596
272
75
610
155
417
36
773
507
731
117
675
163
130
953
622
140
683
818
61
774
239
368
113
731
188
997
489
310
49
637
922
812
145
437
755
98
138
668
817
612
90
1000
210
914
863
136
1000
289
665
494
590
92
988
377
227
796
446
553
230
576
315
27
374
878
261
619
660
290
681
504
924
102
831
576
572
422
434
311
277
317
952
22
580
624
303
965
907
840
836
915
125
123
114
922
672
832
711
825
375
53
703
796
58
977
103
972
450
812
539
892
69
383
410
984
191
953
968
820
411
574
334
874
377
376
709
923
226
883
753
347
632
490
195
820
667
847
277
297
734
783
594
928
123
340
126
336
602
967
401
417
71
917
248
801
806
942
384
698
846
866
341
917
864
383
660
183
214
595
437
217
686
582
633
215
866
999
533
469
616
447
475
436
34
181
553
989
423
66
77
613
523
857
824
268
115
93
941
361
724
827
786
228
541
873
551
347
751
749
435
775
81
585
281
232
934
313
470
580
865
272
466
558
113
186
417
913
214
947
371
879
264
451
49
165
52
203
33
707
942
661
122
235
264
954
862
996
877
610
696
496
799
650
929
709
228
713
396
165
552
389
40
883
800
447
78
396
537
244
155
467
513
242
219
27
101
381
517
972
381
250
680
771
596
626
14
922
615
730
22
663
1
377
819
276
151
618
796
185
186
375
970
882
959
950
972
211
683
865
821
41
760
163
812
256
210
905
756
874
660
182
231
846
374
474
862
483
412
105
945
83
856
306
763
222
356
265
18
410
831
943
442
942
110
485
730
144
213
570
365
622
843
637
492
772
346
859
169
582
909
122
227
543
526
620
354
4
793
374
456
138
248
978
33
484
450
913
514
95
298
357
904
477
296
889
291
992
899
35
124
899
453
899
540
842
100
363
829
781
84
267
322
490
692
946
372
318
206
601
7
773
280
29
305
652
15
305
737
253
162
513
293
566
215
950
554
7
152
748
649
959
258
358
814
978
745
927
982
504
633
578
400
192
323
120
621
447
810
532
687
621
197
494
712
329
839
753
230
131
148
995
445
109
307
320
187
360
625
255
172
709
781
258
646
140
529
938
492
816
393
186
301
416
588
752
289
404
950
954
692
319
704
436
344
195
272
695
520
52
98
731
369
403
875
875
368
256
526
116
466
352
835
750
150
455
144
649
414
108
986
555
448
786
484
391
884
31
209
745
8
404
733
925
603
798
436
550
615
962
438
799
728
240
52
489
913
971
14
720
736
30
983
702
394
20
69
973
801
566
863
592
300
378
269
102
837
581
684
136
868
739
796
274
350
94
108
427
822
303
832
130
6
708
356
399
716
256
215
529
698
636
244
632
347
791
614
306
363
85
61
302
626
535
290
983
465
212
546
958
631
266
939
312
420
314
312
358
342
629
661
25
808
51
611
493
200
195
641
826
107
948
731
345
577
831
161
795
570
950
198
219
538
944
120
781
734
58
156
426
345
596
489
725
516
985
573
274
230
343
167
625
153
571
426
342
742
214
522
191
262
819
305
645
277
452
626
1000
815
301
897
12
309
912
965
642
884
420
499
980
484
938
495
624
100
522
966
269
940
792
655
464
66
373
105
235
116
63
803
331
408
854
261
999
916
949
174
347
386
722
645
572
939
35
438
405
865
690
15
769
947
720
779
341
969
115
529
51
473
336
402
170
199
663
195
141
265
641
892
490
602
219
843
635
272
873
204
769
891
660
268
985
657
747
304
183
149
273
612
919
349
687
922
997
52
487
20
951
819
402
342
526
413
173
981
27
458
908
430
366
248
600
483
911
557
855
982
155
723
350
342
554
182
370
203
473
19
749
878
643
452
986
616
583
682
721
718
352
43
993
396
811
298
956
352
374
73
389
672
957
947
43
367
891
1000
673
775
642
166
147
122
834
381
719
803
869
71
834
191
419
848
627
744
750
64
484
339
725
471
927
718
857
359
224
749
809
595
238
13
140
311
172
556
790
277
308
657
983
254
853
445
67
805
726
304
783
897
767
760
405
346
602
1
924
205
406
742
91
105
599
604
764
253
310
60
596
695
463
456
346
81
722
398
699
467
867
822
300
358
617
384
786
553
304
188
570
141
636
238
632
536
145
202
797
744
837
643
733
316
791
156
116
40
905
869
606
792
584
851
680
235
960
456
332
273
393
596
5
182
379
159
293
904
97
132
846
95
956
15
752
403
555
353
748
616
395
830
966
63
652
844
579
106
796
94
665
891
99
340
705
740
76
81
388
472
82
393
727
886
768
299
957
619
610
654
612
96
137
174
556
345
704
485
256
709
989
214
829
688
273
259
875
397
950
122
714
541
490
741
834
773
961
371
155
174
791
861
962
257
393
303
380
410
825
90
69
961
782
514
747
271
898
872
525
287
328
22
771
2
119
623
995
297
813
971
366
575
114
425
196
584
269
891
658
955
633
919
96
770
215
215
887
852
551
412
851
92
833
461
150
351
442
957
966
541
291
825
490
651
229
176
168
813
752
380
249
801
543
280
608
890
223
693
30
107
23
668
329
944
990
15
946
420
97
607
117
244
982
738
463
649
866
848
279
164
100
266
654
403
803
686
123
873
995
200
686
594
7
780
926
926
723
810
972
215
129
850
900
190
325
181
350
815
578
188
993
531
242
816
950
870
501
91
692
68
20
133
321
215
530
234
427
238
76
115
781
222
898
765
704
263
893
941
706
616
625
355
335
575
878
5
838
468
236
615
6
288
790
210
708
154
901
658
152
675
110
669
215
735
27
770
273
12
42
490
860
712
894
72
276
826
109
965
85
725
256
873
940
207
213
492
338
159
216
529
257
542
284
129
409
912
846
40
430
256
803
656
442
740
50
35
285
84
22
24
479
650
356
473
970
325
837
426
580
181
298
236
235
461
278
436
790
42
144
561
436
661
238
29
625
52
985
819
226
939
533
602
944
975
838
475
768
878
850
889
965
454
302
136
561
859
333
969
383
473
91
689
845
393
225
605
535
156
83
764
738
135
875
887
394
216
609
999
293
990
493
321
857
8
5
278
81
381
996
272
579
613
618
417
214
537
840
519
221
924
464
1000
93
25
184
995
340
598
665
797
861
291
657
916
889
101
755
552
865
16
559
447
367
954
916
907
86
995
788
199
896
579
514
804
915
825
124
931
104
719
352
525
515
987
172
435
27
816
640
44
308
165
365
197
435
208
989
235
504
960
440
451
694
848
442
900
15
726
787
143
694
871
250
933
566
772
408
252
754
705
782
580
300
12
30
828
844
1581
2258
2621
3165
4025
4566
4661
5280
5645
6130
7090
7953
8064
8170
8204
8698
8841
9426
9595
10033
10925
11158
11965
12407
12496
12777
13741
14403
14981
15118
15409
16115
17045
17252
17310
17418
18076
18409
19293
19985
20855
20886
21319
21542
21587
22098
22586
23330
24184
24558
24784
25388
26383
27219
27333
27738
27864
28537
28577
29235
29849
30477
31401
32260
32706
32873
32966
33637
34027
34727
35388
35837
36795
36962
37239
37845
37879
38057
38978
39111
39130
39930
40095
40159
40518
41365
41738
42514
42618
42664
43318
43368
44155
44256
44610
45106
45870
46778
47291
47567
48067
48577
49454
50187
50264
50521
51401
51479
51756
52020
52689
53345
53693
53751
53960
54235
54382
54859
55233
55870
56831
57580
57610
57918
58336
59013
59667
60659
61565
62193
62730
62933
63858
64613
64842
65835
66302
66381
66824
67738
68043
68402
69143
69388
69620
69921
70674
70932
70999
71213
72128
72429
73307
73707
74209
75108
75514
75818
76804
77124
77323
78043
78442
79233
79345
80302
80599
80914
81744
82102
82457
82989
83513
83522
83684
83967
84135
84598
84697
85584
86205
86695
87614
88280
89091
89538
90302
90312
90794
91167
91445
91541
92324
93280
93660
94629
95138
96079
96603
96682
96863
97254
98149
99074
99551
99804
100560
101256
101880
102128
102174
102621
103333
103978
104492
104591
105552
106325
107114
107898
108813
109072
109699
110159
110704
110741
110930
111507
112468
113030
113186
113373
114052
114222
114590
115060
115640
115647
115714
116494
117325
117861
117874
118287
118323
118883
119157
119890
120273
120903
121481
122007
122514
122666
123514
124055
125019
125269
125519
126043
126617
126658
127321
128311
128637
128639
128658
129372
129513
130422
130502
131240
132218
133155
133565
134285
134778
135447
135624
136565
137436
137637
137695
137764
138135
139112
139188
139830
140393
140721
140797
141627
142251
142787
143640
144313
145128
145916
146878
147263
147511
147617
147655
148267
148607
149532
149974
150131
150521
151337
151867
152600
152771
153318
153993
154492
154562
154725
155234
156056
156836
156998
157672
157878
158170
158851
158987
159378
159899
160233
160967
161300
161607
161842
162410
163175
163839
164170
164844
165727
165728
166590
167414
167542
168266
168855
169511
169720
170461
170618
171181
171371
172335
172479
172868
173150
173851
173868
174588
175340
175650
175984
176624
176638
177540
177785
178134
178183
178783
178862
179396
179993
180783
181524
182291
182744
183570
183906
184247
184732
184950
185374
186285
187239
188073
188884
189413
190054
190222
190291
190955
191813
192261
192949
193103
193975
194368
194917
195483
196029
196233
196874
197401
197909
198159
198453
199058
199569
200490
201185
201620
202411
203050
203138
203651
203933
204126
204761
204920
205191
206191
206736
207399
208353
209250
209672
210514
211141
211321
211460
211814
212148
212963
213697
214137
215000
215480
215907
216182
216686
216994
217313
217784
217811
218800
219738
220316
220489
220937
221045
221664
222601
222733
223522
223671
224545
224726
224857
225363
225847
226378
227005
227977
228268
228934
229553
230129
230745
231392
231873
232778
232948
232951
233009
233105
233864
234568
235284
236138
236674
237613
238296
238843
239649
239736
240360
240948
241845
242376
243005
243876
244841
245344
245429
246326
246919
246954
247738
248365
249189
250057
250552
251062
251730
252712
252799
253157
253976
254662
254829
254863
255031
255989
256327
257145
257543
257823
258407
259369
260076
260568
261188
261506
261691
262093
262195
262797
263526
263945
264009
264305
264322
264328
264443
264860
265525
265751
265901
266286
266427
267108
267976
268080
268587
269102
269188
269572
269920
270911
271781
271905
272389
273249
273511
274124
274477
275477
276404
276507
276636
276839
277699
278431
278802
278923
279823
280485
281227
282002
282121
283088
283520
284044
284881
285483
285822
286721
286954
287901
287948
288381
289283
290002
290173
290368
290838
290926
291494
291761
291942
292513
293236
293911
294472
294908
295413
295439
295467
296244
296864
297392
297672
297775
298683
298976
299080
299337
299811
300552
300807
301746
302141
302996
303434
304344
304590
305468
305889
305963
306033
306981
307978
308310
309028
309427
310253
310923
311244
312167
313119
313863
314710
315197
315453
316122
316766
317661
318383
318757
319626
320442
320861
321218
322193
322554
322602
322843
323198
323627
324271
324295
325100
325558
325998
326025
326699
326809
327195
328128
329019
329357
329391
330357
331172
331621
331844
331983
332707
333042
333672
334484
334775
335342
335863
336710
336807
336957
337856
338434
339303
339989
340780
340905
341905
342077
342094
342211
342740
343432
344229
344695
345228
345756
346718
346982
347335
348083
348261
348270
348793
349281
349298
350084
350802
351617
352524
353453
353797
354213
354591
355451
356346
357213
358183
358255
358623
358870
359148
359735
359754
360032
360900
361634
361670
361768
362527
362771
363213
363725
363976
364124
364611
364769
365067
365397
365485
365758
365940
366441
366497
367316
367585
368246
368954
368967
369266
369613
370594
370660
371628
372253
372608
373051
373492
373628
373778
374089
374148
374945
375720
376549
377331
377811
378300
378617
379602
380537
381040
381688
382284
382651
382765
383559
384063
384530
384694
384703
385098
385660
385885
386099
386810
387493
388349
388798
389312
389959
390928
391410
392018
392161
392927
393925
394838
395695
396476
397411
397658
398410
398855
399774
400574
401237
402019
402698
403335
403675
404523
405190
405593
405675
406273
406400
406711
407063
407503
407704
407717
408518
408622
409090
409397
410213
411026
411213
412115
412460
412481
413336
413616
414162
414595
415139
415993
416642
417584
418564
419324
420288
420553
420862
421244
421713
421970
422533
422742
422881
423639
423964
424301
424677
425601
425698
426290
426909
427754
427832
428580
429200
430194
430424
431397
431402
431578
432535
433144
433174
433983
434867
435148
436041
436636
437552
438503
439067
439738
440371
440447
440811
440841
441386
442340
442733
442992
443201
443690
444447
444729
445436
446127
446420
447119
447325
447866
447901
448412
449119
450016
450817
451146
451507
452140
452422
452617
453009
453222
454085
454994
455032
455504
456310
456491
457084
457241
458108
458900
459207
459389
459543
460122
460307
461208
461991
462883
463715
464118
464501
465132
465712
466150
466536
467383
467700
468452
468945
469075
469126
469373
470272
470864
471412
471426
472415
472977
473602
473799
474546
475327
475896
476386
477168
477725
478591
478925
479524
480499
481258
481662
481831
482180
482560
482805
483548
483682
483783
483987
484552
484670
485018
485786
485812
486374
487175
487915
488860
489778
490736
491064
491240
491594
492151
492776
493645
493681
494437
495223
495411
495468
496448
496760
497282
498113
498969
499263
499492
499522
499573
500110
500914
501859
501882
502349
503056
503131
503664
504614
505070
505411
505555
506170
506757
507133
507767
508323
509045
509074
509244
509996
510033
510244
510950
511516
511955
512363
512592
513207
513761
514512
515084
515969
516492
516542
516875
517769
518192
519019
519853
520449
521084
521373
521812
522006
522191
522287
522470
522565
523400
524169
525067
525923
526662
527103
527397
527802
527957
528654
529024
529161
529572
529951
530218
530632
531485
531753
532303
532902
533774
534476
534558
534708
535221
535310
536291
536993
537504
538312
538556
538712
539616
539994
540123
540624
541024
541480
542467
542540
543335
544301
544799
545033
545512
546179
546887
547176
547905
548210
548348
548592
549374
549917
550472
551136
551643
552325
552365
552899
553507
553660
554400
554922
555482
555693
556574
556888
556945
557221
557520
557764
558706
558910
559125
560047
560253
560500
561320
561903
562171
562971
563880
564220
564239
564745
565376
566180
566930
567466
568070
568900
568992
569021
569090
569264
569794
570732
571647
572331
572870
573362
573930
574802
575603
575768
576636
576704
577468
577905
578240
578996
579462
579770
580200
580443
580573
580965
581566
582001
582306
583281
584000
584165
585159
585222
585920
586820
587679
588166
588939
589345
589952
590389
591216
591951
592304
592432
592998
593920
594513
594625
595092
595231
595669
596669
597336
597349
597709
597902
598184
598798
599740
599811
600236
601035
601571
601658
602457
602922
603419
604035
604971
605222
605967
606919
607148
608099
609041
609928
610446
610872
611049
611377
612007
612738
612866
613348
613590
614451
614918
615553
616448
617413
618297
618474
619423
620070
620477
621274
621288
621348
622277
623154
623610
623787
624088
624769
624821
624992
625121
625445
625528
625802
626703
626814
627100
627613
628383
628814
629459
630078
630854
631622
632508
632849
633355
633843
634829
635020
635451
636341
636562
636937
637865
638206
639179
639538
639677
640251
640616
641075
641404
642097
642354
643327
643957
644177
644689
645353
645712
646396
646912
647715
647735
648119
648674
648921
649089
649433
649777
649781
650240
651008
651609
652309
652907
652971
653963
654282
654897
655319
655459
655950
656486
656700
657084
657647
658171
658407
658940
659380
659405
659535
660396
661270
661627
661941
662044
663013
663484
663879
664455
664718
665077
665618
665979
666178
666551
667109
667157
667798
667904
668451
668936
669525
670139
671051
671638
672563
672908
672938
672973
673104
673485
673718
673763
674474
675413
675606
675930
676707
676928
677800
678170
678716
679092
680037
680187
680401
680670
681382
681820
682468
682931
683763
684558
684853
685428
685935
686904
687896
688199
688870
689008
689174
689444
690171
690881
691525
692090
692204
692982
693868
694651
695395
695819
696375
696695
696956
697530
698007
698519
698831
698900
699262
699410
700179
700717
701571
702387
703050
704014
704584
705081
705735
706699
707674
708181
708651
709370
709732
710732
711006
711045
711152
711802
712549
713500
714348
715276
715766
715860
716252
716432
717041
717114
717937
718226
719226
719961
720107
720874
721243
721565
721733
722311
723075
723458
723627
724533
724874
725389
725931
726593
726667
727335
728026
728225
729103
729841
729879
730639
730781
730938
731428
731697
732258
732351
732477
732653
733549
734149
734222
735046
735371
736189
736471
736938
737788
738710
739238
739837
740514
741110
741123
741409
741720
741837
742195
742781
743563
743809
744654
745153
745614
745741
745743
746165
746556
746747
747092
747768
748738
749232
749979
750298
751227
751996
752323
753060
753072
753993
754714
755284
755936
755950
756069
756226
756499
757141
758023
758794
759132
759923
760254
761075
761676
762465
763229
763329
763880
764528
764547
764929
765085
765444
765583
765938
766204
766492
766829
767368
768327
768470
769167
769169
769619
770590
771057
771284
772234
773228
773509
774243
774319
774690
775374
775470
775613
776207
776921
776927
777626
778575
778951
779194
779302
780260
780451
780903
781063
781066
781245
782141
782416
782923
782997
783042
783104
783599
784210
784444
784905
785817
786438
787003
787442
787769
787866
788213
788983
789223
789468
790264
791016
791675
792285
793065
793743
794632
794811
795493
795784
796423
796910
797237
797351
797775
798743
799469
799620
800499
800674
800914
801628
801629
801957
802139
802378
802815
803054
803419
803970
804040
804829
805209
805638
806178
806588
807175
807988
808570
808830
809310
809561
810072
810181
810719
811238
811858
812345
813153
813310
814283
814454
814544
815049
815680
816660
816766
817162
817505
817731
818350
818383
819069
819641
820566
821373
821805
821902
822605
822815
823615
824269
824368
825265
826172
827001
827003
827823
828251
828295
829027
829733
829741
830362
830434
831235
831509
832339
833327
834302
834553
835546
836124
836513
837254
837952
838211
838968
839496
839983
840764
841370
841844
842014
842289
842931
843846
844220
844864
844905
845493
846447
846830
846848
847532
848294
848453
849195
850062
851024
851508
851932
851933
852283
853035
853479
853965
854926
855714
856583
857106
857643
858137
858414
858732
858780
859765
860135
860808
861362
861610
862433
863106
863635
864348
864546
865040
865850
866599
867173
867364
867695
867883
868489
868807
869227
869652
869773
869833
870705
871087
871545
872009
872846
873017
873701
874624
875384
875924
876366
876613
876967
877830
877945
878535
879157
879858
880817
881546
882435
882920
882923
883627
883862
884688
885035
885626
885728
886675
887370
887893
888578
889267
889926
890165
890826
891350
892323
893048
893866
894099
894133
894178
894389
894780
895208
896021
896110
897057
897583
897936
898042
898070
898522
898811
899608
899832
900136
900819
901454
902293
902311
902811
902973
903599
904034
904893
905861
906590
907230
907410
908122
908295
908716
909125
909996
910448
910852
911571
912187
912431
912761
912904
913294
913758
914187
914531
915241
915855
916479
916483
916612
916871
917223
917781
918673
919623
919883
920350
920734
921021
921039
921136
921978
922031
922165
922985
923083
923257
923364
923826
924569
925151
926029
927012
927916
928550
929122
929344
929905
930652
931466
932398
933261
933484
933702
934653
935504
936414
936869
937428
937506
937677
937933
938372
938784
939315
940080
940736
940835
941438
941974
942412
942857
943515
943642
943887
944211
945159
945402
945958
946787
947244
948061
948411
948435
949008
949436
949780
950686
950954
951695
952248
953108
953669
953688
954441
954799
955783
956712
957344
958076
958719
959593
960402
960989
961169
962117
962327
963221
963518
964513
965353
965628
966151
966301
966334
966799
967399
967888
968357
969106
969168
969598
969683
970676
970919
971706
971709
971717
971999
972052
972559
972983
973104
973411
973598
973744
973956
974249
974597
974923
975656
975983
976431
976806
977671
978079
978354
978813
979382
979983
980657
981065
982046
982850
983088
983546
984005
984170
984683
985138
986130
986906
987618
988371
988565
989032
989233
989884
990001
990549
991109
991607
991651
992008
992623
992717
992913
993811
994049
994524
995093
995285
996050
996827
997449
998117
998973
999146
999158
1000150
1000676
1000789
1001680
1002611
1003598
1004228
1005050
1005231
1005989
1006224
1006836
1007836
1007974
1008835
1009529
1009825
1010811
1011224
1011599
1012210
1012655
1012805
1013545
1014412
1015291
1016115
1016716
1017494
1018489
1018733
1019328
1019476
1019670
1020579
1021418
1021667
1021928
1022241
1022676
1023412
1024208
1025182
1025656
1026194
1026920
1027181
1027288
1027499
1027852
1028075
1029014
1029554
1029649
1029754
1030674
1030675
1031383
1031524
1032494
1032776
1033685
1034012
1034095
1034599
1035488
1036133
1036759
1037478
1038342
1039151
1039631
1039928
1040631
1041148
1041492
1041767
1042240
1042651
1043147
1043214
1043325
1043546
1043815
1043972
1044191
1044411
1044837
1045072
1045792
1046610
1047038
1048007
1048632
1049329
1049871
1049947
1050233
1050641
1050804
1051347
1051480
1051749
1052404
1052513
1053154
1053181
1053459
1053729
1054697
1055277
1055444
1055510
1056111
1057011
1057605
1058061
1058782
1058896
1059787
1060750
1061742
1062041
1062700
1062943
1063361
1064283
1064850
1065827
1066635
1066800
1067290
1068039
1068335
1069318
1069914
1070736
1070862
1071049
1071517
1072136
1072962
1073593
1073930
1074700
1074806
1075607
1076004
1076040
1076365
1076377
1076955
1077515
1078478
1078871
1078902
1079250
1079556
1080355
1080418
1081116
1081723
1082640
1082887
1083328
1083935
1084827
1085099
1085225
1085607
1086430
1087309
1087457
1088274
1088656
1089569
1089956
1090082
1090176
1090692
1090896
1091339
1092269
1092986
1093087
1093455
1093668
1094350
1094635
1094965
1095952
1096835
1096842
1097668
1098420
1099330
1099346
1099529
1099815
1100484
1100810
1101756
1102147
1102945
1102998
1103405
1104128
1104875
1105597
1105643
1105815
1105842
1106791
1107283
1108212
1108256
1108869
1109811
1110091
1110329
1111205
1111694
1112173
1112633
1113222
1113767
1113991
1114047
1114585
1114652
1115174
1115915
1116710
1117239
1117592
1117878
1117980
1118893
1119033
1119985
1120537
1121099
1121638
1121711
1122024
1122303
1122802
1123517
1124022
1124227
1124305
1124569
1124706
1125241
1125517
1125953
1126628
1126933
1127894
1128644
1129052
1129392
1130216
1130800
1131408
1132141
1132745
1133569
1134256
1134836
1135042
1135962
1136450
1136813
1137077
1137138
1137785
1138101
1138854
1139136
1139253
1139566
1140465
1140806
1141169
1141481
1142139
1142703
1142708
1143565
1144288
1144458
1145437
1146243
1147079
1147492
1148418
1148783
1149639
1150012
1150594
1151008
1151275
1151952
1152652
1153222
1153416
1153891
1154165
1154563
1155410
1155775
1155852
1156827
1157342
1157360
1158104
1158550
1159305
1160294
1160794
1161550
1162434
1162897
1163621
1163626
1163745
1164151
1164896
1165476
1166416
1166468
1167177
1168130
1168531
1169431
1170179
1170629
1171408
1172090
1173059
1173560
1174031
1174731
1175266
1175857
1175921
1176131
1176615
1177069
1177618
1178371
1178465
1179252
1180057
1180377
1181151
1181554
1182404
1183398
1184081
1184210
1184559
1185459
1186358
1186896
1187500
1187926
1188313
1188606
1189543
1190186
1190836
1190978
1191707
1192196
1192646
1193376
1193717
1194430
1194537
1194624
1194961
1195820
1195823
1196699
1197376
1198294
1199152
1199931
1200099
1200989
1201223
1201575
1201845
1202503
1203253
1203422
1203905
1204469
1205160
1205507
1205963
1206488
1207006
1207524
1208418
1208671
1209617
1210456
1210644
1210655
1211258
1211930
1212574
1212912
1213853
1214225
1214976
1215178
1215272
1215387
1215801
1216747
1216939
1217615
1217718
1217773
1218194
1219192
1219509
1219535
1220492
1221325
1222139
1222990
1223194
1223552
1224333
1224943
1225926
1226185
1227163
1227989
1228418
1228549
1229371
1230243
1230716
1231317
1231669
1232266
1232443
1233405
1234106
1234342
1234950
1235426
1235978
1236651
1237275
1237642
1237894
1238432
1239076
1239588
1240276
1240996
1241355
1241844
1242616
1243251
1243981
1244842
1244989
1245169
1246000
1246823
1247535
1248202
1248553
1249212
1249781
1250750
1250876
1251251
1252229
1252722
1252930
1253099
1253188
1253965
1254639
1254955
1255269
1255494
1255869
1256702
1257449
1258443
1259122
1259591
1260572
1261415
1261595
1262006
1262499
1262521
1263064
1263971
1264708
1265434
1265758
1265872
1266447
1267387
1267576
1267968
1268589
1269338
1270067
1270287
1271031
1271623
1271686
1271809
1272419
1272555
1272623
1272723
1272817
1273241
1273410
1274031
1274897
1275218
1276106
1276973
1277744
1278625
1279271
1280171
1280697
1281685
1282054
1282584
1282774
1282913
1283288
1283851
1284577
1284839
1285544
1285659
1286533
1286845
1287250
1288018
1288031
1288864
1289673
1289759
1290532
1291180
1291937
1292669
1293269
1293693
1294390
1294998
1295732
1296001
1296825
1297657
1298064
1298681
1298835
1298872
1299043
1299891
1300200
1300207
1300491
1300771
1300958
1301308
1301542
1302385
1302490
1303326
1304109
1304329
1304782
1305538
1305789
1306085
1306892
1307483
1308221
1308233
1308288
1308380
1308586
1309166
1309829
1310521
1310857
1311502
1311823
1312745
1312948
1313664
1313933
1314118
1314331
1314385
1314463
1314722
1314770
1314874
1314940
1315249
1315505
1315918
1316709
1317682
1318279
1318564
1319395
1319892
1320339
1320640
1321216
1321536
1322265
1322351
1323180
1324120
1325001
1325849
1326642
1327536
1328307
1328837
1329253
1329575
1330340
1331051
1331862
1332662
1333539
1334178
1334241
1334771
1335447
1336100
1336147
1336856
1337318
1337809
1338600
1338966
1339809
1340783
1340845
1341336
1342235
1343195
1343872
1344071
1344630
1344911
1345027
1345722
1346610
1346753
1347664
1348650
1349465
1350370
1351308
1351508
1351926
1352850
1353271
1353936
1354819
1355636
1356022
1356694
1356734
1357184
1357418
1358048
1358895
1359762
1359775
1359852
1360661
1360827
1361802
1362067
1363048
1363569
1363757
1363999
1364940
1365091
1365532
1365807
1366718
1367457
1367519
1367968
1368080
1368283
1368617
1368948
1369241
1369473
1370251
1370300
1371103
1371630
1372528
1372601
1373423
1374045
1374122
1374223
1374964
1375692
1375711
1376431
1376558
1376914
1376926
1377868
1378605
1379367
1380095
1380772
1380902
1381654
1381879
1382236
1382622
1383560
1383670
1383746
1384193
1384351
1384798
1384983
1385722
1386087
1386589
1386694
1387594
1388243
1389058
1389621
1390016
1390242
1390732
1390973
1391918
1392580
1393160
1393450
1393973
1394282
1395209
1395326
1396315
1397027
1397583
1398454
1398672
1399233
1399826
1400629
1400966
1401274
1401636
1401695
1401932
1402431
1403358
1403987
1404910
1405165
1405622
1405727
1406012
1406447
1406744
1407009
1407737
1408686
1408890
1409254
1409735
1409908
1410536
1411031
1412011
1412021
1412729
1413617
1414103
1415055
1415321
1415627
1415901
1416721
1417446
1417504
1418409
1419320
1419947
1420355
1421255
1422024
1422038
1422234
1422636
1422781
1422855
1423691
1423947
1424524
1425349
1425521
1425614
1426178
1426957
1427755
1428073
1428084
1428783
1429144
1430083
1430287
1430463
1431027
1432013
1432634
1433168
1433342
1433754
1434714
1434819
1434858
1435816
1436029
1436051
1437029
1437458
1437809
1438747
1439327
1439504
1440411
1440635
1440679
1441440
1442212
1442933
1443248
1443339
1444094
1444300
1445023
1445651
1446540
1447451
1448372
1449357
1450081
1450791
1450987
1451603
1452400
1453282
1454250
1454320
1455232
1455258
1455626
1456265
1456851
1457743
1458721
1459606
1459942
1460038
1460251
1461179
1461311
1461318
1462100
1462671
1462933
1463554
1464425
1465051
1465338
1465704
1466559
1467047
1467506
1468410
1468771
1469365
1470282
1470440
1471196
1472114
1473041
1473650
1474078
1475073
1475825
1476135
1476391
1476968
1477304
1477556
1478310
1478477
1478974
1479555
1479581
1480510
1481038
1481443
1482274
1482574
1483359
1484031
1484830
1485649
1485906
1486775
1487368
1488319
1488627
1488945
1489938
1489999
1490093
1490840
1491300
1491475
1492265
1492722
1493460
1494351
1495205
1495290
1495306
1495437
1496034
1496458
1496742
1497372
1498068
1499067
1499893
1499988
1500174
1500320
1500566
1500965
1501378
1501871
1501900
1502855
1503249
1503324
1503607
1504473
1504797
1505318
1505816
1505921
1506822
1507430
1507514
1508424
1509066
1509071
1509117
1509936
1510131
1510831
1511300
1511969
1512178
1512988
1513247
1513347
1513402
1513937
1514825
1515208
1515904
1516347
1516439
1516514
1516844
1517213
1517991
1518916
1519071
1519109
1519843
1520223
1521078
1521743
1522331
1523175
1524068
1524789
1525579
1526198
1526688
1526881
1527791
1528658
1528809
1529318
1530256
1530873
1531645
1532575
1532802
1533222
1533397
1534392
1535303
1535685
1536419
1536449
1536807
1537545
1537829
1538093
1538182
1538233
1538337
1538898
1538920
1539249
1540122
1540478
1541245
1541462
1541617
1541727
1541956
1542337
1543240
1543891
1544156
1544369
1544832
1545341
1545888
1546167
1547092
1547446
1547591
1548097
1548185
1548813
1549252
1549963
1550723
1551427
1551457
1552307
1553294
1553527
1554078
1554159
1554700
1554973
1555892
1556554
1556974
1557803
1558321
1558950
1559394
1560124
1560464
1560874
1561640
1562262
1563166
1563432
1563736
1564732
1564852
1564884
1565055
1565462
1565814
1565830
1566212
1566845
1567635
1567983
1568285
1568663
1569224
1569990
1570836
1571399
1571610
1572315
1572340
1572435
1573037
1573760
1574148
1574967
1575193
1575621
1576311
1576651
1577462
1578357
1579051
1579431
1579507
1580313
1581127
1581310
1582276
1582443
1582746
1582846
1583187
1583801
1584079
1584818
1585301
1585366
1585408
1586128
1586435
1587215
1587890
1588241
1588506
1589194
1589422
1590329
1591199
1591852
1592420
1592673
1593323
1594088
1594424
1595296
1596040
1596554
1596827
1597035
1597094
1597823
1598267
1598570
1598637
1599038
1599787
1599794
1599984
1600596
1601276
1601474
1602200
1602442
1602561
1603154
1604058
1604327
1605015
1605184
1605452
1606095
1606594
1606937
1606955
1607107
1607313
1608150
1608361
1608932
1609789
1610239
1610504
1610850
1611117
1611258
1611719
1612657
1613046
1613281
1614077
1614897
1614970
1615864
1616020
1616029
1616819
1617218
1617820
1618340
1618806
1619522
1620142
1620635
1620842
1621420
1621835
1622693
1623392
1624116
1624874
1625423
1625995
1626137
1626278
1626618
1627037
1627820
1628664
1629605
1629789
1629981
1630067
1630796
1631652
1632428
1632728
1633666
1634131
1634501
1635172
1636046
1636094
1636266
1636282
1637174
1637231
1637570
1638050
1638736
1639419
1640267
1640734
1641471
1642171
1642668
1643341
1644228
1644613
1645357
1646087
1646440
1646468
1646855
1647714
1648013
1648147
1648844
1649842
1650014
1650071
1650957
1651619
1652204
1652993
1653513
1653999
1654131
1654758
1655462
1656256
1656576
1656671
1657200
1657998
1658387
1658920
1658952
1659146
1659527
1660100
1661003
1661057
1661665
1662516
1662755
1662929
1663276
1663637
1664217
1664956
1665521
1666017
1666519
1667325
1668236
1668548
1669543
1670182
1670398
1670494
1670509
1671148
1671840
1671868
1672592
1672822
1673768
1674304
1675233
1675429
1676406
1676992
1677586
1677942
1678520
1679272
1680051
1680753
1681546
1682485
1683149
1683382
1683848
1684131
1684315
1684466
1685032
1685180
1685383
1685671
1686515
1687108
1687733
1688373
1688725
1689397
1690236
1690743
1691246
1691779
1692661
1693294
1694152
1694868
1695244
1695878
1696465
1697029
1697331
1697674
1698052
1698731
1699567
1699863
1700464
1701240
1701937
1702604
1703017
1703782
1704445
1705260
1706035
1706739
1707665
1708589
1709298
1709819
1710535
1711220
1711517
1711746
1712111
1712369
1712847
1713106
1713276
1713689
1714538
1714676
1714752
1715297
1715734
1716128
1716375
1717302
1718086
1718986
1719149
1719466
1719670
1719677
1720654
1721090
1721661
1722528
1722830
1723332
1723335
1724001
1724349
1724707
1724783
1725193
1726051
1726135
1726888
1727777
1728425
1729011
1729120
1729470
1729896
1730818
1731601
1732316
1732710
1733661
1734092
1734722
1735533
1735685
1736056
1736182
1736540
1736650
1736954
1737679
1738228
1738745
1739512
1740380
1740732
1741246
1741907
1742590
1742812
1743739
1744356
1745253
1745361
1746216
1746762
1747333
1748047
1749004
1749686
1750059
1750654
1751092
1751859
1752567
1753074
1753195
1753233
1754046
1754204
1754730
1755518
1755681
1756037
1756462
1756559
1756761
1756767
1756859
1757522
1757897
1758008
1758545
1759362
1759993
1760814
1761755
1761959
1762645
1763062
1763765
1763826
1764389
1764443
1765375
1765522
1765642
1766447
1767316
1768205
1768782
1768876
1769004
1769209
1769736
1769745
1770092
1770215
1771140
1771764
1772718
1772927
1773316
1774130
1774721
1775408
1775469
1775502
1775672
1776220
1777057
1778056
1778777
1779395
1779962
1780917
1781339
1781530
1781562
1782443
1783415
1784212
1784364
1785021
1785585
1786067
1786856
1787217
1788181
1788657
1788860
1789696
1789865
1790704
1791102
1791298
1792223
1792524
1793127
1794039
1794975
1795609
1796512
1796746
1797574
1798022
1798171
1798341
1798451
1798691
1798881
1799382
1799699
1800116
1800603
1800793
1801610
1801666
1802072
1802918
1803214
1804112
1804117
1804666
1805268
1805645
1805990
1806085
1806917
1807088
1807928
1808178
1808910
1809174
1809503
1810120
1810976
1811304
1812094
1812284
1813157
1813159
1813479
1813799
1814654
1814960
1815796
1816210
1817164
1817600
1818435
1818623
1819316
1819435
1819989
1820305
1820542
1820697
1821020
1821407
1822241
1823096
1823645
1823719
1823911
1824517
1825238
1825448
1825546
1826314
1826399
1827029
1827554
1828472
1829045
1829166
1829448
1829680
1830017
1830540
1830967
1831372
1832084
1832263
1832391
1832530
1833375
1833806
1834742
1835245
1836045
1836083
1836659
1836693
1837636
1837727
1838010
1838868
1839012
1839929
1840599
1840734
1841578
1841790
1842037
1842777
1843725
1843822
1844614
1844862
1845339
1845739
1845908
1846202
1846408
1847092
1847293
1847856
1848753
1849469
1850137
1850888
1851135
1852073
1852504
1852559
1853126
1853728
1854036
1854379
1854921
1855129
1855175
1855725
1856312
1857202
1857509
1858466
1858468
1859044
1859268
1859548
1860350
1860413
1861329
1861606
1861877
1861941
1862640
1863345
1863911
1864052
1864996
1865142
1865453
1866243
1866429
1866676
1867404
1868045
1868966
1869577
1869952
1870533
1870562
1871374
1872284
1872805
1873214
1873553
1874307
1874369
1874642
1875029
1875677
1876655
1876933
1877390
1878036
1878038
1878294
1878383
1878840
1879478
1880320
1880748
1881349
1882098
1882440
1883055
1883369
1884189
1884892
1885704
1886044
1887020
1887348
1887570
1887972
1888792
1889584
1889741
1890482
1890602
1891168
1891741
1891986
1892343
1892537
1893192
1893737
1893916
1894546
1894958
1895331
1896226
1896813
1897138
1897745
1897907
1898852
1899409
1900208
1900608
1900789
1901232
1901907
1902002
1902566
1902601
1902679
1903648
1904332
1905305
1906067
1906893
1906942
1907314
1907946
1908860
1909413
1909821
1910768
1911246
1911433
1911964
1912907
1913204
1914069
1914454
1914750
1915273
1915575
1915668
1916186
1916952
1917650
1917830
1918140
1919139
1919675
1919863
1920062
1920465
1921371
1922266
1922773
1923561
1924455
1925116
1925876
1926235
1926440
1926696
1926862
1927544
1928023
1928514
1928747
1929444
1930301
1930361
1930708
1931470
1932019
1932939
1933022
1933078
1933572
1934117
1934543
1935428
1935514
1936176
1936446
1937275
1937766
1938734
1939069
1939849
1940244
1940759
1940908
1941298
1941554
1942163
1943097
1943585
1944313
1945049
1945762
1946104
1946338
1946656
1947183
1947491
1947592
1948087
1948730
1948913
1949735
1950139
1950995
1951742
1952700
1953207
1953387
1953497
1953631
1954494
1955026
1955668
1955728
1956218
1957051
1957097
1957203
1958187
1958735
1959523
1959927
1960406
1960580
1961204
1962079
1962355
1962697
1963662
1963783
1964218
1964561
1964916
1965105
1965283
1965413
1965521
1966382
1966538
1967116
1968035
1968418
1968851
1969063
1969676
1969982
1970895
1971214
1971249
1971954
1972132
1972708
1973350
1974220
1974371
1974434
1975131
1975738
1976162
1976510
1977127
1977391
1977972
1978282
1979070
1979526
1980038
1980265
1981265
1981583
1981639
1981748
1982250
1982281
1982564
1983470
1983544
1984535
1984858
1985124
1985792
1986159
1986639
1987313
1987481
1988390
1988988
1989848
1990796
1990956
1991576
1992502
1993375
1994172
1994223
1994240
1994735
1994742
1994819
1995222
1995338
1995421
1996168
1996278
1996851
1997518
1997741
1998473
1999143
1999821
2000254
2001023
2001399
2001587
2002349
2002494
2002649
2002936
2003086
2003320
2003814
2003835
2004051
2004595
2004610
2005148
2005648
2005720
2005797
2006001
2006963
2007246
2007850
2008276
2008319
2008689
2009023
2009168
2009539
2009892
2010613
2011318
2011644
2012351
2012846
2013500
2014430
2014726
2015506
2016451
2016464
2016901
2017358
2018024
2018409
2019100
2019141
2019984
2020882
2021331
2021588
2021911
2022299
2022399
2022553
2023485
2024176
2024760
2025613
2026541
2027126
2027241
2027903
2028860
2029609
2030515
2031108
2031699
2032421
2032485
2032911
2033736
2034284
2034474
2035121
2035467
2036425
2036461
2036727
2037195
2037875
2038632
2039504
2040014
2040743
2041541
2042052
2042461
2042830
2043125
2043157
2043990
2044588
2044888
2045074
2045978
2046353
2046652
2046788
2047020
2047695
2048579
2048585
2048657
2049220
2050212
2050289
2050301
2050613
2051072
2051811
2051883
2052466
2052620
2053017
2053020
2053349
2053907
2054436
2055146
2055418
2055870
2056428
2056915
2057053
2057562
2057875
2058346
2059208
2059288
2059353
2059552
2059553
2059582
2060098
2060348
2061208
2062181
2062803
2063684
2063908
2064409
2064770
2065284
2065957
2066298
2066835
2066970
2067799
2068727
2069124
2069185
2069778
2069990
2070819
2071329
2071399
2072210
2073061
2073960
2074054
2074082
2074657
2075285
2075529
2075707
2076532
2077475
2078360
2078985
2079463
2079644
2079753
2080108
2081095
2081853
2081925
2082311
2082962
2083249
2084052
2084969
2085828
2086174
2086481
2086963
2087794
2088102
2088219
2088672
2088988
2089142
2089952
2090909
2091860
2092045
2092560
2093126
2093512
2094512
2094775
2095203
2095724
2096323
2096331
2097274
2097800
2097810
2098296
2098538
2099475
2100087
2100613
2101238
2101270
2101990
2102929
2103608
2104299
2105130
2105818
2106016
2106982
2107676
2108146
2109142
2110066
2110689
2111566
2111866
2112629
2112928
2113928
2114378
2115082
2115171
2115486
2115770
2116204
2116619
2117170
2117616
2117759
2118218
2119193
2120176
2120475
2120544
2121197
2121749
2122548
2122754
2123412
2124248
2124315
2125038
2125164
2125171
2125751
2126515
2127308
2127642
2127942
2128149
2128857
2129510
2129697
2130112
2130271
2130922
2131366
2131586
2131628
2131640
2132577
2132692
2133124
2133529
2134168
2134291
2134863
2134892
2135630
2135927
2136237
2137218
2137282
2137889
2138026
2138716
2139580
2140280
2140945
2141563
2142323
2142537
2143322
2143966
2144893
2145616
2145629
2145778
2146476
2146518
2147241
2148062
2148219
2148410
2148939
2149143
2149964
2150376
2151199
2152015
2152138
2153097
2153403
2153818
2154295
2154499
2155416
2155685
2156252
2156558
2156822
2157338
2158327
2158784
2159305
2159602
2159649
2159766
2160259
2160827
2161413
2161704
2162312
2162574
2162607
2163218
2164168
2165136
2166125
2166853
2167028
2167207
2167782
2167826
2167827
2167853
2167905
2168371
2169134
2169461
2170387
2171101
2171235
2172153
2173133
2173419
2174146
2174323
2175280
2176060
2176274
2176419
2177370
2178367
2178867
2179219
2179494
2180211
2180803
2181633
2181787
2182134
2182233
2183087
2183552
2183654
2184135
2185017
2185183
2185246
2185385
2185949
2186500
2186540
2187533
2187916
2188255
2189253
2189597
2189641
2189770
2189828
2189892
2189910
2190321
2191038
2191235
2191482
2191769
2192250
2193179
2193397
2193823
2194032
2194382
2194858
2195211
2196185
2196882
2197648
2198077
2198137
2198257
2198965
2199274
2199744
2200122
2200591
2200785
2201760
2202262
2202817
2202924
2203475
2203806
2204281
2204576
2204613
2205281
2206266
2206883
2207217
2207828
2208111
2208242
2208616
2209035
2209931
2210827
2211296
2211742
2212069
2212250
2212618
2213251
2213357
2214047
2214282
2214330
2215087
2215179
2215356
2215807
2216658
2217594
2218096
2218979
2219085
2219672
2220498
2221282
2222029
2222408
2222976
2223377
2223737
2223902
2224530
2225198
2225990
2226654
2226840
2227836
2227846
2227893
2228184
2228749
2229430
2229951
2230539
2231086
2231240
2232077
2232151
2232287
2232735
2233545
2234526
2234696
2234950
2235648
2236237
2236432
2237234
2237390
2238262
2238850
2239104
2239896
2240881
2240926
2241405
2242299
2242693
2243499
2243937
2244198
2244242
2244723
2245120
2245163
2245693
2246212
2246790
2247711
2248489
2248641
2248885
2249166
2249768
2250518
2250784
2251207
2251979
2252703
2253271
2254232
2254549
2254660
2255652
2256643
2257415
2258286
2258892
2259825
2260528
2261447
2262071
2262792
2263392
2263608
2264530
2265475
2266294
2266928
2267656
2268118
2268140
2269092
2269602
2270182
2270671
2271286
2272193
2272818
2273571
2274169
2275054
2275120
2275319
2275731
2275899
2275948
2276280
2276800
2277420
2278355
2278621
2278934
2279415
2279742
2279812
2280655
2280887
2280945
2281175
2282043
2282272
2282282
2283084
2284003
2284930
2285522
2285790
2286138
2287114
2287217
2288188
2289084
2290059
2291013
2291439
2292162
2292263
2293247
2294000
2294276
2295018
2295190
2295965
2296019
2296218
2297054
2297998
2298149
2298217
2298270
2298573
2299349
2299910
2300801
2301451
2302330
2302731
2302823
2303247
2303938
2304779
2304878
2305838
2306571
2307199
2307448
2308029
2308591
2309559
2309690
2309770
2309909
2310827
2311740
2311936
2312161
2312925
2313261
2313873
2314447
2314745
2315725
2316181
2316747
2317017
2317776
2317879
2317913
2318063
2318282
2318283
2318813
2318962
2319584
2320237
2320966
2321597
2321743
2321856
2321937
2322639
2323592
2323658
2324265
2324657
2325421
2325871
2326453
2327217
2327892
2328885
2329081
2329839
2330142
2330149
2330507
2330742
2331007
2331951
2332728
2333322
2333524
2334107
2334524
2335329
2335901
2336832
2337393
2337742
2338466
2338989
2339320
2339704
2340277
2340396
2340973
2341433
2342042
2342725
2343081
2343304
2344172
2345018
2345460
2345821
2345901
2346170
2346616
2347241
2347449
2348414
2348475
2349002
2349366
2350160
2350748
2351542
2351825
2352528
2352668
2353086
2353650
2354082
2354402
2354454
2355424
2356014
2356713
2356877
2357501
2358021
2358368
2358829
2359179
2359543
2360503
2361435
2361635
2362315
2363134
2363460
2363619
2364397
2365181
2366070
2366852
2367768
2368056
2368998
2369763
2370243
2370719
2370894
2371012
2371670
2371796
2372346
2372944
2373906
2374656
2375004
2375734
2375748
2376727
2376839
2377627
2378521
2378904
2379529
2379724
2380264
2380417
2381304
2382295
2382526
2382682
2383545
2383607
2384177
2384798
2384830
2385821
2386048
2386583
2386946
2387940
2388441
2389365
2389639
2390326
2391214
2391990
2392129
2392766
2393345
2394097
2395029
2395220
2396055
2396217
2396257
2396407
2396673
2397276
2397939
2398185
2398821
2399563
2400209
2401039
2401334
2401687
2402301
2402779
2403378
2404324
2404911
2405485
2405958
2406093
2406264
2407122
2407203
2407405
2407926
2408296
2408693
2409190
2409552
2409872
2410773
2411055
2411685
2411720
2411868
2412424
2413027
2413063
2413530
2414337
2414788
2415213
2415348
2415674
2416426
2416557
2416558
2417110
2418017
2418539
2418762
2419278
2419766
2419786
2420121
2420615
2420863
2421456
2421846
2422770
2422911
2423098
2423472
2423840
2423942
2424046
2424789
2425225
2425719
2425750
2426101
2426636
2427225
2428131
2428332
2428860
2429061
2429254
2429434
2430087
2430701
2431684
2432035
2432739
2432974
2433801
2434586
2434732
2435474
2436388
2436705
2436903
2437224
2438089
2438280
2438724
2439555
2439838
2440695
2441466
2441802
2442333
2442866
2443311
2444116
2444760
2445553
2446540
2447289
2448138
2448143
2448889
2449585
2449878
2450519
2450874
2451684
2452584
2452625
2452981
2453192
2453889
2454321
2454936
2455590
2455808
2456434
2456922
2457247
2457484
2457688
2458069
2458581
2458617
2458639
2459017
2459424
2459497
2460075
2460321
2460759
2461056
2461524
2462056
2462396
2463070
2463265
2464014
2464040
2464962
2465078
2465828
2466424
2467361
2467830
2468219
2468528
2468976
2469227
2469631
2470005
2470090
2470457
2470997
2471370
2471868
2472277
2472712
2473656
2473933
2474682
2475676
2476583
2477037
2477497
2478082
2478991
2479346
2479692
2479763
2480755
2481650
2481987
2482795
2483751
2484212
2485081
2485283
2485459
2486111
2486952
2487128
2487504
2488402
2489177
2489489
2489807
2490085
2491036
2491375
2492003
2492932
2493589
2494396
2494702
2495681
2496108
2496437
2496868
2497389
2497534
2498136
2498627
2498901
2499427
2500018
2500837
2501497
2501686
2502238
2502342
2502595
2502999
2503200
2503803
2503841
2504534
2505406
2505952
2506331
2507319
2508195
2508332
2508421
2509342
2509461
2509536
2509753
2510256
2510837
2511816
2512804
2513347
2514051
2514306
2515281
2516194
2516560
2517107
2517430
2517603
2517880
2518688
2518808
2519033
2519145
2519530
2519787
2520184
2520659
2521645
2522494
2522902
2523239
2523500
2523849
2524058
2524745
2525260
2525705
2525923
2526717
2527606
2528031
2528432
2529413
2529968
2530693
2531092
2531843
2532357
2532529
2532905
2532948
2533603
2534497
2535038
2535943
2536719
2537396
2538123
2538960
2539601
2540378
2540534
2540571
2540988
2541223
2541343
2541759
2541785
2541862
2542207
2542889
2543227
2543404
2544137
2544291
2544335
2544998
2545142
2545987
2546779
2546949
2547661
2547952
2548719
2548914
2549632
2550453
2550504
2551155
2551849
2552687
2553114
2553753
2554103
2554826
2555614
2556103
2556543
2557429
2557511
2558155
2558689
2559172
2559769
2560467
2560716
2561029
2561479
2561883
2562646
2563148
2563975
2564891
2565035
2565934
2566340
2566511
2566632
2566657
2567004
2567310
2567315
2567397
2568180
2569043
2569845
2570570
2570762
2571444
2571758
2571944
2572189
2573106
2573532
2573740
2574020
2574811
2575545
2576174
2576196
2576545
2576845
2577764
2578356
2579187
2579330
2579938
2580778
2581178
2581627
2582111
2582138
2583002
2583007
2583907
2584715
2585659
2586017
2586711
2587511
2587536
2588072
2588775
2589241
2590157
2590828
2591171
2592126
2592745
2593112
2593130
2593251
2593894
2594506
2594927
2595040
2595724
2596718
2596968
2597415
2597928
2598806
2599767
2599932
2600815
2600915
2601823
2602592
2603552
2604535
2604558
2605502
2605906
2606249
2606637
2606923
2607610
2607998
2608778
2609165
2609372
2609647
2610523
2610927
2611174
2611206
2612075
2612540
2612574
2613466
2613893
2614386
2615004
2615617
2615939
2616268
2616469
2616589
2617415
2617646
2617842
2618585
2618938
2619054
2619119
2619457
2620361
2621027
2621609
2622096
2622892
2623062
2623603
2624067
2624642
2625018
2625241
2625654
2626614
2627563
2628204
2628636
2628954
2629579
2630036
2630923
2631382
2631966
2632103
2633063
2633683
2633949
2634535
2634567
2634914
2635148
2635397
2635607
2636425
2637117
2637840
2638518
2639209
2639289
2639429
2639864
2640405
2641365
2642346
2643157
2643390
2643567
2643871
2644869
2645145
2646076
2646740
2647167
2647583
2648345
2649038
2649054
2649807
2649929
2650405
2650593
2651081
2651541
2652052
2652193
2653052
2653132
2653441
2653855
2654027
2654421
2654627
2655186
2655224
2655941
2656203
2656594
2656652
2657183
2657184
2657657
2658519
2658543
2658877
2659349
2659407
2660313
2660481
2660747
2661735
2662055
2662959
2663652
2663881
2664858
2665368
2665626
2666521
2666824
2667274
2668066
2668164
2668930
2669468
2669633
2670601
2671075
2671664
2671943
2672676
2673296
2673972
2674145
2674870
2675529
2676168
2676197
2676580
2677051
2677229
2677251
2677737
2678520
2678795
2679376
2680060
2680781
2681624
2682379
2682867
2683438
2683555
2683598
2684184
2684717
2684816
2685724
2686713
2687420
2687855
2688169
2688419
2688500
2688723
2688932
2689668
2689938
2690178
2690234
2690874
2691303
2691919
2691951
2692913
2693878
2694278
2695149
2695163
2695570
2696120
2697114
2697321
2698084
2698174
2698503
2698969
2699906
2700596
2700940
2701386
2701426
2701471
2701794
2701967
2702942
2703405
2704185
2704442
2704531
2705390
2706062
2706924
2707206
2708111
2708854
2709829
2710090
2710512
2711380
2711860
2712347
2712421
2712789
2713170
2713288
2714025
2714761
2715685
2716408
2716624
2717182
2718031
2718856
2719361
2720047
2720995
2721902
2722369
2723233
2723434
2724127
2724585
2725454
2726303
2727068
2727657
2727793
2728337
2728903
2729862
2730313
2730334
2730349
2730636
2730868
2731770
2732416
2732575
2733280
2734173
2734718
2735585
2736543
2737175
2737968
2738012
2738987
2739040
2739240
2739822
2740546
2741267
2742184
2743035
2743394
2744036
2744647
2745579
2746255
2747014
2747965
2748101
2748135
2748796
2748915
2749866
2750542
2751292
2751736
2752222
2752395
2752482
2752877
2753683
2754503
2755385
2755795
2756139
2756823
2757359
2757598
2757974
2758017
2758818
2759378
2759379
2760056
2760953
2761199
2761573
2761983
2762071
2762171
2763145
2763385
2763869
2764355
2764552
2765126
2765581
2765962
2766087
2766341
2766526
2767007
2767328
2767581
2768298
2768512
2769248
2769984
2770856
2771276
2771495
2772478
2772986
2773718
2773869
2774548
2774581
2774988
2775035
2775815
2776071
2776692
2777586
2777690
2778417
2778522
2778976
2779781
2780587
2781448
2781482
2781903
2782172
2782631
2783394
2783543
2784074
2784200
2784882
2785577
2785891
2786781
2786814
2787135
2787830
2788087
2788977
2789902
2790089
2790382
2791099
2791221
2791316
2791853
2791902
2792223
2792226
2793004
2793181
2793939
2794536
2795184
2795614
2795911
2796201
2797189
2797232
2797451
2798259
2799056
2799469
2800082
2800640
2801550
2802210
2802926
2803345
2803641
2803690
2804431
2804704
2805629
2806216
2806904
2807728
2808462
2809043
2809724
2809751
2809999
2810555
2811170
2811780
2812012
2812629
2812891
2813372
2813957
2814581
2815527
2815624
2816469
2816576
2816881
2817682
2818540
2819182
2819442
2819902
2820039
2820255
2820806
2821136
2821145
2822003
2822345
2822484
2822982
2823394
2823817
2824334
2824911
2825889
2826612
2827161
2827170
2827729
2828027
2828792
2828876
2829089
2829849
2830724
2831239
2831704
2832111
2832594
2833433
2833457
2833640
2833801
2834378
2835296
2836036
2836321
2837156
2838055
2838629
2838718
2839104
2839972
2840899
2840999
2841767
2842751
2843044
2843547
2844298
2844445
2844553
2844691
2845559
2846421
2846788
2847306
2848293
2848695
2848881
2849726
2850659
2851086
2851572
2852460
2852567
2852620
2853485
2854327
2854914
2855883
2856637
2857045
2857352
2857972
2858840
2859807
2860664
2860683
2860763
2861681
2861799
2862370
2862957
2863742
2863866
2864515
2865068
2865848
2866830
2866959
2867091
2867379
2867687
2868583
2869133
2869238
2869319
2869442
2870319
2870559
2870799
2871108
2871848
2872262
2873249
2873880
2874439
2874921
2875256
2875564
2875818
2876347
2876881
2877256
2878160
2879102
2879593
2880269
2880337
2880561
2881394
2881717
2882576
2882916
2883022
2883861
2884088
2884836
2885688
2886053
2886261
2887261
2887628
2888600
2888964
2889266
2890108
2890126
2890242
2890637
2891502
2891711
2891892
2892293
2892788
2892868
2893203
2893816
2893861
2894143
2895034
2895685
2896144
2896707
2896711
2897075
2897729
2898526
2899299
2900220
2901053
2901315
2901739
2902470
2903387
2904316
2904481
2904519
2905103
2905704
2905787
2905851
2905962
2906880
2907567
2907981
2908918
2909653
2910239
2911103
2911118
2912106
2912681
2913004
2913143
2913656
2914368
2914457
2915255
2915743
2916589
2917414
2917946
2918617
2919081
2919523
2920130
2920611
2921481
2922233
2922820
2923569
2923969
2924342
2924580
2925454
2926405
2926759
2927091
2927548
2928386
2928756
2929517
2930232
2930537
2931487
2932190
2933138
2933752
2933837
2934543
2934886
2935880
2936807
2937192
2937323
2938266
2938348
2939087
2939563
2939969
2940905
2941876
2941894
2942528
2943446
2943725
2944451
2944543
2945094
2945129
2945571
2945887
2946602
2947478
2948156
2949064
2949185
2949681
2949937
2950461
2950658
2951513
2951918
2952335
2953117
2953936
2954378
2954399
2954444
2954477
2954805
2955110
2955420
2955903
2956233
2956323
2956679
2957091
2957107
2957669
2957912
2958645
2959638
2960289
2960758
2961467
2962303
2962810
2963142
2963711
2963891
2964658
2964864
2965493
2965868
2965954
2966633
2966717
2966840
2967588
2967689
2968539
2969402
2970084
2970590
2970865
2971662
2972324
2972964
2973314
2973493
2974298
2975119
2975425
2975695
2976471
2977274
2977433
2977760
2977870
2978018
2978867
2979128
2979763
2980515
2981252
2981968
2982035
2982636
2983128
2983224
2983847
2984062
2984140
2984382
2984472
2984619
2985022
2985709
2985726
2986150
2987099
2987246
2987913
2988225
