La primera linea indica la cantidad de minutos a considerar (n). Luego vienen n lineas que corresponden a los x_i, y luego los n valores que corresponden a la funcion f(.):
7000
436
420
467
889
315
216
604
955
748
106
252
586
108
99
731
147
52
287
976
151
148
846
435
600
996
706
857
971
166
381
15
424
54
774
450
644
718
315
996
242
698
202
389
907
943
501
464
283
472
120
910
406
343
15
906
209
460
498
935
350
161
526
462
589
419
803
823
6
52
413
761
605
189
384
261
84
661
653
64
604
707
526
668
302
541
664
821
317
621
580
999
314
385
789
402
130
396
352
934
648
379
590
464
841
972
136
483
6
439
859
409
965
654
386
34
160
932
319
376
300
771
885
480
168
715
111
764
313
703
744
373
369
716
719
103
914
431
390
271
691
743
446
24
310
471
13
187
61
155
913
51
859
116
666
181
123
88
41
176
850
775
511
14
868
769
318
968
266
882
490
612
370
676
702
249
96
102
524
403
155
562
98
30
388
676
139
891
715
537
665
561
426
817
766
161
583
424
146
550
904
592
868
249
99
189
279
626
13
586
823
449
997
220
643
873
775
255
463
856
294
794
160
752
663
12
323
235
878
464
462
715
57
787
974
502
274
931
19
268
110
656
157
65
448
505
192
804
847
841
718
215
117
167
423
772
919
451
213
464
958
60
20
884
993
267
691
439
477
687
713
947
307
596
673
251
452
300
313
25
752
713
717
134
519
402
30
923
646
799
940
677
591
749
929
476
264
512
186
516
360
456
426
953
963
647
592
109
778
735
252
482
346
297
461
20
945
320
563
341
611
803
558
970
501
100
477
802
874
430
724
739
477
756
303
536
430
177
298
603
746
611
682
352
949
58
617
769
841
347
874
410
617
439
343
732
779
894
863
765
973
947
743
363
737
96
58
316
315
488
550
11
75
984
872
641
988
190
657
785
422
144
581
455
259
1000
186
878
790
734
636
640
820
26
379
765
698
312
530
412
707
389
914
593
620
661
361
788
515
757
887
20
147
887
614
61
154
549
422
326
754
529
710
186
21
953
901
810
790
235
662
345
462
330
575
896
698
640
128
937
283
585
426
56
701
896
468
949
792
930
756
670
850
552
515
608
376
745
837
127
378
874
568
544
962
89
750
698
394
330
116
776
951
890
111
381
425
641
2
262
746
716
696
819
123
608
694
447
192
534
136
408
396
807
710
525
843
126
830
674
484
622
500
987
448
452
254
248
88
373
998
5
340
337
774
58
847
29
496
951
526
494
521
270
498
706
147
290
343
279
853
957
26
50
447
574
947
311
62
574
821
250
671
337
709
284
850
202
755
716
517
639
783
90
503
111
661
802
271
796
538
360
103
131
574
245
453
981
698
407
267
901
378
532
381
483
668
542
114
931
484
452
358
59
779
348
626
337
105
522
305
615
436
314
526
225
524
75
559
45
806
646
8
680
480
521
483
272
696
337
173
487
732
227
792
862
538
354
401
949
271
314
767
987
280
55
492
791
30
315
355
796
400
507
746
279
116
746
293
928
160
82
644
86
939
276
193
758
646
696
593
99
735
910
702
488
901
15
280
121
900
527
566
72
653
419
905
480
420
222
586
399
808
672
868
296
444
267
24
222
382
994
488
338
520
411
688
411
108
327
780
598
536
471
110
984
109
410
15
517
769
410
215
703
801
235
110
815
358
407
865
418
180
45
544
993
226
509
512
877
729
800
238
141
35
606
731
431
401
469
58
604
654
972
29
193
668
548
830
22
736
975
414
304
778
592
314
366
774
872
63
189
119
404
970
798
76
416
559
810
261
702
940
112
954
405
551
940
366
293
915
868
40
855
635
451
959
453
129
832
524
276
202
915
914
109
71
426
13
446
979
86
241
489
690
911
80
876
889
745
564
99
652
335
141
783
67
560
404
147
886
938
723
671
923
333
601
455
935
786
871
43
978
301
388
769
953
251
571
435
100
977
689
721
359
208
295
609
949
270
934
293
677
195
348
622
80
322
151
914
971
829
325
777
320
491
880
301
489
41
982
23
830
854
705
130
656
95
975
587
404
374
284
123
893
293
731
355
202
547
822
656
834
807
473
680
354
965
708
669
822
259
608
135
625
95
356
137
69
977
991
232
154
198
895
846
331
341
376
529
437
128
65
781
889
271
969
615
257
593
16
971
828
689
168
279
51
986
750
338
334
717
453
226
158
861
248
763
260
87
889
491
702
187
806
343
699
775
349
970
109
784
604
842
185
132
559
449
520
177
695
661
337
605
10
696
450
132
370
237
477
69
440
232
315
81
173
131
480
558
81
9
24
62
597
641
959
133
165
594
237
582
82
306
887
512
372
465
196
661
307
571
983
29
150
413
157
472
710
184
306
391
708
923
251
503
700
847
499
4
329
364
62
127
860
173
283
855
399
280
460
737
86
539
862
125
322
670
47
193
471
994
688
518
932
550
557
439
327
110
325
937
940
315
483
940
235
695
185
884
477
893
365
583
545
917
809
448
215
603
769
591
791
610
107
60
849
987
418
239
300
211
53
218
229
732
599
120
259
418
913
798
870
850
725
224
324
322
491
98
509
822
522
460
355
900
502
409
140
546
83
619
713
951
354
779
500
65
605
731
714
728
740
491
112
759
61
32
171
925
669
296
591
474
788
74
854
744
577
583
465
795
707
493
55
911
870
274
27
418
441
351
959
129
251
811
454
32
667
695
51
158
535
450
125
935
175
123
614
63
362
538
272
399
840
375
920
137
9
233
326
671
428
458
929
271
40
639
507
283
231
880
475
97
319
73
822
629
34
769
617
242
82
465
813
433
248
548
914
582
444
848
555
424
747
867
394
886
452
500
303
311
771
485
354
578
552
548
995
916
615
104
108
562
522
316
974
812
569
21
181
903
289
79
72
192
852
828
161
284
95
783
909
824
646
341
470
890
179
72
695
742
475
952
879
663
10
800
539
811
191
23
510
357
39
82
809
791
712
103
829
284
890
170
116
305
460
352
575
645
622
942
16
1000
407
36
684
774
368
621
512
771
334
367
491
159
694
904
845
147
544
118
714
699
847
780
248
277
499
207
966
831
237
928
830
291
718
675
707
76
923
657
617
960
483
706
657
312
982
382
659
951
471
706
540
61
489
761
850
564
327
98
189
829
958
5
66
352
371
383
225
969
197
418
885
741
319
597
921
37
350
378
996
820
208
374
429
714
763
105
89
27
52
700
409
535
637
43
37
910
118
964
347
547
129
769
544
42
910
515
767
689
72
360
53
479
200
456
814
309
302
218
349
26
147
93
71
323
522
528
439
400
177
986
305
431
216
417
830
372
985
882
35
213
233
595
504
929
37
498
366
688
301
175
886
992
434
72
561
564
402
434
310
218
760
661
488
49
117
623
995
429
116
412
101
105
77
324
623
645
753
283
70
129
997
95
432
435
367
505
419
895
405
28
29
913
11
907
577
622
337
178
894
940
518
493
205
704
277
998
222
84
368
154
619
261
5
614
60
838
794
815
795
137
392
595
840
238
424
99
850
499
131
775
576
943
453
47
291
953
748
638
532
694
891
146
437
845
55
205
976
224
917
421
267
228
331
735
179
267
214
388
780
575
720
350
957
109
204
926
801
761
556
961
404
661
873
483
732
706
891
197
533
627
61
485
176
520
750
519
369
301
78
108
55
172
882
786
595
519
765
380
209
863
927
800
715
22
196
206
549
507
891
956
451
739
671
518
363
289
687
726
357
757
636
983
947
60
48
857
530
609
491
120
236
408
369
410
650
422
839
708
960
585
428
219
306
320
306
243
562
392
94
972
416
418
415
248
500
443
125
682
420
739
229
8
301
553
101
319
11
621
116
102
487
946
869
288
347
768
135
784
256
309
825
138
602
18
663
50
298
716
6
145
153
520
479
447
196
885
7
415
508
219
593
933
705
359
523
610
409
640
509
79
10
430
40
915
20
15
154
256
334
157
771
160
910
778
181
31
324
459
382
157
138
898
191
732
3
665
704
326
916
479
938
439
978
133
7
754
229
743
95
444
251
796
351
170
949
716
993
882
251
783
844
575
925
40
794
145
855
480
302
452
267
738
987
711
838
449
47
56
563
78
296
413
805
767
621
761
311
292
359
552
406
913
935
874
131
488
77
248
392
762
56
257
447
336
889
969
985
803
289
460
538
729
227
395
443
389
64
806
908
262
484
912
353
644
733
123
138
15
968
944
703
399
168
686
425
178
351
244
854
102
370
500
829
236
106
953
794
199
932
974
50
871
972
831
956
899
15
930
305
700
233
579
28
100
327
739
494
664
407
579
468
908
132
348
560
824
33
564
954
850
856
912
438
575
596
404
537
408
423
986
742
239
593
720
330
558
410
226
199
559
723
559
5
461
914
513
501
191
448
861
910
595
662
862
283
978
18
637
13
657
892
7
859
181
733
866
318
246
734
746
524
184
863
995
719
268
759
210
695
336
708
42
588
442
496
643
68
565
52
369
166
590
484
788
752
986
818
162
749
772
647
607
861
788
333
704
871
275
239
180
396
505
525
481
920
446
310
705
193
128
233
530
387
480
968
953
606
800
187
368
70
846
328
512
204
43
529
503
195
11
874
287
701
427
194
280
704
680
233
10
374
960
469
208
501
706
50
485
680
720
461
44
753
455
669
666
522
567
453
695
541
593
117
664
876
23
72
432
613
741
299
137
209
163
841
103
806
175
553
682
678
824
33
386
508
411
620
562
476
567
746
954
1
731
903
703
656
831
43
841
591
723
684
654
899
279
357
413
451
722
489
588
146
20
682
554
456
481
181
603
293
37
745
874
600
928
810
620
777
829
702
732
201
728
456
267
864
722
373
39
942
381
982
731
584
159
539
245
765
365
925
161
85
707
179
675
338
668
476
633
622
779
361
682
479
853
150
443
663
230
421
780
103
656
923
995
424
765
153
20
45
892
342
942
813
887
51
520
605
733
29
804
697
304
345
185
532
703
718
349
220
58
565
386
133
525
306
109
825
269
938
690
892
531
489
846
258
983
150
611
42
901
211
13
549
987
137
276
3
790
316
743
454
347
188
803
39
893
707
314
269
84
719
296
241
383
990
543
223
832
514
212
501
492
716
835
836
654
39
35
14
616
563
271
944
916
518
750
336
454
83
17
110
103
865
446
798
838
291
909
574
424
470
55
294
963
179
938
336
27
704
890
446
818
567
626
473
953
695
752
255
54
223
10
886
480
46
893
662
493
19
450
119
359
567
419
980
771
668
575
1
745
327
155
859
947
503
386
236
766
68
245
638
147
154
488
392
45
212
295
414
801
991
855
86
504
31
569
121
72
333
760
809
229
320
904
634
67
429
498
932
982
816
156
310
204
695
343
165
390
374
386
367
737
190
625
990
572
740
580
718
767
700
146
667
71
134
99
168
200
40
624
37
754
647
697
873
708
59
877
772
544
111
623
7
496
972
908
513
304
263
367
650
258
409
554
678
82
409
748
553
966
490
713
550
640
558
282
998
913
404
450
411
300
399
412
724
713
257
395
831
167
169
804
724
981
294
952
447
248
985
45
415
30
965
144
604
754
174
107
209
549
571
807
680
933
97
284
712
645
430
653
357
992
230
363
453
721
270
615
16
507
457
611
600
214
232
40
990
146
265
143
395
388
963
187
680
541
607
765
119
766
469
807
356
40
165
660
906
996
302
360
911
416
817
865
147
546
552
749
976
3
783
97
17
175
296
35
764
589
740
806
117
144
973
491
130
534
561
746
76
963
407
950
823
831
840
509
222
935
706
723
327
430
908
494
873
153
755
624
37
240
884
783
374
823
60
893
983
627
224
249
67
572
987
955
842
858
969
70
381
892
402
464
271
298
840
939
934
940
821
856
172
735
670
978
874
176
266
44
657
487
71
9
301
355
447
316
830
506
924
490
950
376
532
255
1000
340
970
299
828
521
664
64
545
647
19
375
122
957
619
310
657
82
199
693
179
746
247
489
723
295
981
458
951
658
999
356
662
335
903
332
784
74
998
608
89
148
914
348
190
671
600
672
429
341
54
13
604
204
163
527
144
67
247
442
590
805
962
642
784
161
344
807
23
362
904
125
407
455
550
395
213
847
267
169
335
29
807
206
804
980
154
945
898
919
722
513
767
782
507
808
980
446
826
791
920
664
921
329
4
23
173
721
486
682
455
519
758
1000
18
304
781
810
333
803
705
916
196
601
189
362
342
565
67
213
818
253
461
149
253
191
717
958
396
26
156
227
296
327
424
169
340
342
886
813
44
659
133
643
171
68
360
330
160
269
24
623
835
6
82
78
81
118
544
479
69
210
132
339
830
212
706
520
854
604
183
64
768
433
950
664
395
976
863
39
429
757
860
578
392
352
940
318
322
253
546
646
18
754
163
498
706
445
439
504
556
217
906
855
701
103
360
400
334
481
975
920
621
146
713
196
326
473
368
3
489
306
477
303
683
363
591
250
515
667
102
472
15
542
121
477
355
24
697
613
449
513
257
849
357
783
289
481
502
923
915
202
920
421
560
800
489
981
198
499
111
528
268
832
599
810
380
629
632
824
505
141
511
218
389
797
538
47
600
436
157
753
44
260
742
876
685
93
770
662
214
235
661
42
750
452
843
417
731
685
252
276
398
794
816
332
544
55
775
329
107
322
101
849
283
2
58
538
330
712
310
250
579
943
982
637
811
989
17
181
78
316
760
982
146
347
574
933
454
933
910
639
495
646
301
776
410
408
616
959
422
986
317
464
701
411
754
692
500
662
613
909
811
502
341
661
931
314
104
362
638
233
145
45
854
593
285
166
629
595
829
368
986
342
944
636
601
810
805
201
405
849
394
826
137
120
967
434
712
789
443
363
872
688
679
909
56
741
564
723
698
871
553
972
154
979
2
828
157
159
83
665
25
353
386
651
225
18
454
709
172
958
225
69
693
146
240
226
35
521
29
515
874
126
913
35
594
989
707
35
300
895
713
326
466
850
141
527
243
31
329
137
484
463
490
863
599
989
432
473
174
895
457
221
982
112
985
795
647
619
687
461
793
720
69
246
387
138
382
505
639
25
452
531
333
140
304
26
574
807
392
211
793
308
434
629
803
541
927
916
259
510
545
80
642
749
643
474
770
498
816
143
668
636
705
384
940
641
946
781
464
59
306
309
707
770
899
669
95
394
382
584
672
95
744
42
932
46
206
30
315
654
945
598
758
312
134
272
844
314
4
995
370
637
956
917
232
759
736
817
548
601
229
21
845
91
392
605
5
931
877
437
561
470
806
121
448
469
441
131
838
482
88
717
806
501
863
780
487
477
701
990
598
807
107
629
492
503
757
667
832
279
769
479
929
617
66
48
632
982
507
808
569
577
925
946
66
608
986
15
380
93
78
333
556
244
388
662
943
290
817
833
937
772
999
951
14
374
345
690
247
883
905
207
299
951
943
236
608
274
497
831
669
169
158
289
83
797
201
42
982
494
225
601
870
926
95
49
364
28
857
232
350
391
208
574
488
134
53
770
480
153
762
892
127
32
785
846
585
33
232
375
680
289
314
759
491
275
673
186
853
782
521
93
409
47
266
471
877
290
327
213
236
19
866
232
507
924
521
58
518
203
260
450
239
963
601
390
914
334
994
676
364
253
535
116
585
528
390
917
889
471
588
494
100
686
94
166
898
809
932
321
760
997
348
366
221
379
211
547
974
943
843
410
527
772
956
897
928
13
149
5
257
232
576
976
507
943
962
667
38
133
422
479
194
894
977
272
547
930
68
674
541
762
147
261
589
15
304
455
222
409
193
780
732
405
237
330
365
82
277
516
822
813
238
519
530
122
295
944
699
780
491
203
609
221
731
986
904
999
515
988
137
354
207
219
20
761
88
183
636
880
223
359
530
71
5
477
696
930
536
38
479
847
675
308
368
790
426
553
398
737
807
290
886
821
49
735
119
25
200
189
647
865
639
917
611
603
317
974
133
454
476
743
682
681
482
583
688
425
363
128
366
678
824
461
331
173
721
38
708
720
80
244
854
902
981
160
903
91
784
625
73
375
877
425
709
506
236
354
670
854
471
943
667
11
763
958
927
969
197
321
569
13
854
581
190
633
590
700
533
661
574
467
453
84
280
598
834
226
332
896
582
590
565
36
55
990
240
854
106
536
465
28
434
734
59
117
813
684
223
812
431
94
863
756
370
545
941
868
928
858
91
6
670
984
278
804
991
49
999
189
721
658
816
611
160
946
429
964
590
265
545
548
638
564
288
731
164
328
280
326
526
37
536
641
947
350
570
796
546
377
320
769
647
387
217
358
94
231
991
963
151
334
429
985
436
247
530
521
835
91
472
698
997
107
612
839
201
439
803
279
452
381
573
465
199
501
699
322
21
215
224
584
675
352
196
977
996
809
814
581
925
295
135
196
896
387
751
402
274
246
777
971
584
279
237
789
281
553
64
214
499
353
9
293
247
190
986
842
410
669
37
205
771
175
856
308
685
93
825
208
487
7
197
97
777
323
262
201
29
665
628
131
245
802
544
299
98
279
61
279
450
395
327
60
172
645
528
674
773
65
524
121
193
535
285
227
724
443
761
159
851
598
570
830
324
332
308
236
380
801
680
763
953
559
275
774
831
846
429
32
930
767
898
111
961
910
140
765
714
539
202
26
702
618
254
974
820
757
441
820
289
942
754
401
400
975
689
320
600
970
999
648
854
577
162
283
674
593
510
619
53
844
564
561
960
659
363
238
144
409
779
806
846
940
674
428
666
246
229
236
935
136
828
368
410
857
19
528
676
202
710
798
844
70
253
704
943
535
449
601
729
260
504
986
21
585
212
418
926
336
809
168
945
372
91
225
212
447
702
853
508
373
777
237
455
769
695
729
246
680
156
320
87
519
167
32
435
697
155
605
173
586
798
453
856
867
488
77
837
864
770
985
938
403
618
926
844
167
180
753
605
190
351
772
638
200
703
682
294
499
742
339
104
693
958
703
647
852
765
703
631
909
274
647
45
423
88
133
664
11
919
716
53
589
209
211
848
712
395
707
780
687
855
452
60
298
481
672
947
502
732
968
224
446
140
38
346
932
713
515
613
752
562
285
873
303
95
823
865
594
168
346
749
592
325
51
259
887
573
107
324
964
455
536
1000
478
375
535
726
490
342
723
369
194
563
85
530
607
605
303
959
900
105
556
831
122
41
615
828
369
39
329
590
404
904
783
350
43
335
437
110
57
604
694
125
228
323
400
482
579
728
885
965
82
459
862
929
182
658
496
272
936
716
200
450
37
503
524
965
275
289
68
769
376
682
227
333
537
429
144
281
879
493
594
553
628
171
863
510
100
702
292
713
49
443
179
684
99
460
990
781
212
866
86
514
882
653
21
338
792
756
756
852
112
210
402
84
811
117
184
1
632
33
200
523
515
226
133
49
246
931
113
957
894
234
88
651
779
256
808
345
667
542
277
608
9
642
103
137
480
632
61
186
941
284
54
157
479
176
661
678
297
497
132
4
417
596
893
886
408
753
892
701
289
650
168
691
754
660
829
961
803
476
561
484
256
821
202
908
775
528
399
601
882
101
993
445
596
107
310
934
557
1000
784
379
642
79
170
369
939
335
459
398
985
933
916
615
981
746
94
631
938
961
39
82
179
581
338
697
117
30
694
897
306
507
184
138
946
480
42
377
435
633
26
394
729
641
519
78
888
783
470
779
941
142
435
170
886
247
640
198
134
742
383
356
122
512
427
965
148
531
264
469
615
386
658
305
516
354
624
98
217
765
386
744
131
873
261
535
222
683
178
518
174
174
562
582
41
966
279
956
803
292
271
391
235
12
578
196
344
721
86
384
386
349
651
525
643
897
316
86
579
655
908
655
473
775
819
843
686
187
339
315
38
145
594
263
692
594
987
717
202
975
14
835
678
130
666
265
966
998
451
866
33
954
235
663
908
877
815
813
308
188
449
34
773
287
126
63
520
81
464
40
497
874
723
494
830
14
768
102
988
421
492
672
283
615
693
706
849
119
167
969
18
536
371
544
524
308
633
547
981
702
488
6
210
834
52
406
288
559
364
991
818
632
475
967
551
713
307
266
431
529
591
3
729
549
373
733
108
2
545
211
103
124
159
167
643
721
562
307
320
54
2
598
183
976
697
372
546
131
287
942
626
798
310
717
624
634
522
897
524
885
705
79
953
22
163
824
51
825
705
579
60
581
740
508
921
945
927
612
294
784
402
948
967
926
440
795
34
367
435
154
425
315
74
680
161
517
876
802
389
565
221
187
888
204
758
111
814
438
105
318
629
980
686
915
931
530
462
50
516
831
73
534
431
74
189
315
880
880
959
47
534
592
124
620
803
753
158
986
810
2
734
398
86
182
287
127
312
415
264
60
600
269
773
779
557
73
667
311
728
140
905
568
89
941
350
485
657
162
597
229
456
529
33
812
453
561
436
224
781
43
371
754
791
971
222
910
578
796
927
359
207
102
691
61
793
3
639
741
117
2
348
618
976
964
140
953
506
459
436
636
55
513
717
758
721
73
249
597
834
51
229
779
731
453
499
169
927
987
239
716
507
486
149
614
270
492
86
16
836
641
438
312
50
219
607
319
41
699
46
842
306
12
367
766
110
15
480
58
8
52
340
459
115
209
26
920
68
112
342
244
275
727
598
837
607
184
229
975
391
924
218
152
497
999
558
508
349
596
268
418
788
97
532
537
723
132
993
633
888
397
752
412
627
350
658
213
516
571
103
79
342
299
803
258
165
948
174
226
728
773
351
590
400
883
431
268
205
956
572
980
308
209
643
918
516
313
583
727
756
480
126
646
453
439
108
599
87
688
160
324
227
104
233
531
480
896
818
993
75
441
907
110
430
58
87
182
594
78
883
610
945
971
359
760
692
547
133
883
512
877
630
635
100
660
179
239
225
866
684
297
482
120
486
457
905
319
808
192
482
678
983
319
723
260
493
655
314
707
322
252
829
986
337
583
742
622
228
419
610
385
295
872
760
858
798
999
386
777
144
686
862
95
87
451
411
846
871
682
563
525
133
247
253
686
118
683
365
867
43
459
358
710
561
344
534
849
883
102
289
462
962
372
113
762
633
733
880
572
337
716
56
677
511
39
932
742
910
469
251
641
508
579
216
161
18
992
51
587
625
898
798
310
458
15
515
384
533
629
105
988
421
628
713
7
863
212
733
238
377
756
230
881
208
162
117
123
875
322
422
769
228
737
948
194
574
980
750
94
442
842
904
665
517
811
904
543
208
695
557
655
30
688
670
857
287
32
725
671
64
214
609
762
347
848
205
539
384
884
224
184
342
364
657
919
537
12
633
938
769
25
935
827
228
261
73
351
717
116
437
369
403
967
204
637
389
513
618
162
923
506
136
805
952
948
136
874
922
959
266
241
996
532
722
496
105
368
687
362
737
256
191
232
803
986
825
305
218
171
655
452
618
407
454
781
492
382
644
9
499
343
131
677
882
533
981
258
566
611
934
819
538
908
3
95
655
269
720
494
644
64
112
872
581
95
799
318
949
989
710
626
579
899
642
931
68
728
585
28
511
831
519
221
606
291
842
586
615
919
868
595
402
189
325
577
286
551
429
216
25
349
897
226
951
735
524
282
531
579
109
69
189
413
934
158
531
258
860
597
763
847
614
443
40
536
986
336
410
859
485
310
690
373
21
988
943
119
837
167
224
507
446
566
532
989
47
2
373
281
904
301
156
115
845
476
12
876
995
557
893
12
69
105
417
357
385
118
777
541
990
587
623
974
912
460
212
552
246
894
513
793
946
920
113
4
675
683
14
218
549
307
541
810
578
24
256
973
531
672
131
625
162
739
407
139
333
28
338
446
932
767
180
938
131
571
126
783
212
59
141
515
447
353
216
947
500
990
745
556
347
674
497
699
86
133
648
626
331
621
726
856
528
941
259
192
657
140
58
447
988
227
802
587
886
471
323
872
187
91
806
76
248
272
723
570
499
267
198
22
254
371
535
531
821
463
667
6
855
596
117
295
227
592
46
573
232
409
787
997
774
449
951
894
474
271
253
475
555
799
104
895
627
486
673
419
106
353
531
295
918
114
620
614
461
694
108
147
210
546
928
218
92
743
132
990
51
898
560
458
469
587
132
156
71
437
272
491
289
8
629
198
553
61
682
677
752
532
427
424
523
348
333
331
523
90
612
330
631
449
695
504
348
862
232
4
1000
829
675
651
936
625
742
984
152
844
234
692
354
913
600
300
370
933
491
317
890
374
758
64
755
112
918
592
897
292
866
71
987
586
997
806
878
254
422
538
641
60
627
437
327
674
841
572
912
9
202
509
87
155
299
402
907
855
784
581
218
153
428
926
652
686
278
526
147
52
736
8
310
876
99
813
629
265
308
686
778
567
359
506
548
837
191
867
276
776
454
294
198
8
355
362
103
385
523
186
359
832
971
685
774
318
388
212
692
542
963
578
643
915
167
860
42
673
143
662
671
617
875
998
613
424
467
468
270
446
795
156
608
392
984
455
164
826
498
219
730
656
923
761
894
269
18
759
602
848
68
477
48
103
704
386
687
645
951
93
941
36
563
877
81
513
106
638
308
883
590
923
805
887
125
31
730
666
291
910
190
452
337
445
421
727
107
286
178
430
623
645
777
19
378
44
408
929
644
396
490
163
434
948
421
833
777
726
545
604
203
930
159
70
449
875
755
247
289
257
353
858
622
410
143
436
435
771
727
22
714
304
789
666
478
686
376
268
798
447
407
520
974
882
967
256
204
352
287
321
822
805
74
509
587
274
435
241
545
723
492
303
10
256
414
135
174
963
458
898
490
19
814
871
231
288
197
678
40
419
506
630
481
713
222
278
730
188
136
871
800
370
723
17
79
76
586
737
47
320
766
957
622
409
23
731
936
600
817
78
479
169
220
274
575
198
536
305
520
802
825
96
494
20
54
920
452
397
316
426
824
55
160
987
86
12
943
471
790
768
220
865
255
236
298
290
703
716
302
28
760
808
90
872
781
520
163
955
13
381
155
124
561
888
395
496
716
287
358
50
943
631
360
88
294
626
889
290
173
689
916
447
709
810
995
802
476
821
114
58
381
560
470
256
255
451
365
238
317
702
173
91
296
422
47
358
740
303
517
934
391
968
323
497
939
305
474
708
467
346
457
704
965
554
255
679
532
79
769
884
737
694
870
293
503
574
238
899
983
872
505
334
425
48
881
139
711
849
343
53
599
698
291
495
925
94
987
4
621
628
779
741
540
562
242
332
71
873
713
394
57
416
799
708
557
590
497
108
42
756
994
868
381
212
987
729
320
826
702
224
487
676
490
763
923
947
102
945
383
437
804
132
979
584
167
558
444
999
685
567
1
935
452
247
990
649
15
975
925
31
911
886
403
578
833
818
998
138
393
391
47
166
54
717
328
62
506
493
315
194
461
278
628
282
813
81
405
180
92
843
213
414
660
4
830
835
706
399
330
469
193
120
723
574
730
295
31
489
285
391
82
829
293
863
930
998
280
152
805
557
813
518
59
702
744
424
998
47
81
738
797
907
798
755
913
162
402
164
377
164
767
429
533
245
461
470
264
418
776
459
995
205
118
938
873
27
211
569
498
951
772
979
274
387
280
681
321
610
256
675
311
762
354
556
444
116
728
882
620
289
623
946
451
736
258
491
65
546
157
164
691
551
986
631
67
281
18
155
40
80
65
140
574
194
610
156
519
72
610
166
609
635
840
379
571
549
436
852
595
798
393
805
433
982
129
19
398
575
279
41
483
36
944
291
757
73
46
424
201
243
665
333
795
608
590
898
574
917
212
789
187
804
97
834
886
553
759
565
877
473
693
529
975
804
883
664
625
547
640
961
578
923
839
817
886
281
642
476
883
652
304
240
466
582
62
1
904
214
6
392
965
68
115
704
496
902
693
817
322
453
164
930
656
22
930
341
26
354
347
800
213
333
707
953
782
847
946
619
439
25
406
595
1
437
908
398
895
489
805
720
929
418
575
600
320
544
174
659
227
973
342
147
333
732
996
370
12
352
497
882
583
816
687
884
36
109
306
359
61
59
647
313
555
936
117
674
7
146
244
34
520
401
636
174
196
918
657
558
607
188
780
131
36
35
80
822
894
422
781
855
453
887
924
333
346
992
424
191
440
952
335
906
10
219
602
804
998
517
462
198
34
150
918
176
13
419
665
305
430
712
444
524
424
684
719
636
124
935
890
166
194
616
409
103
70
238
392
685
184
545
806
543
69
984
853
765
838
919
144
928
936
335
186
762
387
613
821
912
113
551
379
79
589
704
287
563
891
32
494
483
650
997
608
504
64
333
844
509
895
989
919
551
63
219
462
846
568
709
24
995
470
277
727
708
209
818
974
974
323
66
318
238
5
435
205
617
578
735
993
978
569
10
249
88
329
288
942
494
732
666
678
332
53
805
524
566
798
320
384
322
657
151
344
678
65
329
945
119
770
61
763
74
134
756
913
443
541
570
653
170
630
206
915
803
172
991
66
884
938
211
801
323
407
954
500
795
875
60
544
511
763
290
568
3
220
814
10
906
145
905
256
430
54
953
478
507
383
533
708
236
558
672
157
702
337
647
14
847
525
838
846
22
450
388
763
95
984
593
518
467
199
864
139
1
157
753
146
345
136
925
193
169
901
376
893
489
365
306
345
860
994
674
943
104
324
409
377
925
313
864
106
288
923
647
385
856
966
907
882
849
850
767
988
827
560
312
442
555
573
499
437
262
19
357
465
176
780
321
756
134
653
501
462
146
836
724
43
778
338
101
47
987
710
77
892
479
551
36
531
541
239
857
40
808
499
734
349
706
196
894
25
575
984
289
304
345
600
231
535
675
538
795
376
33
813
199
948
609
899
945
166
386
93
67
459
352
911
827
612
412
88
462
915
720
820
33
499
769
859
653
334
993
745
305
792
850
961
393
158
449
920
925
404
89
159
603
850
557
315
493
122
846
371
474
36
931
836
504
304
735
844
838
399
553
147
155
323
896
290
656
170
929
118
847
947
797
266
368
350
173
391
564
358
732
456
730
489
355
424
110
764
398
699
929
465
663
351
377
339
147
886
719
833
145
123
739
226
515
35
381
953
991
953
204
743
10
298
753
852
618
161
382
859
39
725
84
453
366
824
163
62
471
756
803
806
920
624
838
771
85
212
503
89
153
978
375
83
750
383
883
165
485
300
780
412
155
410
240
965
720
904
626
526
656
880
121
25
319
935
182
605
299
90
903
180
358
747
388
625
613
959
611
209
457
779
906
520
184
84
142
642
494
946
100
510
272
802
179
708
133
945
994
778
325
707
517
887
237
807
88
272
692
31
77
36
625
873
468
382
147
904
900
309
835
334
440
682
483
242
111
938
514
667
758
780
472
583
992
969
203
394
171
325
70
947
218
777
164
736
820
383
376
737
35
561
196
280
758
593
515
37
422
463
803
778
555
182
405
234
495
532
78
377
463
517
132
52
787
972
714
166
82
278
324
467
384
3
876
70
366
854
394
56
366
825
604
32
385
156
177
102
496
753
424
591
765
197
819
33
190
616
239
750
488
327
457
957
377
215
933
78
746
824
327
148
206
834
441
451
383
780
376
164
931
122
613
291
234
593
60
706
594
369
627
358
385
977
680
556
787
29
130
289
876
188
730
193
294
76
535
433
944
219
682
439
501
369
546
239
616
490
573
811
741
540
463
613
937
49
845
348
569
315
176
18
546
862
604
640
676
968
708
487
948
421
520
382
92
481
424
248
516
758
285
898
586
548
824
411
440
785
1
794
567
989
814
75
507
27
267
56
545
444
41
975
12
871
232
691
231
937
191
135
962
644
936
514
546
799
521
448
176
725
188
2
454
539
582
516
925
193
287
160
474
781
327
906
845
792
974
197
505
551
432
665
888
872
361
587
559
278
118
749
204
973
816
491
299
362
375
555
574
402
1014
1979
2740
3431
3713
4556
4699
5301
5458
6093
6379
6640
7184
7823
8417
9164
10115
10815
11695
12074
12970
13762
14277
14663
15412
16139
16946
17371
17414
18282
18774
18791
19768
20332
20694
20949
21269
21797
21841
22167
22186
22548
22672
23357
23581
23677
24259
24548
24878
24925
25674
26664
27032
27412
27696
28693
29030
29859
29958
29982
30613
31597
32499
32914
33767
34724
34938
35144
35603
35654
36080
36907
37831
38382
38753
39511
39547
40298
40701
40780
41348
42196
43106
44094
44145
44602
44907
45243
46226
46297
46867
46990
47636
48538
49416
50256
50974
51355
51820
52723
53360
53452
53604
53922
54824
55219
56177
56282
57174
57473
58382
58481
58778
59773
60689
61240
61408
62165
62475
63314
63827
64204
64420
64997
65638
65639
65866
66785
67069
67525
68436
68595
69009
69130
69316
69318
70264
70457
70952
71562
72422
73042
73775
74562
75107
75133
75340
76001
76164
76496
76724
77000
77234
78211
79000
79958
80051
80415
80883
81157
81205
81435
82040
83035
83344
83563
84450
84463
85250
85290
86028
86921
87522
87620
87622
88576
89167
89401
89737
90393
90529
91146
91933
92166
92906
93135
94093
95085
95534
95993
96501
96979
97570
98096
98814
99800
99918
100293
101134
101309
101705
102322
103251
104063
104491
104680
105168
105286
105376
105814
106346
106971
107195
107529
108219
108503
109291
109545
109640
110247
110705
111103
111113
112113
112774
113698
113850
114606
115518
115755
115766
116521
117456
118391
118590
119134
120001
120231
120400
120469
121110
121918
122117
122949
123874
124228
124594
125351
126238
126313
126451
127165
128010
128369
128464
129136
129895
130228
130561
130808
131223
131427
132140
132306
132727
133118
133252
133929
134420
135287
135917
136006
136110
136934
137934
138332
138810
139768
140174
140603
141421
141806
142413
143085
143572
144461
144788
145783
145852
146719
146799
146819
146826
147628
148060
149030
149333
150027
150945
151688
152250
152431
153350
153696
153941
154895
155205
156156
156325
157065
157278
157571
158344
158792
159627
159965
160650
160977
161034
161307
161793
162537
163510
163783
164521
164534
165024
165907
166080
166812
167578
167665
167935
168695
169568
170304
171291
171595
172210
173078
174038
174588
174953
175149
175949
176683
177043
177135
177615
178577
179509
180132
180571
180607
181372
181976
182477
183422
184239
184886
185369
185587
186338
186841
186920
187824
187968
188112
188575
189389
189755
190734
191156
191474
192365
193037
193692
194362
194686
195478
195774
196683
196856
197379
197870
198728
199363
199635
199812
199851
200481
201341
202230
202581
202746
202993
203164
203980
204421
204854
205014
205028
205442
205871
206290
206745
207628
208091
208387
208892
209208
209913
210334
210727
211696
212229
212968
213292
214033
214691
215306
216281
217071
217785
218502
218994
219843
219952
220027
221005
221211
222148
222908
223166
223210
223688
223999
224994
225347
225876
226699
226834
227480
227962
228720
228817
229742
230155
230551
231307
231871
232727
232993
233086
233707
233780
234364
234458
234738
235507
236159
236888
237227
237926
238547
238859
239694
239790
240550
241084
242003
242257
242554
242777
243725
244652
244660
245600
246235
246462
247408
247814
248163
248445
249322
249381
249738
250032
250964
251831
252468
252978
253716
253778
254464
254785
254881
255183
255755
256015
256369
257315
257895
258230
259089
259683
260247
260763
261681
261754
262103
262636
263392
264187
264307
264940
265578
265685
265732
265881
266293
267275
268153
268987
269233
269813
270492
270928
271018
271891
272527
272538
273266
274043
274653
275337
275383
275821
276082
276678
277265
277602
278427
278933
279595
280108
280391
280728
281002
281372
282338
283200
283639
284542
285348
286050
286524
287466
287538
287887
288348
288701
289213
290014
290042
290507
291449
292078
292734
292815
293785
294048
294638
295527
296346
296469
297321
297658
298320
299202
300182
300721
301367
301379
301709
302389
302941
303074
303501
303773
304160
304299
305060
305908
306042
306968
307550
307680
308470
309404
309608
310240
310428
310864
311101
312058
312320
313115
313618
314505
315161
315706
316011
316962
317782
318170
318980
319260
319511
319792
319829
319853
320032
320149
321006
321241
322077
322791
323729
324449
325289
326198
326212
326516
327501
328094
329063
329070
329844
330620
331410
332298
332323
332443
332972
333845
333995
334759
334805
335754
335913
336040
336385
336911
337328
337659
338421
338957
339710
340467
340658
340707
341475
341545
342384
342604
343408
343438
343660
344017
344615
344935
345554
346287
346893
346981
347477
347479
348253
348965
349193
349250
350151
350949
351845
352293
353155
353794
354766
355094
355536
355713
356055
356395
356418
356910
357120
357795
358282
359033
359435
359460
360152
360655
361420
361975
362841
363757
364275
364729
365601
365973
366842
367663
367667
368346
369339
370151
370529
370736
370853
371440
371549
372290
372799
373596
373701
374108
374423
374620
375138
375252
376228
376391
376408
376754
376761
376859
377277
378221
378605
379516
380172
380989
381117
381736
381960
382821
383553
384130
385001
385766
386284
387149
387727
387983
388900
388958
389367
389830
389899
390212
390579
390826
391065
391847
392135
393088
393657
394052
395023
395655
396636
397247
397683
397854
398520
398773
399133
399996
400876
401143
401759
402448
402899
403206
403697
404497
404778
405314
405462
406367
406638
406916
407052
407807
408423
408503
408754
409524
410243
411166
411959
412063
412885
413112
413628
413982
414032
414663
415528
416303
417233
418073
419035
419342
419429
419645
420550
421063
421541
421960
422477
423413
424136
425093
425648
426357
427332
427745
428332
428820
429701
430481
431379
432267
432438
433390
433874
434219
434409
434973
435381
435658
435810
435877
436771
437427
437699
438268
438686
439221
439775
440302
441049
441068
441455
441732
442062
442426
442480
442523
443303
443684
444579
444608
445352
446042
446829
447140
447796
448040
448569
448924
449591
450345
450741
451373
451908
452322
452546
452732
453017
453058
453683
454324
454931
455754
456505
456848
457620
457914
458130
458667
459595
459983
460317
460704
460926
461679
461680
462338
462604
463175
463504
463994
464902
465694
466322
466903
467265
467739
467993
468341
468637
469368
469465
470112
470201
470873
471491
472473
473448
473750
474318
474955
475632
476582
477446
477791
478122
478655
479306
480014
480829
481260
481417
481961
482282
483015
483563
484411
484511
485433
485744
486145
486601
487167
487697
488520
489194
489855
490769
490914
491036
491382
491505
492049
492771
492889
493699
494613
495265
496042
496282
496411
496978
497830
498093
498125
498478
499398
499971
500398
500474
501410
502160
503035
503706
504412
505050
505086
505235
506205
506430
507091
507429
508374
508730
509116
509640
510398
511097
511726
512641
512866
513032
513973
514024
514731
515079
515796
516475
517063
517181
517749
518177
518581
519209
519948
520378
521036
521405
521986
522456
523373
524114
524664
525014
525382
525750
526454
526582
527441
527786
527928
528796
529358
530237
530557
531471
532336
533047
533851
534516
534656
535044
535126
535383
535906
535976
536278
536397
536538
537003
537865
538661
538862
539503
540165
541106
541988
542492
542631
543229
543579
544105
544978
545834
546363
546705
547245
547469
547751
547761
548484
549448
549644
550186
550443
551325
551921
552279
553195
553884
554429
555192
555347
556012
556778
557654
558459
558887
559021
559154
559209
560010
560191
561059
561546
562284
562637
563130
563896
564012
564719
564945
565513
566101
566410
567047
567788
567952
568071
568144
568652
569071
569706
570169
571114
571679
572452
573263
574199
574873
575537
575565
576536
577174
577837
578249
578777
579135
579728
580167
580552
580923
581433
581622
582453
583328
584287
584749
585118
585687
586137
586209
586968
587241
588177
589071
589977
590694
591399
591919
592329
593187
593989
594250
594736
595630
595684
596578
596598
597363
598084
598905
599760
600477
601033
601516
601921
601980
602823
603036
603636
603998
604352
604534
604758
605158
606127
606878
607191
607550
608457
609185
609631
610265
611199
611566
612146
612972
613289
613692
613818
614167
615114
615755
616198
616558
617165
618081
618183
618333
618358
618386
618846
619661
620039
620605
621469
622307
622649
623236
623515
624338
625121
625652
626402
626681
627485
628392
629037
629710
629718
630067
630865
631239
632211
632860
633848
634368
634426
635269
635276
635886
636560
636799
637081
637102
637659
638302
638825
639751
639811
640555
640953
641507
641532
642209
642752
643233
643914
644610
644850
645843
646203
646438
647245
648051
648949
649214
649845
650679
651158
651954
652432
653061
653360
654119
654839
655298
656128
656356
656677
657410
658360
658559
659205
659207
660090
660287
660976
661260
661489
661955
662632
662651
662671
662941
663796
664312
665011
665176
665441
666225
667015
667589
668172
668272
669086
669723
670511
671114
672113
672659
672679
673388
673403
674047
674814
674941
675338
675688
675699
676636
676885
677660
677859
678181
678390
679201
679257
679917
680152
680801
681238
681944
682450
683338
684237
684556
685404
685555
686459
686675
687085
687147
687532
687849
688701
688803
689300
690028
690760
691636
692293
692990
693271
693620
694250
694415
694726
695021
695783
695927
696817
697608
698478
698922
699436
700030
700981
701941
702524
702828
702911
703706
704009
704880
705204
705437
705783
706196
706669
706821
706857
706979
707017
707088
707362
708005
708096
708960
709707
709748
709909
710711
711325
711469
711475
711925
712299
712348
713054
714011
714414
714472
714794
715363
716074
716617
716743
716879
717404
717434
717937
718398
719196
719404
720389
720949
721547
722435
722976
723679
723990
724739
725571
726374
726802
727102
727167
727379
728259
729159
729772
730095
730466
730625
731245
731548
732510
732724
733540
734483
734762
734991
735805
736606
737015
737045
737389
738208
738458
738633
739295
739396
739415
739830
740602
741255
741705
741777
742592
743581
744155
744742
745391
745993
746858
746865
747108
747133
747389
748375
748804
748821
749821
750323
750609
751330
751976
752470
752557
753438
753785
753942
754069
754935
755271
755866
756258
757072
758025
758102
758383
759006
759408
759498
759888
759922
760199
761073
761675
762411
762760
763506
764072
764888
765581
765884
766755
767226
768093
768496
768533
769133
769297
769574
769783
770284
771160
771688
772484
772574
773557
773584
773984
774815
775197
775964
776881
777283
777652
777808
778157
778286
779066
779535
779820
779872
780285
780968
781386
781413
781417
782397
782606
783180
783474
783962
784056
785046
785901
785962
786620
786725
787281
787796
788373
788600
788960
789398
789479
789604
790451
791136
791817
792155
792600
793095
793958
794870
795615
796367
797306
797878
798391
798793
799125
799281
800033
800395
800707
801197
802165
802474
803269
803508
803712
804661
805406
806002
806717
807244
807628
807892
808482
809328
809940
810130
810386
811285
811511
811540
812402
812447
812486
813058
813189
813461
814332
815079
815329
815822
816467
817203
817687
818535
819073
819609
820371
820856
821630
822544
822889
823665
824595
824850
824883
825600
826174
827059
827955
828778
828989
829874
830517
830614
830841
831186
831905
832356
832593
833430
833879
834131
835017
835865
836270
836639
836927
837216
838146
839144
839774
840420
841078
841766
842436
843343
844186
844697
845424
845736
846214
846487
846840
847335
847642
848082
848794
849602
850004
850124
850788
851164
851567
852246
852974
853782
853932
854782
854829
855761
856191
856410
856661
857567
858065
858843
859256
859928
860034
860407
860508
861466
861706
862315
862705
863065
863529
863634
864327
865052
865204
865628
865838
866265
867002
867151
867973
868532
868694
869514
870381
870860
871545
872249
873179
874012
874547
875183
875733
876080
876411
877110
877241
877317
877942
878056
878900
879138
879480
880312
880316
880546
880662
880768
881603
882574
883479
884182
885158
885499
885843
886493
886497
886683
887211
888054
888638
889305
889988
890857
891480
891728
892495
893014
893481
893681
894580
895056
895621
896496
896635
896772
896787
896862
897370
898070
898225
898727
899315
899368
899554
900127
900255
900310
901147
902121
903101
903240
903434
903800
904280
904583
905115
905904
906116
906871
907103
908090
908483
909198
909538
909725
910038
910235
911154
911648
912320
912840
913286
913294
913300
914108
914966
915578
915812
916078
916123
916647
917278
917736
918028
918153
918802
919229
920000
920761
921103
921588
922540
922558
922972
922992
923541
924176
924299
925114
925260
926187
926953
927137
927388
927844
928728
929018
929838
930272
931190
932085
932752
933210
933321
933757
934008
934252
934545
935146
935496
936245
936345
936382
937052
937863
937946
938163
938844
939813
940604
941282
941916
941981
942841
943417
943606
944356
945035
945551
945765
945860
946006
946313
946959
947858
948593
949187
949221
949259
949583
949604
949760
949830
949837
950011
950483
951015
951223
951899
951957
952929
953205
953946
954433
954502
954921
955650
956388
956597
956795
957630
957776
958758
959286
960029
960545
960994
961677
962473
962659
962770
963747
964462
964933
965857
966645
967627
967936
968404
969060
969096
969579
970068
970607
970800
971696
972231
972420
973294
973923
974341
974830
974979
975300
975609
975852
975977
976826
977566
977868
978279
978354
978654
979100
979805
980713
981080
981482
981563
981985
982126
982445
983083
983432
983953
984758
985555
985797
986544
986678
987303
988232
988418
989267
989941
990232
990588
991075
991301
991945
992694
992783
993094
993564
994087
995044
995208
995344
996026
996535
997084
997716
997994
998191
998907
999226
1000165
1001043
1001936
1002110
1002412
1003223
1003427
1003475
1003856
1004815
1004931
1005676
1006532
1007272
1007557
1007980
1008408
1008528
1009423
1009445
1009916
1010336
1010757
1011259
1011983
1012036
1012161
1012360
1013074
1013601
1013802
1014532
1015084
1015571
1016544
1017341
1017530
1017704
1017782
1017989
1018503
1019315
1020132
1020828
1021755
1021822
1022610
1023156
1024101
1024681
1025609
1026085
1026412
1027324
1028066
1028130
1028317
1028988
1029251
1029262
1029792
1030762
1031042
1031497
1031684
1032368
1032699
1033369
1034101
1034568
1035355
1036181
1036766
1037078
1037654
1037862
1038308
1039270
1039367
1039396
1039659
1039832
1039961
1040349
1041139
1042021
1042812
1043454
1044047
1044772
1044830
1045339
1045646
1045978
1046580
1047530
1047607
1048243
1049214
1049882
1050716
1051164
1052018
1052889
1053531
1054061
1054084
1054291
1054428
1055419
1055469
1055986
1056007
1056834
1057368
1057447
1057668
1057791
1058183
1059013
1059377
1059782
1060387
1060707
1061299
1062170
1062898
1063049
1063819
1064542
1065303
1066215
1066571
1066722
1067163
1067416
1067576
1068100
1068737
1069278
1069529
1070092
1070132
1070281
1071257
1071327
1071420
1072234
1072779
1073421
1074250
1074680
1075206
1075885
1076341
1076928
1077725
1078551
1079405
1080134
1081127
1081824
1081925
1082437
1082741
1083173
1084163
1084429
1085140
1086044
1086438
1086541
1086625
1086856
1086892
1087688
1087809
1088037
1088243
1088984
1089138
1089345
1089987
1090801
1091645
1092021
1092468
1092592
1092785
1093384
1094096
1094672
1094985
1095832
1096473
1096820
1097180
1097389
1098259
1098321
1099079
1099081
1099574
1100239
1100794
1101766
1102040
1102847
1103140
1104118
1104153
1104741
1104899
1105757
1106458
1106908
1107323
1107778
1108353
1108764
1109388
1109737
1110673
1111538
1112058
1112977
1113036
1113416
1113512
1113912
1114686
1115135
1115457
1116256
1117207
1118046
1118380
1118857
1119417
1120353
1120402
1120790
1121725
1122259
1122635
1123631
1123840
1124078
1124252
1124446
1124584
1125438
1125912
1126736
1127390
1127839
1128832
1128856
1129594
1130088
1130110
1130158
1130689
1131360
1132346
1132434
1132981
1133032
1133843
1134197
1135149
1135365
1136192
1136628
1137333
1138135
1138767
1139024
1139997
1140532
1141274
1141292
1141614
1142119
1142427
1143365
1143954
1144206
1145190
1145223
1145733
1146403
1146710
1147529
1147989
1148847
1149187
1149759
1150546
1150589
1151521
1151688
1152297
1152317
1153010
1153995
1154101
1154546
1155132
1155814
1156805
1156861
1157002
1157969
1158528
1158573
1158589
1158852
1159541
1160214
1160781
1161583
1162513
1163419
1163978
1164419
1165125
1165666
1166597
1166851
1167797
1167891
1168870
1169435
1169661
1170209
1170844
1171021
1171869
1172191
1172535
1173139
1173403
1174288
1175130
1175747
1176103
1176987
1177219
1177734
1178657
1179298
1179767
1180171
1180532
1181452
1182280
1182339
1182540
1182937
1183584
1184297
1185028
1185955
1186884
1187604
1188337
1188421
1189018
1189527
1189971
1190426
1190486
1190716
1191299
1191840
1191900
1192746
1192973
1193400
1194254
1195113
1195416
1195717
1196062
1196276
1196735
1197624
1198023
1198733
1199132
1200126
1200201
1200663
1200844
1201445
1202030
1202646
1203563
1204108
1204502
1205191
1206064
1206692
1207646
1208043
1208870
1209105
1209457
1210324
1210502
1211316
1211868
1211927
1212463
1212706
1213558
1214024
1214462
1214613
1215129
1215333
1216013
1216402
1216691
1217683
1217979
1218161
1218313
1219279
1220165
1220393
1221150
1221228
1222201
1222305
1222735
1223028
1223705
1224128
1224326
1224590
1225204
1225607
1225771
1225986
1225989
1226261
1226374
1226786
1226892
1227579
1228145
1228207
1228706
1229336
1229614
1230457
1230884
1231147
1232106
1233063
1233864
1234131
1234154
1234985
1235318
1236240
1237022
1237410
1238089
1238926
1239123
1239354
1240264
1240911
1241436
1241597
1241967
1242159
1243127
1243842
1244839
1245005
1245291
1246126
1246850
1247843
1248556
1249032
1249518
1250058
1250200
1250791
1250912
1251441
1252209
1252464
1253431
1253684
1253881
1254331
1254694
1255274
1255970
1256443
1256612
1257423
1257802
1258097
1258568
1258723
1259071
1259910
1260003
1260784
1261139
1261249
1262167
1262571
1263042
1263493
1264395
1264479
1265366
1266220
1266384
1267125
1267992
1268943
1269313
1269723
1269831
1269865
1270758
1271060
1271091
1271843
1272359
1272492
1272983
1273831
1274528
1275101
1275582
1276049
1276233
1276682
1276829
1277065
1277173
1277174
1277348
1278128
1278417
1278929
1278961
1279752
1280629
1281259
1281882
1282284
1283100
1283850
1284143
1284383
1285381
1286209
1286783
1287478
1288160
1288804
1288925
1289242
1289456
1290308
1290567
1290823
1290967
1291636
1292582
1293448
1293849
1294614
1295459
1296324
1296581
1297124
1297948
1298734
1298833
1299583
1299845
1300628
1301619
1302085
1302371
1302387
1303209
1304022
1304660
1305102
1305164
1305654
1306140
1306827
1307032
1307201
1308200
1308378
1309330
1310164
1310587
1310685
1311563
1311726
1312367
1313307
1313600
1314276
1314606
1315485
1315875
1316818
1317207
1317500
1317514
1317649
1317729
1318118
1318222
1318305
1318548
1319029
1319960
1320236
1321233
1321868
1321987
1322198
1322901
1323494
1324418
1325381
1326044
1326073
1326980
1327227
1327743
1328189
1328551
1329523
1329628
1330186
1330811
1331101
1331193
1331579
1332339
1333197
1333654
1333992
1334059
1334471
1335434
1336221
1336706
1336976
1337275
1338202
1339099
1339535
1339695
1340693
1340942
1341643
1342066
1342212
1342727
1343444
1344188
1344716
1345055
1345888
1346359
1347268
1347822
1348627
1349401
1349569
1350508
1351048
1351129
1351711
1352211
1352558
1353344
1353355
1353442
1354339
1355271
1356163
1356299
1356574
1356711
1357484
1358332
1358678
1359296
1360076
1360719
1361331
1361756
1362342
1363293
1363403
1363407
1364332
1364538
1364852
1365686
1366070
1367039
1367806
1368092
1368773
1368837
1369505
1370059
1370840
1371003
1371056
1371534
1372123
1373051
1373277
1373606
1373969
1374356
1375132
1375338
1375782
1376770
1376832
1377508
1377942
1378321
1378552
1379198
1380147
1381127
1381967
1382437
1382671
1382706
1383183
1383849
1384482
1384535
1384844
1385641
1386127
1386631
1387139
1387568
1388376
1389003
1389399
1390073
1390880
1391767
1391839
1392743
1393245
1394041
1394203
1394530
1395094
1395507
1395941
1396370
1397318
1397407
1397533
1398016
1398509
1399332
1399401
1399667
1399918
1399940
1400789
1401541
1401982
1402686
1403298
1403789
1403982
1404680
1405471
1406049
1406954
1407926
1408298
1409178
1409500
1410456
1411120
1411640
1412523
1413074
1413201
1413660
1414352
1415114
1415800
1416764
1416961
1417380
1417701
1418527
1418944
1419266
1420092
1421033
1421638
1421717
1421759
1421783
1422345
1423187
1424127
1424248
1424660
1424694
1425229
1425617
1426139
1426201
1426770
1427222
1427433
1428092
1428266
1428757
1428896
1429151
1429815
1430190
1430917
1431218
1431466
1431779
1432184
1432924
1433534
1434323
1434386
1435086
1435236
1436145
1436491
1437178
1437715
1438643
1438703
1438772
1438967
1439718
1439782
1440217
1440756
1440941
1441282
1441708
1441772
1442647
1443117
1443590
1444273
1444732
1444736
1445649
1445659
1446603
1446957
1447008
1447691
1447986
1448234
1448419
1449116
1449964
1450855
1451688
1452320
1452449
1452658
1453190
1453247
1453982
1454578
1454841
1455760
1455815
1456553
1457048
1457628
1458119
1458530
1458873
1459767
1459919
1460125
1460728
1461062
1461889
1462318
1463260
1463296
1463327
1463399
1464087
1464960
1465050
1465236
1465946
1466372
1467207
1467536
1467729
1468530
1468749
1469273
1469396
1470281
1470284
1470778
1470795
1470989
1471326
1471922
1472325
1472778
1473613
1474408
1475356
1476028
1476496
1476772
1477638
1478353
1479205
1479281
1479873
1480324
1480528
1481525
1482498
1482792
1482987
1483925
1484257
1485244
1485962
1486297
1487285
1487638
1488422
1488460
1489051
1489532
1490021
1490766
1491664
1491665
1491857
1492395
1493158
1493551
1494244
1495130
1495715
1496283
1496399
1497246
1497430
1497565
1498403
1498715
1499313
1499705
1500466
1501249
1501338
1501681
1502099
1502814
1503505
1504500
1505092
1505489
1506198
1507124
1507711
1508045
1508717
1509305
1509766
1510031
1510744
1511193
1511697
1512012
1512204
1512695
1513027
1513653
1513774
1514604
1515258
1515857
1516415
1516713
1517313
1518094
1518517
1519414
1520109
1520980
1521165
1521993
1522503
1523053
1523868
1524479
1524980
1525263
1526191
1527079
1527904
1528380
1529234
1529393
1530152
1530884
1531654
1532148
1532404
1532643
1533005
1533663
1533994
1534409
1534816
1535740
1535821
1536399
1536721
1536896
1537773
1538044
1538424
1539176
1539799
1540494
1540684
1541453
1542192
1543131
1543399
1543602
1543926
1544000
1544154
1544451
1544904
1545066
1545630
1546466
1547325
1547623
1547801
1548611
1549267
1549580
1550362
1550522
1550923
1551759
1552702
1553171
1553772
1554740
1555021
1555428
1555819
1556252
1557126
1557885
1558114
1558846
1559600
1560002
1560502
1560769
1561655
1562570
1562842
1563031
1563266
1563376
1563592
1563918
1564749
1564783
1565486
1565685
1565959
1566603
1566840
1567620
1568162
1568284
1568807
1569486
1570301
1571226
1571491
1571944
1572021
1572800
1573269
1573492
1573513
1574064
1574850
1575141
1575394
1575572
1576149
1576455
1576986
1577850
1578148
1578194
1578972
1579941
1579994
1580617
1580936
1581774
1582361
1583263
1584245
1584443
1584984
1585766
1586703
1586941
1587299
1587720
1587940
1588600
1589286
1589519
1589705
1589834
1589946
1590659
1591141
1591222
1591366
1591999
1592271
1592429
1593421
1593859
1594805
1595650
1596043
1596594
1597052
1597243
1597292
1597897
1598293
1598489
1599189
1599835
1600028
1600065
1600782
1601065
1601967
1602575
1602759
1603553
1604318
1604776
1605210
1605468
1606430
1607089
1607992
1608079
1608788
1609262
1609979
1610260
1610507
1610858
1611293
1612264
1612540
1612633
1613039
1613637
1613788
1614289
1615100
1615591
1615715
1615945
1616919
1617750
1618554
1618731
1619324
1619965
1620146
1620763
1621472
1622213
1623114
1624057
1624764
1625076
1625685
1625781
1626303
1626577
1627413
1627631
1627917
1628078
1628450
1628718
1629285
1630277
1630790
1631773
1632391
1632675
1633012
1633251
1634074
1634904
1635501
1636463
1636887
1637762
1638740
1638876
1639208
1639843
1640331
1640393
1640651
1641089
1642002
1642671
1643643
1644302
1644575
1644675
1645252
1645765
1646294
1647157
1647555
1648285
1648706
1649022
1649423
1650309
1650655
1650848
1650868
1651346
1651913
1652633
1652810
1652948
1653372
1653502
1653667
1654247
1654461
1655161
1655758
1656748
1657163
1657483
1658226
1658811
1659179
1659643
1660555
1660611
1661138
1661825
1662698
1663166
1663848
1664419
1664794
1665147
1665342
1665975
1666135
1666803
1667165
1667507
1668359
1669337
1670283
1671272
1671919
1672882
1673771
1674228
1674947
1674994
1675153
1675934
1676912
1677873
1678143
1678571
1679370
1680182
1680800
1681536
1682405
1682753
1682830
1682962
1683048
1683515
1683602
1684430
1684431
1685008
1685980
1686941
1687913
1688642
1689044
1689337
1689424
1690394
1690396
1691141
1691398
1691997
1692480
1692566
1692722
1693102
1693436
1693583
1693750
1694559
1694822
1694901
1694981
1695553
1695922
1695951
1696057
1696964
1697701
1697724
1698679
1698697
1698970
1699493
1700004
1700865
1700893
1701252
1701370
1702314
1702409
1702431
1703053
1703326
1704088
1704210
1704569
1705474
1706335
1706373
1706955
1707776
1708110
1709052
1709471
1709588
1709630
1709996
1710442
1710916
1711072
1711878
1712322
1712948
1713645
1714502
1714574
1714623
1715188
1716111
1716889
1717036
1717817
1717988
1718059
1718383
1718469
1719429
1720426
1721403
1721586
1721771
1722716
1723587
1724051
1724213
1724890
1725560
1725967
1726967
1727770
1728420
1728703
1729299
1730093
1730325
1730648
1731213
1731412
1731466
1732278
1733267
1733948
1734471
1734637
1735597
1736384
1737354
1738324
1738652
1739196
1739320
1739907
1740569
1740946
1741336
1741818
1742527
1742940
1743360
1743897
1744791
1745300
1746115
1746940
1747279
1747742
1748726
1749555
1749728
1749976
1750685
1751390
1751527
1752298
1752671
1753653
1754335
1755291
1755815
1756660
1756875
1757309
1757468
1758014
1758693
1759406
1759795
1760343
1761048
1762042
1762461
1763234
1763745
1764322
1764795
1765179
1765196
1765917
1766457
1766689
1766878
1767315
1768103
1768526
1768631
1769561
1770027
1770389
1770800
1771581
1772036
1772569
1773097
1773099
1773950
1774887
1775650
1775911
1776358
1777151
1777443
1777513
1777804
1778169
1779143
1779946
1780633
1781481
1782353
1783212
1784095
1784214
1784305
1784729
1785250
1785415
1785733
1786042
1786333
1787209
1787316
1787761
1788681
1789580
1790350
1791069
1791112
1791437
1792187
1792974
1793586
1794083
1794663
1795135
1795595
1796050
1796092
1796577
1796595
1797534
1798383
1798742
1798930
1799904
1800761
1801008
1801714
1802366
1802932
1803867
1804084
1804621
1805422
1805646
1806460
1807422
1807670
1808051
1808325
1808687
1809652
1810535
1811010
1811689
1812641
1813220
1813888
1814107
1815080
1815245
1815629
1815805
1816052
1816069
1816924
1817578
1818313
1818841
1819626
1820243
1820447
1821406
1821445
1821898
1822264
1822869
1823145
1823649
1824605
1825087
1825653
1826643
1827101
1827840
1828191
1828213
1828258
1829110
1829858
1830227
1830382
1831169
1831619
1832389
1832634
1833245
1833405
1833742
1834407
1834930
1834973
1835884
1836596
1836978
1837665
1837755
1837940
1838165
1838744
1838749
1839196
1839412
1839800
1840460
1841438
1842413
1842699
1843094
1843842
1844691
1844912
1845082
1845205
1845582
1845899
1846520
1847320
1847911
1848799
1849774
1850102
1851005
1851877
1851942
1852942
1853624
1854193
1854387
1854615
1854882
1854928
1855475
1855611
1856139
1856506
1857144
1857578
1858304
1858801
1859530
1859969
1860665
1861481
1861550
1861664
1862466
1863186
1863695
1864222
1864947
1865875
1866855
1867068
1867435
1868363
1868418
1869409
1870406
1871390
1871569
1872494
1873207
1873945
1874890
1875044
1875518
1875686
1876274
1877120
1877593
1877745
1877957
1878815
1878947
1879020
1879330
1880036
1880046
1880654
1881307
1882242
1882361
1882866
1882962
1883862
1884854
1885765
1886479
1886575
1887380
1888338
1888350
1888685
1889235
1890090
1890826
1891796
1892292
1893017
1893670
1893928
1893950
1894664
1894685
1895012
1895858
1896072
1896676
1897394
1897465
1897762
1897878
1898406
1898621
1898978
1899320
1900009
1901004
1901130
1902021
1902912
1903641
1904552
1904874
1904982
1905154
1905818
1906537
1907487
1908121
1908163
1908471
1908650
1909337
1909652
1910090
1910470
1910641
1911413
1911662
1912168
1913148
1913305
1914025
1914170
1914499
1915448
1915954
1916215
1916920
1917123
1917728
1918558
1918846
1919150
1919935
1920083
1920782
1921318
1921591
1921809
1921854
1922582
1923150
1923870
1924601
1925052
1925728
1926162
1926999
1927435
1928078
1928262
1928314
1928933
1929751
1930645
1930870
1931491
1932428
1932458
1933357
1934042
1934226
1934473
1935390
1935875
1936325
1936425
1936458
1937303
1937701
1938467
1939228
1940219
1941021
1941209
1942175
1943126
1943342
1944243
1944642
1944731
1945463
1946304
1947047
1947663
1947729
1947733
1947946
1948775
1949689
1950468
1950625
1951420
1951554
1952268
1952838
1952860
1952942
1953882
1954581
1955353
1955558
1955700
1955997
1956098
1956719
1957460
1958318
1959140
1959810
1959938
1960634
1961411
1961920
1962726
1963471
1964331
1964764
1965619
1965917
1966109
1966240
1966359
1966689
1966829
1967457
1967694
1967797
1967936
1968529
1968669
1968934
1969727
1970283
1970863
1971432
1971437
1971716
1972145
1972527
1973474
1973674
1973909
1974099
1974161
1975157
1976007
1976021
1976067
1976977
1977023
1977192
1977308
1978026
1979014
1979946
1980004
1980514
1981432
1981697
1982635
1983350
1983830
1984564
1984895
1985741
1986185
1986942
1987842
1988498
1988596
1989562
1990334
1990560
1991208
1991886
1992230
1992904
1993720
1993855
1994618
1994731
1995065
1995932
1996531
1997370
1998121
1998928
1999773
2000120
2000832
2001380
2001902
2002403
2003002
2003497
2003517
2003888
2004300
2004594
2004597
2005116
2005118
2005793
2006714
2007577
2008028
2008887
2009207
2009464
2010099
2010488
2010502
2011345
2011425
2012115
2012802
2013231
2014083
2014271
2014508
2015202
2015858
2015960
2016402
2016455
2016638
2016666
2017640
2018437
2019181
2020053
2020816
2021505
2021756
2021787
2022412
2022760
2023044
2023177
2023562
2023622
2024421
2024885
2025561
2025998
2026302
2027171
2027537
2027776
2028150
2028172
2028968
2029400
2030264
2030744
2031631
2032144
2032823
2033103
2033827
2034075
2034800
2035037
2035833
2036000
2036187
2037033
2037931
2038445
2038853
2039170
2039721
2040261
2040939
2041211
2041790
2042006
2042688
2042863
2043121
2043353
2043990
2044883
2045093
2045936
2046357
2046706
2046730
2046868
2047092
2048068
2048650
2049244
2050184
2050634
2051240
2052153
2052845
2052946
2053646
2054341
2054613
2055175
2055181
2055855
2055929
2056117
2056414
2057245
2058040
2058809
2059787
2060004
2060179
2060437
2061213
2061853
2061918
2062719
2063478
2064236
2064544
2065389
2066243
2067158
2067891
2068459
2068882
2068899
2069152
2069655
2070214
2070356
2070581
2070992
2071699
2072461
2072603
2073184
2074090
2074816
2075240
2075587
2076552
2077259
2078179
2078196
2078983
2079210
2079956
2080314
2080961
2081910
2082828
2083588
2083984
2084539
2084559
2085528
2085599
2085669
2085907
2086229
2086237
2087126
2087475
2088406
2088926
2089575
2090474
2090781
2091713
2091909
2091978
2092104
2092505
2092641
2093610
2094558
2095501
2095883
2096081
2096355
2096399
2096799
2097378
2097636
2098613
2099300
2100080
2100465
2100522
2101484
2101757
2101841
2102633
2102838
2103145
2103694
2103878
2104024
2104049
2104167
2105025
2105784
2105987
2106401
2107379
2108026
2108545
2109034
2109693
2110411
2110918
2111588
2112570
2113171
2114159
2114743
2115375
2115411
2116137
2116488
2117154
2117461
2118199
2118428
2119050
2119973
2120751
2121071
2121760
2121794
2121910
2122032
2122918
2123346
2123631
2123681
2123840
2124256
2124344
2124988
2125165
2126112
2127066
2127411
2128355
2128687
2128906
2129530
2129654
2130482
2130920
2131750
2132333
2133016
2133399
2133452
2134067
2134673
2134908
2135698
2136432
2136818
2137370
2138219
2138818
2139434
2140300
2140965
2141557
2142075
2142293
2142508
2143015
2144004
2144573
2145208
2145537
2145802
2145856
2146407
2146597
2147022
2147386
2148017
2148463
2148595
2149475
2150433
2151384
2152108
2152932
2153714
2154624
2155311
2155620
2155801
2156504
2156904
2157795
2158748
2159262
2159925
2160774
2161226
2161684
2162178
2163004
2163278
2163637
2163958
2164075
2164377
2164468
2165192
2165784
2166417
2166701
2166783
2167227
2167886
2168527
2169501
2169914
2170678
2171482
2172098
2172463
2173053
2173585
2174060
2174271
2174965
2175462
2175577
2175853
2176479
2177108
2177753
2178481
2178601
2178630
2178880
2179083
2179392
2180156
2180844
2181142
2181883
2182568
2182804
2183654
2184343
2185085
2185276
2185978
2186485
2187176
2187888
2188474
2188944
2188953
2189527
2189876
2190443
2191025
2191641
2192615
2192689
2193003
2193480
2194379
2195173
2196094
2196236
2197221
2197379
2197547
2198146
2199089
2199493
2200254
2201247
2201476
2202191
2202365
2202907
2203716
2204524
2205320
2205638
2206189
2206573
2207392
2207574
2208019
2208678
2209050
2209108
2209190
2209666
2209819
2210368
2210834
2210892
2211378
2211940
2212016
2212102
2212545
2213117
2213628
2214043
2214605
2214950
2215688
2216373
2216907
2217778
2217964
2218133
2219079
2219991
2220258
2221121
2221147
2221633
2221855
2221883
2222139
2223133
2223646
2223988
2224773
2224827
2225356
2226191
2227092
2227871
2228702
2229295
2229317
2229662
2230323
2230407
2230990
2231698
2232493
2232901
2233171
2234006
2234339
2235222
2235533
2235559
2235700
2235886
2236077
2236886
2237135
2237355
2237981
2238111
2238363
2238988
2239317
2239434
2240220
2240925
2241278
2242143
2242534
2242722
2242847
2242976
2243192
2243977
2244622
2245261
2245913
2246886
2247770
2248554
2248938
2249130
2249183
2249904
2250695
2251427
2251451
2251669
2252348
2253273
2254079
2254139
2254581
2255138
2255937
2256410
2256760
2257537
2258239
2258479
2258730
2259100
2259627
2260261
2261107
2261472
2261640
2262106
2262798
2263593
2263658
2264086
2264361
2264754
2265215
2265438
2265888
2266742
2267458
2267605
2267637
2268023
2268871
2269415
2269508
2270363
2270709
2270898
2271792
2271853
2272305
2272390
2272858
2273116
2273437
2274109
2274501
2275484
2275852
2276180
2276424
2277072
2277410
2277791
2277889
2278863
2279390
2280351
2280524
2281211
2281716
2282449
2282682
2283152
2283604
2283842
2284190
2284856
2285443
2286186
2286930
2287380
2288070
2288598
2289458
2290443
2291318
2291494
2292187
2292208
2292732
2293613
2293755
2294232
2294494
2294861
2295855
2296727
2297195
2298189
2298297
2299007
2299235
2300021
2300967
2301536
2301774
2302695
2303166
2303291
2303974
2304188
2304544
2305383
2305837
2306089
2307013
2307646
2308641
2308936
2309452
2310212
2311151
2311283
2311830
2312629
2313047
2313880
2314295
2314509
2314969
2315690
2316075
2316292
2316817
2317527
2317732
2318130
2318827
2319474
2319607
2320404
2320846
2321638
2321863
2322763
2323745
2324318
2325159
2325236
2325955
2326390
2326878
2326951
2327149
2328088
2328718
2329235
2329592
2329968
2330412
2331129
2331755
2331777
2332266
2332832
2333752
2334298
2335197
2335502
2336177
2336312
2336646
2336981
2337634
2338440
2338955
2339231
2339524
2339591
2340160
2341046
2341420
2341880
2342553
2342916
2343439
2344391
2344624
2345157
2346137
2346960
2347516
2348462
2348555
2349475
2349803
2350752
2351449
2351635
2351881
2351884
2351932
2352219
2352497
2353265
2353910
2354350
2355064
2355578
2355800
2356301
2356335
2356708
2357632
2357749
2358563
2359381
2359680
2360397
2360480
2360600
2360638
2361281
2361566
2362206
2362683
2362696
2363094
2363461
2363748
2364466
2364469
2364991
2365595
2365624
2366406
2366783
2367615
2368151
2368682
2369402
2369613
2370299
2370320
2371267
2371691
2372026
2372254
2372569
2372904
2373427
2373764
2374639
2374990
2375130
2376027
2376701
2377578
2378138
2379067
2379734
2380676
2380851
2381809
2382248
2383187
2383549
2383938
2384799
2384900
2385900
2386190
2386466
2386658
2386799
2387102
2387772
2388521
2389421
2390301
2391100
2391435
2392317
2392785
2393611
2394366
2395304
2396256
2396772
2397307
2397894
2398646
2399411
2400285
2400814
2401515
2402244
2403035
2403699
2404643
2405164
2406163
2406241
2406780
2406786
2407346
2407635
2408275
2408838
2409520
2410227
2410962
2411224
2412162
2412293
2412860
2413121
2413513
2413857
2414829
2415152
2415264
2415424
2415994
2416798
2417582
2417597
2418521
2418962
2419598
2420329
2420426
2421090
2422012
2422058
2422268
2422850
2423241
2423361
2423666
2424516
2425306
2426228
2426860
2427729
2428196
2428264
2428800
2429214
2429901
2430814
2430836
2431790
2432188
2432628
2433061
2433876
2434264
2434323
2434952
2435104
2435895
2436121
2436774
2437758
2438675
2438874
2439112
2439800
2440496
2441254
2441994
2442155
2443023
2443062
2443107
2443247
2444119
2445008
2445241
2445703
2446658
2446881
2447586
2448184
2448714
2449396
2450127
2451097
2451179
2452037
2452318
2452951
2452984
2453118
2453325
2454221
2454548
2455306
2456002
2456095
2456850
2457311
2458197
2458806
2459425
2459542
2459601
2460539
2461347
2462053
2462830
2463082
2463302
2463686
2463805
2463862
2464861
2465144
2465355
2465833
2466054
2466688
2467252
2467880
2468284
2468935
2469446
2469769
2470624
2471263
2471309
2471449
2472436
2472926
2473661
2474215
2475094
2475337
2475427
2476096
2476612
2477221
2477975
2478392
2479365
2480128
2480943
2481313
2482245
2482882
2483353
2484140
2484232
2485214
2485732
2486496
2487097
2487595
2487754
2487948
2488095
2488485
2489198
2489459
2490284
2490582
2491309
2491631
2491856
2492271
2492956
2493822
2494358
2494798
2494828
2495129
2495690
2496102
2496213
2496540
2496904
2497612
2497721
2498344
2499288
2499512
2499974
2500459
2500553
2501526
2502128
2502527
2503286
2504215
2504548
2504964
2505839
2506180
2506886
2507500
2508474
2509189
2509285
2509730
2509920
2510398
2511357
2512228
2512798
2513290
2514259
2515243
2515990
2516556
2516564
2517514
2518275
2518442
2518805
2519184
2519382
2520286
2520308
2520505
2521411
2522334
2522620
2523005
2523618
2523634
2524584
2524749
2525626
2525690
2526646
2527202
2527377
2527624
2528169
2528314
2528673
2529642
2530547
2530552
2531220
2531613
2531782
2532721
2533238
2533489
2533572
2534189
2534822
2535644
2535934
2535964
2536703
2537113
2537153
2537222
2537991
2538019
2538713
2539359
2539523
2539683
2540242
2540824
2541403
2541540
2542233
2542331
2542525
2543207
2544124
2544856
2545016
2545841
2546570
2547437
2547811
2548438
2549303
2549510
2549984
2550111
2550518
2551216
2551998
2552240
2552481
2553195
2553550
2553725
2554574
2554686
2555523
2555547
2556124
2556723
2557537
2558231
2558339
2558491
2559334
2559397
2559866
2560290
2560333
2561313
2562173
2562343
2562663
2563208
2563441
2563759
2563978
2564269
2565173
2565730
2566133
2566182
2566330
2566411
2567380
2567615
2567877
2568651
2569082
2569480
2569595
2569828
2570432
2570507
2571019
2571880
2571953
2572391
2572932
2573649
2574546
2575201
2576057
2576685
2577014
2577975
2578215
2579196
2579382
2579917
2580224
2580897
2581225
2581937
2582065
2582803
2583729
2584372
2584417
2585080
2585806
2586445
2587190
2587390
2588024
2588666
2589508
2589665
2590215
2591073
2591847
2592153
2593022
2593088
2593842
2594298
2594657
2595494
2595520
2596437
2597243
2597626
2598516
2598566
2598664
2599356
2600342
2601154
2601498
2602383
2603152
2603746
2604231
2604843
2605051
2605958
2606757
2607223
2608056
2608649
2609082
2609441
2609828
2610288
2610692
2611023
2611659
2611988
2612690
2612869
2613494
2613812
2614082
2614338
2615075
2615614
2616206
2616334
2617283
2617727
2618566
2619365
2619891
2620346
2620722
2620777
2621540
2622309
2622524
2623511
2624432
2625010
2625305
2625733
2626233
2626293
2626803
2627424
2627769
2628236
2628757
2629417
2629624
2629747
2630550
2630936
2631417
2631652
2631834
2631980
2632462
2632620
2633145
2633443
2633796
2634776
2634953
2635833
2635916
2636509
2636860
2637349
2637829
2637912
2638107
2638559
2638908
2639521
2639528
2640095
2641058
2641663
2642062
2642110
2642155
2643030
2643358
2643421
2644271
2644799
2645765
2646213
2646717
2647135
2648046
2648600
2648803
2649796
2650090
2650544
2651280
2651542
2651714
2652033
2652194
2652265
2652466
2653076
2653394
2653550
2654488
2654680
2654816
2655551
2655849
2656209
2656990
2657536
2657950
2658275
2658854
2659454
2659575
2660454
2661238
2661348
2662318
2662443
2662887
2662913
2663248
2664047
2664774
2665379
2665616
2666586
2667383
2668101
2668899
2669067
2669871
2670625
2671175
2671236
2671561
2671861
2671897
2672344
2673283
2673552
2673926
2674820
2675685
2675932
2676473
2677362
2677648
2678410
2679201
2679899
2679951
2680447
2680493
2681396
2681680
2682577
2683214
2683497
2684432
2684986
2685105
2686057
2686950
2687598
2688130
2688313
2688559
2688773
2688872
2689479
2690348
2690845
2690856
2691408
2691492
2691825
2692818
2692889
2693315
2693420
2693633
2694162
2695018
2695157
2696134
2696677
2697270
2698143
2698364
2699313
2699571
2699644
2700105
2700628
2701477
2701792
2702208
2702506
2702857
2703481
2704275
2705118
2705297
2705528
2706050
2706904
2707353
2707742
2708159
2709126
2709344
2710138
2710588
2710758
2711085
2711606
2711895
2712570
2713368
2713759
2714019
2714372
2715316
2715837
2716644
2717257
2717308
2718281
2719126
2720115
2720567
2721184
2721876
2722001
2722069
2722970
2723599
2724014
2724190
2724977
2725247
2725716
2726439
2726539
2727227
2727652
2728135
2728941
2729041
2729209
2730205
2730356
2730696
2730710
2731218
2732005
2732579
2732703
2732800
2733008
2733722
2734629
2735534
2735875
2736183
2737181
2737831
2737972
2738862
2739585
2739791
2740592
2741409
2741539
2742504
2742701
2742898
2743153
2743357
2743637
2743673
2744349
2744613
2745046
2745141
2745635
2746435
2746683
2747643
2748624
2749263
2749727
2750572
2751196
2751725
2752368
2752980
2753956
2754525
2754844
2755268
2755545
2756231
2756830
2757531
2757829
2757916
2758744
2759259
2759496
2759993
2760194
2760261
2760872
2760875
2761574
2762048
2762588
2763242
2763626
2764236
2764584
2765211
2765457
2766003
2766043
2766345
2766452
2766964
2767333
2767665
2767981
2768366
2769231
2769748
2770266
2771056
2771179
2771882
2772564
2773010
2773038
2773447
2773797
2774649
2774902
2774927
2775362
2775653
2776075
2776084
2777074
2777777
2778417
2779417
2779796
2780035
2780212
2780683
2781425
2782107
2782706
2783063
2783430
2784149
2784309
2784493
2785451
2786408
2786639
2787541
2787585
2787922
2788205
2788596
2789131
2789701
2789926
2790531
2790905
2791601
2791799
2792671
2793195
2794064
2794196
2794425
2795361
2795742
2796038
2796748
2796886
2797783
2797879
2798225
2799070
2799911
2800191
2800245
2800715
2800907
2800982
2801073
2801914
2801952
2802101
2802813
2803502
2803768
2804006
2804074
2804895
2805202
2806171
2806640
2807194
2808154
2808621
2809613
2810250
2810336
2810435
2810648
2811361
2811751
2811790
2812468
2812786
2813003
2813020
2813884
2814320
2814836
2815025
2815062
2815832
2815836
2816617
2817442
2818232
2819033
2819637
2819944
2820147
2820305
2820485
2820699
2821547
2822344
2822428
2822647
2822707
2822764
2822947
2823317
2823574
2823914
2824753
2824846
2825093
2825160
2825654
2826513
2826988
2827023
2827746
2828227
2828249
2829240
2829357
2829800
2830673
2831041
2831506
2831771
2831786
2831933
2831980
2832237
2832629
2833594
2834280
2834354
2834678
2835556
2835823
2836049
2836592
2836934
2837062
2837897
2838089
2838878
2839433
2840309
2840689
2841098
2841881
2842104
2842105
2842442
2843323
2843749
2844163
2845114
2845164
2845177
2846093
2846211
2846675
2847143
2847299
2847704
2848035
2848253
2849207
2849620
2850398
2850955
2851369
2852196
2852508
2853420
2853679
2854135
2854600
2855536
2856413
2856557
2856998
2857300
2857723
2857838
2858044
2858610
2859295
2859820
2860082
2860244
2860997
2861256
2862038
2862831
2863196
2863736
2863739
2864664
2865261
2866088
2866310
2867039
2867561
2868445
2868977
2869232
2870127
2870871
2871779
2872099
2872441
2873370
2873545
2874164
2874854
2875175
2875218
2875362
2876052
2876078
2876424
2877024
2877887
2878047
2878885
2879225
2880083
2880348
2880525
2881366
2881972
2882545
2882958
2883614
2884400
2884502
2884812
2884935
2885594
2886320
2887143
2887216
2887725
2888496
2888740
2888794
2889733
2890145
2890851
2891131
2891806
2892266
2892297
2892933
2893514
2894417
2894781
2895739
2895844
2896539
2897267
2898020
2898265
2898911
2899551
2900310
2900429
2900823
2901567
2901771
2902554
2902669
2903590
2904167
2904225
2904916
2905386
2905807
2906276
2906346
2907087
2907325
2907930
2908671
2908753
2908987
2909407
2910014
2910221
2910272
2910639
2910686
2911546
2912092
2912674
2913553
2914295
2915112
2916027
2916617
2916953
2917712
2918204
2918967
2918969
2919928
2919954
2920478
2921340
2921368
2921400
2921688
2921828
2922245
2922879
2923478
2923665
2924087
2924876
2925577
2926164
2926360
2926982
2927417
2928041
2928944
2929082
2929671
2929915
2930664
2931280
2931947
2931960
2932607
2933450
2933979
2934345
2935228
2935863
2936167
2936231
2936480
2937083
2937272
2937731
2938540
2938591
2939219
2939518
2939989
2940620
2941060
2941171
2942066
2942571
2943229
2944032
2944278
2944807
2945800
2946194
2946467
2946983
2947929
2948835
2949731
2950200
2950374
2951069
2951928
2952657
2953065
2953764
2954402
2954751
2954788
2955261
2955809
2956547
2957395
2958141
2958767
2958864
2959737
2960087
2961010
2961216
2961450
2961863
2962036
2962147
2962973
2963076
2964045
2964962
2964980
2965690
2966666
2967257
2968043
2968951
2969304
2969388
2969550
2970019
2970409
2970514
2970981
2971123
2972017
2972511
2972861
2973023
2973240
2974110
2974494
2975380
2975859
2976452
2976501
2976786
2976937
2977721
2977757
2978139
2978844
2979237
2979406
2979477
2979723
2980133
2981093
2981574
2981702
2981912
2982398
2983285
2983938
2984446
2985015
2985708
2986188
2987146
2987361
2988242
2988829
2989583
2990146
2991135
2991531
2992445
2993270
2994218
2994729
2995692
2996256
2996812
2997047
2997276
2998168
2998499
2999445
2999981
3000708
3001525
3001751
3001887
3002887
3003847
3003964
3004141
3005045
3005286
3006176
3006576
3006608
3007486
3007629
3008575
3009374
3009683
3010254
3010480
3010695
3010865
3011225
3011305
3011771
3011849
3012413
3012652
3012925
3013178
3013677
3014599
3015387
3015654
3015741
3016441
3017320
3018010
3018287
3018720
3019445
3019873
3019977
3020847
3021224
3022177
3022860
3023691
3024470
3024765
3025350
3026214
3027046
3027273
3027524
3027592
3028447
3028517
3029002
3029202
3029748
3030432
3030492
3030543
3031310
3032159
3032674
3032875
3033152
3033558
3033851
3034176
3034788
3035068
3035461
3036030
3036178
3036635
3036884
3036891
3037269
3038087
3038281
3039129
3039410
3039775
3040534
3040781
3041523
3042289
3043034
3043476
3043785
3044380
3045235
3045675
3045930
3046313
3047147
3047575
3048245
3048457
3048987
3049622
3050223
3050712
3050915
3051581
3052205
3052556
3053448
3053950
3054370
3054372
3054610
3055013
3055478
3055884
3056733
3057009
3057025
3057178
3057738
3058051
3058679
3058766
3059193
3059983
3060295
3060544
3061459
3062153
3062166
3062895
3063662
3064078
3064244
3064723
3065687
3066030
3066349
3067005
3067997
3068533
3068915
3069466
3069949
3070494
3070851
3071065
3071824
3072172
3072509
3072710
3073395
3073765
3073972
3074072
3074200
3074231
3074388
3074717
3074763
3075493
3075590
3075865
3076135
3076453
3077236
3077952
3078113
3078263
3079191
3079820
3080485
3081168
3082145
3082846
3083839
3084049
3084842
3085453
3086326
3087113
3087255
3087908
3088759
3088997
3089728
3089800
3089944
3090336
3090423
3091289
3091956
3092376
3092814
3093778
3093822
3094235
3095111
3095410
3096256
3097178
3097194
3097324
3098011
3098835
3099009
3099016
3099245
3099275
3099589
3100206
3100953
3101297
3102050
3102174
3102440
3103375
3103989
3104386
3104966
3104978
3105885
3106854
3106989
3107741
3107822
3107989
3108076
3108500
3109303
3109511
3110146
3110681
3110825
3111349
3112344
3112840
3113143
3113470
3113640
3114640
3114783
3115337
3116097
3116304
3116548
3117022
3117747
3118218
3118571
3118836
3119532
3120329
3120968
3121851
3122750
3123709
3124671
3124677
3124725
3125356
3125726
3126065
3126885
3127241
3128138
3128996
3129016
3129864
3130176
3130399
3130489
3131252
3131735
3131832
3132158
3132913
3133139
3133896
3134257
3134911
3135660
3136148
3136579
3136745
3136912
3136919
3137556
3137888
3138650
3138826
3139524
3139644
3139977
3140650
3141294
3141361
3141863
3142264
3142999
3143640
3143692
3143755
3143914
3144830
3145148
3145172
3146075
3146906
3147067
3147285
3147994
3148068
3148614
3148769
3149563
3149990
3150458
3150478
3150565
3151102
3151945
3152503
3152965
3153645
3154212
3154635
3154939
3155435
3155879
3156122
3156194
3156375
3157180
3157393
3157715
3158166
3159143
3159290
3159561
3160082
3160734
3161050
3161428
3162221
3162808
3162960
3163019
3163511
3164178
3164773
3165548
3166021
3166180
3166881
3166886
3167344
3167434
3167866
3167941
3168889
3168940
3169301
3169881
3170871
3170943
3171687
3172657
3173509
3174186
3174953
3175508
3176304
3176863
3177528
3178137
3179047
3179074
3179246
3179821
3180678
3180988
3181268
3182138
3182311
3182890
3183572
3184502
3184543
3184924
3185897
3186124
3186756
3187550
3187847
3188839
3189219
3189638
3190617
3191070
3191667
3192404
3192746
3193345
3194313
3195293
3195887
3196538
3197005
3197143
3198097
3198615
3198740
3199470
3200359
3200606
3200657
3200733
3201187
3201330
3202284
3203180
3203274
3204190
3204919
3205917
3206207
3206558
3207109
3207314
3208021
3208714
3208938
3209906
3210331
3210934
3211625
3211966
3212642
3212870
3213406
3213509
3213789
3214092
3214932
3215907
3216156
3216251
3217111
3217867
3218261
3218730
3219307
3220009
3220128
3220509
3220844
3221225
3222036
3222848
3223636
3224198
3224733
3225149
3226010
3226583
3226937
3227541
3228408
3228716
3229495
3230175
3230466
3231265
3231490
3231542
3232244
3233211
3233618
3234422
3235319
3235409
3235442
3235678
3236420
3236541
3237352
3237661
3238634
3239593
3239907
3240449
3240661
3241575
3241877
3242015
3242486
3243337
3243357
3243677
3244530
3245062
3245511
3246242
3246701
3247413
3247975
3248423
3249063
3249421
3249445
3249711
3250364
3251087
3251702
3251926
3252633
3252849
3253324
3253539
3254408
3254892
3255247
3256211
3256797
3257160
3257374
3257849
3258544
3258962
3259504
3260118
3261029
3261101
3261167
3262014
3262165
3262862
3263423
3263870
3264478
3264663
3265364
3265953
3266388
3267188
3268016
3268830
3269472
3270349
3270836
3271535
3271937
3272832
3272900
3273273
3274004
3274627
3275351
3275752
3276236
3276912
3277258
3278093
3278332
3279208
3279740
3280003
3280217
3280956
3281845
3282115
3282529
3283259
3283470
3283669
3284191
3285163
3285193
3285248
3285304
3285887
3286347
3286816
3287150
3287734
3288227
3289028
3289574
3290194
3290793
3291562
3291980
3292188
3293030
3293237
3293874
3294661
3295057
3295986
3296652
3296823
3297494
3298122
3298788
3299694
3299725
3300342
3301023
3301882
3302292
3302636
3303039
3303120
3303824
3303859
3304307
3305016
3305706
3306524
3307048
3307503
3307545
3307675
3307869
3307959
3308578
3308834
3309676
3310443
3310492
3310584
3310980
3311184
3311332
3312295
3313103
3313269
3313634
3314500
3315060
3315917
3316730
3316821
3317705
3318463
3318841
3319242
3319661
3319796
3320294
3320948
3321399
3322156
3322867
3323495
3323981
3324799
3325447
3326089
3326187
3326728
3327248
3327308
3328164
3328325
3329238
3329807
3330595
3331361
3331444
3331786
3332760
3333062
3333444
3333765
3334515
3335113
3335987
3336215
3337107
3337647
3338367
3338495
3338972
3339146
3340122
3341035
3341318
3341794
3342318
3342852
3343538
3343621
3343826
3344051
3344461
3344954
3345308
3345493
3346056
3346181
3346976
3347358
3348220
3349118
3349862
3350357
3350714
3351348
3352105
3352227
3352701
3352927
3353872
3353976
3354823
3355325
3355954
3356546
3356580
3357382
3357437
3357923
3358221
3358584
3359173
3360073
3360238
3360538
3361038
3361445
3362364
3362791
3363482
3363695
3364388
3365159
3365594
3365817
3366075
3366445
3367397
3368157
3368319
3368708
3369373
3370276
3370712
3370954
3371832
3372656
3373036
3373560
3374326
3375042
3375646
3376133
3376493
3376751
3377032
3377935
3378321
3378747
3379326
3379826
3380646
3381266
3381571
3382301
3382415
3382719
3383029
3383711
3384039
3385026
3385443
3385766
3386656
3387028
3387356
3387628
3388514
3388775
3389404
3389779
3389872
3390698
3391191
3391875
3392304
3392930
3393927
3394874
3395325
3395369
3396006
3396276
3397113
3397251
3398166
3399147
3399567
3400439
3400638
3401225
3402190
3402866
3403172
3404068
3404759
3405545
3406372
3407011
3407909
3407928
3408156
3408203
3408262
3408273
3409032
3409519
3409985
3410108
3411011
3411163
3411584
3412114
3412972
3413469
3414428
3415036
3415132
3415864
3416520
3417194
3417918
3418082
3418318
3418777
3419160
3419642
3419947
3420220
3420395
3421099
3421865
3422292
3422976
3423202
3424193
3425085
3425586
3426383
3427366
3428177
3428851
3429196
3429580
3429939
3430896
3431737
3432344
3433299
3434239
3434862
3435111
3435924
3435958
3435991
3436698
3436830
3437001
3437056
3437593
3437902
3438591
3439227
3439991
3440217
3440711
3441200
3441786
3442783
3443184
3443446
3443961
3444746
3445479
3445917
3446233
3446644
3446753
3447226
3447511
3448306
3448461
3449152
3450026
3450988
3451373
3452232
3453201
3453939
3454924
3455332
3456023
3456982
3457855
3458685
3459370
3459961
3460213
3461043
3461613
3461626
3461831
3462102
3462136
3462385
3462661
3463365
3463379
3464300
3464587
3464695
3465416
3465538
3465638
3466577
3467104
3467982
3468725
3469287
3470241
3470468
3470728
3471613
3472576
3473331
3473510
3473765
3474157
3474433
3475018
3475935
3476388
3477379
3477406
3477407
3478404
3478647
3478972
3479871
3480041
3480300
3480844
3481835
3482652
3483187
3483314
3483745
3484004
3484295
3485103
3485511
3485525
3485648
3485693
3486067
3486460
3487095
3487215
3487949
3488296
3488331
3488821
3489729
3489936
3490262
3490939
3491358
3492095
3492147
3492196
3492995
3493262
3494050
3494633
3495456
3496196
3496737
3496812
3496863
3497007
3497476
3497830
3498126
3498436
3499108
3499865
3500365
3501230
3501555
3502208
3502728
3503580
3504012
3504182
3505091
3505484
3506191
3506531
3507452
3507828
3508224
3509180
3509198
3509942
3510563
3511259
3512004
3512059
3512653
3512826
3513151
3513853
3514609
3515054
3515200
3515362
3515885
3515976
3516136
3517013
3517574
3518427
3519301
3519942
3520817
3521141
3521498
3521803
3522018
3522418
3522898
3523132
3523961
3524178
