La primera linea indica la cantidad de minutos a considerar (n). Luego vienen n lineas que corresponden a los x_i, y luego los n valores que corresponden a la funcion f(.):
8000
427
806
910
744
562
767
145
874
285
914
791
91
97
374
290
816
810
17
582
164
493
165
155
237
177
921
505
323
920
43
856
396
400
52
612
315
935
568
32
386
710
616
531
694
681
969
84
803
111
479
456
173
421
895
84
599
552
540
687
963
826
527
381
99
59
516
517
139
301
81
693
246
900
314
460
972
371
218
657
744
654
620
201
89
583
820
366
106
491
439
229
188
697
348
945
723
307
270
565
619
190
6
957
912
735
744
19
427
147
987
829
100
633
451
156
96
781
420
276
407
239
986
309
33
253
159
286
392
180
9
802
261
427
596
877
319
214
570
54
273
135
281
908
294
923
490
761
258
786
505
460
568
693
489
625
969
967
128
827
142
313
86
734
936
945
2
771
669
668
972
434
348
311
67
89
128
612
26
859
734
729
921
360
4
195
624
846
347
103
233
255
545
972
369
123
881
271
990
465
42
211
347
386
853
54
658
989
177
739
23
411
208
519
280
902
189
655
404
950
997
387
937
445
700
387
957
949
718
741
764
915
338
165
793
894
277
126
23
916
182
519
816
940
187
428
135
614
801
138
388
512
510
183
40
235
35
589
5
44
326
166
935
177
889
698
713
879
683
187
654
388
446
68
579
465
713
925
943
31
933
469
358
142
571
442
785
890
280
645
781
838
621
231
155
979
124
520
317
274
129
697
411
758
819
100
481
328
654
262
952
214
44
716
20
556
42
604
919
227
175
663
759
421
408
251
529
992
210
788
712
194
464
563
787
453
733
187
767
892
152
750
580
538
925
896
408
971
35
752
684
852
104
471
549
86
183
636
737
452
265
450
813
980
802
905
824
449
5
264
416
395
916
119
538
769
523
532
484
484
1
863
530
281
13
510
488
397
960
399
795
298
230
707
361
184
710
587
802
400
557
618
489
124
917
375
779
981
699
559
44
933
590
4
597
305
572
405
28
44
632
165
243
769
83
214
882
187
842
321
371
478
885
230
524
823
496
525
534
314
819
674
954
63
754
111
635
537
513
270
484
377
906
531
323
760
907
419
499
907
651
231
628
844
918
246
54
563
582
150
691
586
943
47
707
841
959
956
33
37
41
316
170
187
111
311
564
717
903
950
78
363
718
172
963
231
42
573
420
445
402
998
489
209
749
29
783
902
700
65
858
228
801
624
650
981
776
499
388
275
197
760
234
747
139
519
589
862
846
424
713
316
754
317
459
465
72
197
199
497
921
659
85
210
481
319
184
118
414
501
599
210
510
476
352
990
604
271
799
220
888
490
231
740
61
750
215
336
682
848
234
549
545
459
963
772
497
213
953
70
581
881
941
902
581
901
66
843
662
159
291
437
230
350
943
895
492
813
107
459
696
664
8
19
67
610
560
847
414
944
21
508
187
411
942
190
382
139
231
504
492
735
748
172
221
39
372
603
832
115
141
308
706
893
159
474
743
832
789
592
91
916
615
686
691
234
474
892
24
884
611
429
333
143
62
317
897
317
561
135
373
533
821
70
716
512
938
67
389
511
907
179
411
83
497
439
458
744
520
731
553
239
607
676
779
344
938
946
514
16
890
83
361
967
375
761
883
295
996
477
818
641
392
400
441
295
757
934
49
8
453
679
42
479
43
350
936
534
70
856
305
830
227
400
459
548
678
367
567
949
193
811
710
951
193
673
182
92
290
54
508
13
203
70
538
816
103
785
23
219
348
876
839
790
388
165
81
567
321
503
984
16
225
105
434
25
894
554
465
876
569
229
704
331
534
480
987
249
735
940
48
294
674
754
16
789
580
752
897
939
682
633
403
917
909
272
815
293
174
545
617
278
499
142
176
160
981
524
514
35
972
433
309
756
736
801
734
164
922
560
555
741
636
956
96
226
705
506
459
965
29
671
869
64
569
260
852
975
668
470
323
139
48
413
208
318
563
167
184
76
871
721
339
109
593
684
434
467
106
35
398
160
407
62
155
98
506
159
754
55
929
554
202
976
933
332
150
26
31
189
491
864
425
760
411
138
893
621
776
347
849
61
389
337
371
699
37
74
522
943
694
623
536
291
625
974
387
200
820
866
192
77
122
685
655
818
395
3
995
754
480
514
692
887
234
366
676
596
492
821
531
389
379
190
297
484
722
618
477
919
714
249
163
518
737
67
707
811
446
136
840
2
491
711
240
180
757
313
873
314
569
239
945
528
478
711
783
269
523
31
853
78
63
981
917
602
849
766
791
971
248
236
726
383
163
907
605
277
527
383
138
101
193
816
348
300
327
188
397
157
136
914
746
781
353
945
269
441
861
293
407
985
142
139
716
359
444
676
6
820
534
478
368
710
155
233
735
871
658
754
111
153
245
778
845
533
12
127
392
630
988
679
632
325
972
148
974
466
741
769
473
738
349
780
834
514
943
996
468
160
253
727
514
959
157
623
929
238
689
767
830
307
51
232
731
528
875
620
313
24
582
621
423
696
518
1
38
920
433
616
778
39
917
752
241
676
511
436
109
870
91
528
911
411
787
613
241
431
847
17
346
587
80
452
169
494
70
329
281
17
338
258
507
637
488
350
593
707
700
546
685
701
24
772
152
543
540
134
18
855
652
457
683
615
301
756
226
140
466
473
208
640
32
413
55
839
403
258
919
916
526
826
673
823
857
317
726
329
312
159
540
130
103
594
955
677
97
73
262
443
503
174
208
63
950
812
498
410
219
583
574
792
88
548
807
859
922
504
141
754
39
33
371
161
3
486
992
394
287
587
107
145
925
376
141
189
318
141
250
850
59
994
884
516
90
809
178
803
598
207
539
37
582
622
311
148
132
933
257
140
458
954
646
109
768
328
566
326
936
307
487
120
302
292
121
33
814
163
976
984
251
427
937
627
612
362
364
491
956
582
442
644
562
516
362
99
376
91
266
722
761
954
744
131
722
492
937
131
329
914
622
255
439
598
30
953
973
778
751
910
212
826
909
331
736
45
446
690
983
692
430
802
857
520
997
884
382
234
443
893
430
290
46
145
868
999
33
439
281
848
565
232
503
367
883
396
681
430
250
87
695
134
423
33
659
575
255
660
58
675
75
80
602
747
951
50
561
109
9
478
279
864
541
607
736
610
932
159
922
941
896
562
942
413
241
614
100
865
13
596
174
932
396
210
856
686
153
880
238
184
561
824
650
878
299
297
758
556
443
940
890
62
413
229
681
909
138
738
237
897
559
772
507
424
994
999
477
834
834
62
684
849
376
981
303
598
534
679
160
305
369
956
744
712
545
644
809
223
588
618
428
669
984
637
543
95
304
49
589
790
389
281
46
820
274
331
848
388
978
732
343
443
975
356
899
984
475
427
778
807
387
111
711
398
603
982
9
662
848
581
468
440
710
423
13
835
676
296
381
548
214
616
290
29
748
192
365
493
361
355
727
415
875
48
20
823
35
508
799
916
773
835
362
165
800
201
621
297
244
113
662
50
528
423
156
817
398
309
918
606
502
844
154
787
911
578
980
297
523
443
82
866
813
422
865
251
280
58
705
742
500
587
670
210
48
262
952
425
921
893
128
13
408
781
606
70
399
382
707
347
159
871
40
67
190
214
718
591
588
454
815
905
354
667
334
876
452
871
326
554
282
718
766
38
327
394
130
173
890
586
932
79
11
43
935
865
233
248
265
234
991
114
654
907
922
369
910
777
931
262
590
753
624
496
182
546
508
96
309
271
235
137
323
515
650
739
136
1
975
31
120
61
727
541
513
795
718
735
764
601
143
39
657
772
829
983
637
776
652
132
472
465
645
646
83
828
726
6
167
668
474
987
834
260
678
40
690
686
789
530
37
265
1
154
355
270
930
68
574
53
575
434
506
231
976
701
154
304
438
50
824
960
220
430
902
989
637
949
985
306
687
284
850
40
133
511
437
547
949
387
249
135
918
3
437
311
204
644
297
816
925
631
671
635
848
606
990
685
706
831
733
918
706
551
359
912
566
331
406
114
544
792
789
100
163
229
332
262
413
830
71
234
29
533
690
514
385
158
619
609
519
678
55
494
501
396
691
727
511
708
719
417
150
362
658
815
654
768
609
229
222
317
984
453
653
408
866
939
165
802
144
168
679
997
244
575
316
433
271
865
449
945
690
539
253
821
779
844
42
945
146
512
695
609
897
718
942
212
846
878
392
188
314
875
575
950
790
696
976
407
935
321
968
255
998
427
489
784
716
173
338
854
392
594
366
926
848
979
62
999
964
949
709
63
371
896
353
489
877
568
578
125
998
622
452
300
863
451
675
996
148
917
469
441
945
76
312
125
354
62
70
322
565
38
173
562
928
688
698
517
394
132
184
665
357
783
849
323
604
127
421
300
46
528
461
222
960
215
442
188
408
252
376
507
400
787
618
11
164
559
996
523
314
103
26
579
971
918
285
158
878
963
611
632
778
42
250
369
104
688
264
2
369
81
544
314
957
405
747
413
637
294
443
724
469
824
80
787
140
967
344
247
309
821
414
737
90
398
315
155
21
251
562
397
42
521
684
843
890
230
177
48
439
258
913
518
603
492
387
368
845
367
679
584
262
729
792
982
233
132
424
912
321
699
567
945
633
17
538
525
538
4
463
248
818
1
677
957
914
250
650
738
560
669
721
802
69
751
957
566
6
440
497
766
989
451
183
681
578
120
481
991
12
806
930
550
214
395
557
180
206
462
455
166
471
659
201
251
1
180
161
510
621
803
637
103
396
660
711
658
114
328
594
881
403
363
111
401
773
774
496
803
322
157
199
200
52
137
249
660
451
870
260
838
89
934
517
593
229
134
334
228
769
948
524
577
587
387
293
436
858
484
762
230
191
374
472
871
593
243
812
530
811
139
634
266
71
308
273
948
376
901
251
744
152
789
323
964
349
109
646
385
113
903
734
272
579
217
494
798
432
96
319
332
372
666
836
664
823
856
492
72
896
770
797
833
5
949
897
255
19
930
175
69
812
820
61
849
169
625
415
475
492
528
254
750
501
479
898
399
382
434
5
344
805
832
629
192
733
846
419
109
397
158
855
641
504
301
206
952
274
748
823
163
117
214
195
784
316
527
188
966
484
221
141
296
929
750
603
590
987
282
905
748
590
681
690
483
226
671
104
618
766
152
655
779
42
892
210
475
122
716
819
442
23
802
796
871
254
600
925
379
25
410
894
367
511
246
424
169
725
330
482
79
188
424
862
928
671
820
38
379
434
571
633
840
341
605
187
52
831
620
238
736
165
381
814
221
582
809
855
571
872
882
953
548
718
812
864
508
31
569
949
591
353
681
610
908
156
643
568
399
898
51
21
91
291
908
101
639
970
923
730
239
595
215
496
479
299
803
246
500
243
971
714
310
737
688
403
405
82
908
642
214
13
213
47
314
684
855
365
499
96
390
553
264
535
569
16
206
345
49
296
13
385
208
559
99
321
214
863
18
355
650
755
275
441
210
353
736
583
720
789
829
218
797
845
783
476
258
222
525
75
3
211
293
315
320
284
808
958
522
785
811
109
912
574
636
34
745
122
276
836
661
444
77
268
877
756
950
417
669
819
492
323
243
158
985
383
772
541
307
133
781
486
583
251
645
11
573
177
598
556
877
773
886
483
972
937
62
885
817
590
773
445
354
736
505
3
917
554
119
294
947
553
545
790
307
203
703
339
776
396
805
633
696
346
164
902
688
22
716
839
79
195
847
980
30
449
441
720
1000
354
25
350
102
511
565
389
661
412
581
914
703
587
850
215
117
758
547
296
649
846
868
812
87
618
329
438
267
204
746
839
759
571
450
319
48
30
73
722
573
656
756
616
251
454
311
80
801
782
151
916
800
410
269
853
451
715
915
658
609
454
55
948
630
902
239
110
992
975
99
507
735
102
377
807
423
594
192
889
233
849
56
439
369
637
328
183
321
234
521
837
423
622
511
398
550
819
892
432
737
681
912
438
725
421
935
485
352
316
187
262
422
313
407
229
322
811
368
765
704
900
396
752
631
404
558
205
327
68
42
820
235
250
120
382
749
781
886
731
79
38
839
570
601
628
358
570
599
319
204
432
429
115
91
504
490
310
766
4
77
515
917
171
303
853
593
267
261
994
173
686
104
295
484
832
202
282
464
175
249
102
140
975
407
497
431
810
985
179
239
199
710
963
385
368
305
759
343
975
190
917
72
885
184
32
650
482
504
256
176
929
234
286
767
954
52
759
178
206
99
50
115
264
872
830
125
226
919
981
273
379
806
80
89
458
107
905
29
672
275
983
695
270
899
997
739
712
710
965
279
356
560
976
698
454
774
122
498
334
237
591
881
972
44
352
285
939
165
456
874
304
348
531
52
572
102
740
912
594
923
896
561
714
706
812
976
917
617
675
54
94
103
418
966
246
573
866
954
430
607
201
228
76
34
944
974
912
751
5
645
635
91
209
362
792
42
304
868
646
664
797
836
427
498
57
903
830
657
342
357
886
205
546
525
498
710
828
118
842
898
551
84
238
904
826
677
724
193
726
77
43
375
283
486
836
992
95
568
385
168
978
980
19
454
250
449
923
547
316
100
452
721
127
341
665
824
276
496
401
363
321
189
179
481
833
438
107
896
254
738
705
463
822
788
930
174
260
938
66
666
201
709
740
959
688
501
607
438
333
431
991
748
817
129
260
704
659
907
603
216
73
935
561
445
332
960
909
412
500
652
141
255
830
336
379
100
909
460
544
526
415
887
406
174
984
394
188
717
239
227
557
912
369
943
950
177
220
814
493
879
363
251
997
143
830
249
516
758
650
803
973
368
322
180
988
719
683
375
302
745
396
249
43
732
167
308
872
300
805
897
38
407
715
180
418
985
628
298
312
659
139
942
504
49
101
115
783
518
406
261
869
512
421
107
930
757
259
804
1000
97
397
106
394
840
749
711
119
66
819
372
554
585
829
609
850
834
186
584
153
622
389
344
211
136
369
527
448
369
786
869
205
537
512
766
609
541
861
93
159
564
76
183
868
762
44
743
803
511
537
681
185
649
975
684
928
31
422
128
116
514
815
83
541
991
993
86
745
207
338
108
781
304
244
746
56
91
791
399
298
644
640
632
914
407
174
13
557
980
663
856
593
322
715
636
407
990
302
418
660
206
425
761
109
893
307
343
494
816
368
652
817
358
194
915
954
367
534
759
641
524
115
286
129
136
100
502
261
772
792
703
325
429
317
541
164
78
63
703
107
472
395
229
181
504
444
654
5
337
964
319
139
863
884
787
982
206
729
228
554
955
968
601
80
739
77
636
662
955
693
468
94
660
432
200
292
263
44
122
19
888
693
20
234
853
307
796
304
94
655
717
737
917
33
111
36
964
331
430
882
796
108
165
161
894
722
956
145
385
431
411
521
44
847
15
816
650
222
90
507
665
533
954
420
88
286
498
205
676
656
643
119
905
815
901
359
965
755
763
39
526
306
615
450
34
628
211
391
243
264
691
42
502
530
928
120
16
144
558
45
538
310
341
251
958
198
915
643
65
771
810
604
404
10
893
380
554
487
742
827
646
738
759
152
635
99
852
870
426
473
881
346
74
428
691
442
203
61
74
344
914
141
1
291
895
793
204
400
318
693
229
698
480
7
15
620
661
415
161
359
683
590
57
494
713
1
287
971
751
970
406
909
678
683
541
332
411
520
972
33
212
767
709
813
373
754
700
753
369
154
127
236
400
501
343
989
703
341
316
424
908
297
400
260
595
553
103
177
307
631
582
298
177
73
419
465
72
597
133
618
237
60
766
416
904
532
563
824
163
376
526
316
527
513
943
805
693
109
325
342
746
928
764
416
316
774
105
958
696
58
336
745
564
608
660
785
612
10
685
83
56
226
473
426
263
384
8
957
766
212
152
212
693
295
481
851
519
764
540
515
560
693
147
159
974
825
268
164
3
763
398
935
250
435
945
229
574
754
531
214
390
17
9
994
75
978
793
506
276
96
563
608
228
890
624
8
357
146
211
776
277
801
67
11
288
35
367
337
951
924
243
132
140
688
816
439
198
84
926
167
927
354
705
442
282
301
428
493
695
449
754
267
914
475
767
606
333
660
404
918
98
315
195
701
908
471
113
869
300
32
127
862
770
712
102
163
809
446
525
187
893
388
700
456
306
285
877
940
270
217
176
111
182
221
604
427
423
234
716
93
390
874
794
798
280
307
418
217
306
814
666
699
447
196
125
763
947
583
607
163
443
445
380
74
660
416
717
676
981
727
324
922
841
941
24
972
572
770
339
828
727
537
854
755
393
800
237
948
70
115
920
640
683
654
33
654
77
241
385
256
24
232
857
46
773
237
190
689
846
343
888
36
16
442
433
506
40
380
875
354
498
902
997
20
614
892
483
816
349
475
601
620
192
531
511
754
633
589
14
183
742
605
852
753
448
670
886
293
309
794
302
324
473
737
388
874
471
23
803
504
824
912
25
154
811
354
191
539
356
414
976
258
237
668
733
4
147
398
442
335
609
20
539
821
960
791
953
842
788
631
329
144
304
292
708
890
938
455
952
448
473
431
685
443
67
650
458
573
73
461
927
667
674
950
928
670
960
433
150
286
709
467
474
194
833
404
62
317
468
787
894
214
230
798
200
110
80
964
195
638
860
290
224
937
953
352
144
716
727
35
954
854
304
256
28
822
252
940
855
584
537
188
658
779
35
109
553
65
17
181
217
398
62
147
764
159
816
47
403
54
97
466
372
45
596
786
761
531
563
586
697
687
526
512
641
245
239
557
700
733
139
83
743
687
329
267
368
104
96
279
253
608
182
496
64
166
250
244
1
776
605
199
866
595
666
793
21
977
914
617
182
140
1000
52
40
377
63
787
296
607
616
479
361
934
185
921
351
82
873
959
938
377
338
600
554
436
551
977
961
773
869
620
815
13
246
240
834
497
800
221
475
233
888
385
252
340
17
942
725
401
62
545
961
716
928
902
862
934
708
618
674
791
76
650
370
193
559
647
407
759
163
182
533
523
795
834
993
409
990
396
614
138
400
261
31
961
301
666
721
772
221
992
814
181
573
640
858
989
174
347
913
456
572
326
459
421
648
120
173
147
577
699
559
175
977
36
573
624
549
220
298
895
291
916
715
690
707
524
464
308
568
437
526
524
769
669
938
595
904
930
747
951
272
302
145
936
975
525
146
143
940
807
236
772
403
559
89
470
601
937
682
40
118
992
220
874
912
601
892
385
506
988
410
227
852
983
343
80
403
297
706
428
508
133
345
742
37
790
91
641
604
240
823
969
190
14
677
465
426
82
433
960
49
171
588
700
884
531
905
192
610
110
303
976
134
58
1
208
418
601
273
727
904
427
491
958
962
784
607
665
153
721
818
431
522
905
391
820
843
264
404
80
130
946
565
652
595
94
567
224
326
221
971
895
973
908
259
815
587
262
288
699
114
285
975
586
260
665
487
688
177
435
637
999
214
649
942
958
567
478
735
439
510
587
352
232
532
158
411
146
857
499
192
729
446
572
962
826
953
495
623
911
806
649
265
43
207
115
513
216
907
850
732
883
500
557
684
941
596
146
202
22
334
989
8
804
728
698
530
164
126
28
586
474
21
936
862
518
218
441
213
392
609
403
150
619
868
354
19
375
672
578
668
595
452
214
534
993
499
918
755
857
947
334
519
66
128
915
438
748
199
385
234
540
483
338
788
236
15
978
63
58
684
541
824
16
547
931
467
790
884
232
782
444
803
835
639
259
206
118
666
34
448
492
593
304
963
338
686
650
48
637
592
511
124
177
496
60
626
70
180
93
608
621
454
958
403
965
899
577
452
541
749
64
602
46
43
794
935
230
256
711
992
447
911
898
286
615
310
743
770
198
376
178
356
937
17
691
678
424
343
461
945
253
843
219
604
353
178
434
51
116
12
461
236
568
911
401
32
662
470
750
2
65
617
159
473
119
842
586
835
921
87
477
210
865
563
49
689
465
300
7
625
86
153
505
566
717
424
549
113
697
317
247
514
174
284
479
819
951
782
499
867
348
967
71
241
667
850
164
229
500
851
639
601
467
992
919
383
787
211
152
284
120
813
56
357
297
313
394
618
975
732
718
346
327
484
206
850
809
208
786
991
816
311
964
426
816
530
620
435
611
123
536
818
860
438
951
229
157
817
35
827
270
494
497
615
940
945
620
170
247
514
32
512
54
9
505
734
651
597
508
272
90
644
749
456
999
536
580
702
437
104
592
774
531
531
496
576
691
127
724
529
238
557
528
903
629
455
787
209
581
220
203
870
17
671
405
153
999
55
7
811
988
184
514
330
877
62
111
383
313
786
944
993
337
692
964
614
832
665
568
958
36
840
662
284
654
661
998
536
799
861
685
11
719
595
614
489
411
812
555
629
220
637
891
324
198
173
76
309
394
263
522
890
968
525
91
835
450
559
184
104
968
982
958
840
113
56
712
444
800
356
103
298
859
508
362
191
854
625
553
259
271
368
67
464
629
22
315
716
147
349
155
226
773
684
605
39
441
461
492
110
382
814
699
799
562
410
448
162
211
471
212
736
776
220
441
316
467
590
950
372
822
237
143
540
796
555
685
589
619
652
329
301
43
193
334
50
211
969
737
65
761
479
628
658
684
444
519
172
570
851
94
417
795
509
223
178
427
242
67
935
880
865
131
133
589
15
621
503
211
133
688
459
980
454
191
330
889
964
476
84
313
32
727
779
785
238
311
555
702
799
380
371
576
45
530
974
507
384
854
778
893
539
297
845
177
120
756
659
182
466
299
689
784
893
653
774
231
769
900
614
724
163
543
339
324
997
109
807
768
81
778
391
127
359
87
708
748
218
171
208
444
188
218
608
197
857
458
26
546
477
14
119
455
1000
909
492
752
303
616
379
108
597
555
777
580
441
600
993
456
778
446
530
84
747
658
25
396
636
397
953
865
458
397
912
929
530
516
869
408
827
387
860
850
304
242
380
100
906
702
357
323
85
543
598
831
746
690
111
605
420
798
663
161
72
90
857
333
500
421
789
946
266
271
517
601
380
20
908
937
265
486
959
69
395
823
16
652
127
500
531
802
800
786
149
372
341
602
830
298
807
537
399
57
748
977
60
119
51
167
480
82
409
642
892
723
597
57
981
408
314
866
723
240
172
404
935
515
780
978
291
413
838
362
187
755
632
973
115
557
940
502
388
701
451
701
129
270
747
37
540
260
420
642
261
481
147
448
995
757
701
174
875
283
500
398
383
27
801
482
130
740
238
82
252
206
977
754
435
712
259
131
976
189
411
189
534
352
712
936
110
654
623
661
307
817
558
484
458
143
429
827
438
651
950
339
468
285
63
6
163
208
565
670
600
123
165
168
119
328
625
653
567
253
898
128
625
161
549
387
526
95
603
492
503
621
595
100
342
488
729
14
820
856
42
926
797
167
188
327
730
148
418
689
768
16
667
239
98
758
464
859
320
858
917
930
9
960
555
1000
150
32
691
572
539
387
986
223
325
662
460
460
953
907
120
189
300
100
905
852
524
689
784
150
430
229
863
239
993
796
482
828
821
505
979
118
199
747
275
579
570
87
676
221
837
372
963
602
500
247
776
376
293
927
225
256
614
131
652
634
567
774
889
985
193
809
543
839
32
795
594
800
68
857
481
710
171
549
243
529
525
163
490
636
317
735
205
412
644
129
26
333
837
809
974
832
260
135
648
320
267
600
81
689
498
215
170
280
156
244
993
430
479
754
634
209
183
724
200
705
819
949
251
324
295
14
405
576
559
928
331
109
84
15
186
319
825
368
16
717
973
319
704
79
653
648
86
191
360
397
894
6
118
322
322
54
179
948
349
808
170
903
692
234
136
747
913
188
909
49
78
18
176
747
221
580
35
58
475
950
637
316
498
346
617
564
632
507
899
131
555
705
762
756
980
750
864
567
457
650
591
411
699
487
134
47
503
689
148
458
732
668
331
989
224
318
518
236
358
10
71
939
763
886
421
338
536
758
635
616
877
395
600
580
282
734
358
878
643
186
191
688
441
688
221
478
879
742
144
132
80
867
359
518
589
898
713
790
852
173
474
888
815
56
14
362
185
501
513
574
961
996
799
814
519
797
988
209
986
706
120
902
957
7
689
790
779
208
905
477
248
506
479
878
756
125
589
515
82
698
850
660
800
119
434
310
293
484
262
173
971
381
844
820
545
323
826
209
481
660
891
220
189
387
990
940
866
940
87
571
834
595
598
441
135
767
959
660
421
428
59
149
978
166
27
589
256
104
404
13
403
97
146
583
628
46
495
931
391
57
777
879
22
218
785
850
140
60
100
60
256
479
973
367
952
466
461
356
645
214
372
743
34
439
439
889
12
232
862
401
770
450
532
701
155
982
183
93
984
12
419
753
773
2
967
780
191
942
746
339
190
41
268
329
929
238
718
66
627
444
200
419
905
777
212
540
104
224
564
473
957
17
368
710
307
483
499
222
61
41
147
771
203
924
479
245
423
201
130
378
671
211
674
454
104
880
32
42
830
617
789
395
445
953
398
507
684
409
63
798
981
324
387
14
661
684
792
581
251
549
299
554
961
805
843
505
649
504
983
583
446
723
158
802
966
281
621
399
758
498
238
609
128
177
578
403
995
536
954
973
652
348
136
376
716
864
363
805
293
409
62
983
728
161
579
650
525
877
457
230
596
757
44
517
93
606
427
269
628
916
583
775
438
799
627
669
513
475
747
996
761
560
996
163
246
510
229
972
501
258
632
767
550
467
978
98
123
15
413
642
241
651
647
635
629
876
499
209
159
191
6
608
543
16
483
420
566
989
319
583
476
983
256
897
110
781
141
573
181
824
968
577
864
213
340
160
363
257
71
818
229
212
711
372
266
832
798
571
530
490
55
625
563
303
127
343
918
651
757
9
397
923
751
995
838
477
422
359
911
702
685
430
571
505
342
680
356
517
716
501
18
916
903
627
303
834
3
135
129
551
520
149
779
380
167
790
204
646
938
15
855
165
667
862
311
257
295
877
969
931
75
900
618
701
496
750
934
932
571
2
406
266
874
981
113
541
439
616
436
137
157
951
832
980
640
796
401
304
237
218
470
218
433
646
551
680
663
637
487
292
399
387
687
33
567
390
121
674
294
145
953
284
507
858
764
587
239
556
903
950
528
5
764
644
731
496
207
110
856
244
271
702
508
264
904
61
791
280
534
768
497
343
455
956
332
283
417
434
271
852
621
221
609
511
37
485
171
145
899
873
613
918
902
786
847
667
290
200
809
640
518
223
440
622
232
2
345
77
456
734
511
165
815
496
821
708
829
759
827
255
212
471
308
488
557
259
307
75
991
677
31
820
850
595
96
449
811
253
237
604
475
567
966
127
751
55
119
641
766
738
886
52
966
156
110
304
22
670
73
277
63
692
373
705
648
517
596
587
7
466
765
828
677
433
217
852
318
204
287
217
895
95
530
392
191
323
233
96
11
887
872
66
928
839
857
738
776
230
512
976
843
238
401
895
416
804
720
285
606
478
46
708
228
152
526
900
542
892
491
912
640
259
957
150
590
673
437
971
97
84
328
695
622
761
485
826
347
815
762
621
130
165
1
229
176
757
715
300
766
211
472
173
58
818
23
551
506
913
844
966
215
414
160
115
890
449
127
691
682
33
841
17
448
452
270
160
16
964
943
377
545
498
163
279
436
951
247
26
28
299
386
306
203
796
986
401
144
709
608
431
747
386
329
723
71
149
887
517
977
810
479
532
446
985
518
800
314
867
862
107
580
936
465
355
607
148
946
586
64
925
711
21
936
360
755
164
209
743
727
151
85
911
630
43
975
81
411
988
480
693
493
199
898
327
506
261
495
276
883
323
174
38
820
678
775
626
590
703
641
426
663
169
478
601
36
851
70
792
244
818
463
504
726
319
149
429
864
82
324
751
718
805
427
748
153
768
905
453
961
762
213
890
579
644
649
140
676
704
534
551
517
620
9
416
465
686
751
950
706
941
965
651
581
335
31
392
929
921
640
873
914
399
417
306
944
39
686
343
413
162
281
453
541
921
640
693
889
659
600
135
741
181
42
979
56
733
660
998
271
203
129
437
387
916
476
86
473
621
210
660
807
468
468
35
857
401
175
148
641
6
64
899
38
480
851
159
64
37
857
421
946
566
721
591
30
467
20
310
517
268
301
580
871
401
64
980
154
269
927
224
503
821
257
200
556
311
873
672
270
175
393
357
476
537
379
245
226
559
859
925
651
910
585
675
525
704
756
655
96
261
504
946
310
849
486
570
479
758
435
312
364
531
522
669
271
741
93
206
410
479
655
728
678
445
869
337
246
470
60
764
521
797
231
761
522
49
553
545
637
889
580
733
582
749
555
771
262
630
522
876
2
661
389
456
623
205
516
184
437
74
442
238
515
771
77
779
603
997
914
373
7
406
54
601
716
126
982
85
987
809
548
835
179
514
325
646
609
545
525
104
557
209
993
935
356
438
749
866
179
8
623
611
983
227
800
647
747
838
85
957
563
921
754
707
903
533
886
630
751
520
87
31
177
151
974
119
788
165
229
354
977
440
359
269
486
422
927
752
127
443
1
932
962
630
49
197
162
368
876
870
784
324
354
279
582
813
26
789
58
975
637
239
521
272
439
943
455
701
617
740
941
114
919
967
794
478
75
117
309
636
624
770
835
123
386
618
174
205
361
322
516
268
371
260
68
40
990
896
442
564
474
116
659
264
377
786
352
99
955
794
490
610
335
437
443
679
27
353
343
608
274
188
436
777
311
753
596
144
999
584
880
456
649
49
654
55
982
627
768
688
385
17
886
951
770
26
933
4
543
841
50
552
494
793
12
826
76
805
969
897
536
971
22
688
509
164
728
546
592
136
770
229
476
728
131
961
829
60
656
602
422
846
254
814
229
797
9
100
296
304
555
311
626
350
311
445
480
122
138
290
263
743
777
188
907
883
418
972
980
181
418
378
978
402
55
128
290
623
723
824
939
878
355
794
73
824
281
560
907
801
20
658
964
851
501
224
75
877
581
583
24
296
857
680
418
907
706
937
244
354
898
797
860
2
90
586
661
621
646
135
19
6
455
547
545
234
649
183
356
627
898
660
644
452
500
838
335
426
139
463
804
860
527
336
513
504
199
181
570
286
634
720
539
910
421
388
629
819
207
572
293
125
929
16
760
679
132
819
514
898
371
773
682
324
31
495
645
473
306
26
889
500
582
728
264
352
152
467
664
812
246
390
943
129
421
803
743
531
258
454
82
563
57
882
775
883
559
547
686
917
748
599
245
934
209
382
359
459
212
183
181
304
896
100
94
297
775
427
514
225
540
819
832
936
959
228
205
75
595
266
41
674
212
327
936
829
644
916
717
751
907
725
566
399
900
983
277
886
484
534
675
582
508
40
282
898
357
303
243
643
730
78
123
514
679
404
902
933
213
951
795
26
958
679
800
976
863
887
871
362
951
382
338
148
33
889
332
908
234
420
856
575
892
598
451
569
393
715
992
180
276
314
94
371
482
451
390
783
784
416
543
18
360
434
14
664
833
315
17
881
229
268
24
823
15
306
712
334
100
887
864
604
446
635
338
112
891
150
70
959
485
262
924
526
470
259
272
763
677
399
661
604
580
324
957
930
534
74
791
361
152
650
440
856
618
724
949
126
221
858
532
210
809
748
232
888
99
540
330
761
649
572
112
688
534
427
760
321
277
349
236
918
220
707
218
967
218
983
580
378
92
289
114
654
834
973
551
211
866
756
754
597
953
792
556
439
386
749
486
966
680
968
889
401
249
890
554
657
341
401
916
667
984
606
330
528
416
547
863
759
19
54
773
889
975
734
840
271
26
345
398
85
107
702
68
203
774
455
228
606
885
814
51
665
96
707
715
232
721
425
439
808
96
316
789
255
570
78
593
805
585
463
289
503
492
642
605
183
517
256
440
667
934
134
682
862
105
7
903
347
777
258
566
373
712
63
720
588
823
978
50
693
182
127
289
876
351
903
652
524
318
219
203
747
612
358
200
74
426
546
886
338
787
277
750
584
544
223
686
629
893
209
570
246
613
373
541
671
899
998
514
196
26
521
146
96
77
661
542
5
803
919
386
452
759
36
199
204
120
754
346
323
382
216
665
120
441
51
370
921
291
538
466
865
24
749
146
421
270
276
740
549
856
981
418
926
430
197
790
649
436
220
181
660
234
408
554
765
65
369
676
462
905
178
606
22
20
170
591
74
700
77
914
672
560
208
18
650
340
777
393
882
283
882
792
968
905
661
891
311
868
147
603
340
752
439
830
736
45
556
898
942
659
74
35
40
648
710
503
118
45
845
589
594
430
494
980
402
426
183
212
306
499
723
20
371
134
665
365
358
44
459
881
937
432
173
562
717
716
130
897
767
474
866
661
727
610
614
664
446
573
564
854
285
812
30
159
632
214
954
668
597
742
691
936
723
746
275
777
10
864
897
143
872
994
248
376
741
179
964
999
212
860
260
742
289
68
73
263
937
270
70
767
594
300
157
9
302
913
192
369
988
823
310
191
244
423
375
768
208
910
236
918
22
798
126
875
5
446
280
86
106
942
969
674
502
519
761
146
26
190
51
859
291
825
145
727
246
78
216
423
548
865
681
751
329
891
258
430
319
987
199
150
694
183
54
733
161
26
382
246
36
9
309
842
701
736
148
719
159
672
673
397
214
462
841
341
739
920
426
21
58
774
688
12
411
872
742
899
798
832
151
226
223
834
356
255
263
338
496
181
738
838
578
534
739
701
116
230
248
921
553
357
766
45
860
265
572
464
235
82
558
67
775
163
522
383
774
578
936
236
288
496
143
589
473
924
412
204
742
212
290
441
726
899
815
902
388
897
525
115
525
4
546
837
265
962
871
392
129
145
171
352
694
606
48
181
545
696
154
859
426
32
768
31
796
368
900
571
890
173
423
420
757
276
746
123
633
513
275
651
43
171
210
486
12
546
63
75
96
669
230
845
558
284
609
934
759
420
472
452
360
317
924
462
59
604
534
107
450
771
693
857
101
529
27
364
130
316
11
224
66
307
69
37
854
336
107
610
63
31
691
624
724
393
929
902
565
567
549
64
125
222
637
371
673
563
80
948
301
374
411
289
887
673
133
269
967
279
80
449
782
913
602
282
269
996
273
172
488
800
140
226
254
642
235
287
540
630
385
938
935
617
616
813
48
681
114
784
683
683
237
354
114
674
486
28
250
497
538
43
868
772
311
10
847
13
481
778
316
705
343
683
760
923
542
558
22
297
165
500
817
486
933
206
791
18
778
965
874
232
73
105
814
81
680
425
542
41
414
419
802
81
215
48
941
16
143
70
621
198
553
888
965
759
637
695
916
306
897
19
660
534
3
306
687
794
466
452
643
543
849
536
259
470
622
999
128
931
983
509
584
816
588
818
232
172
104
202
947
83
935
225
57
210
832
231
363
791
108
188
703
902
835
965
501
934
508
521
801
966
940
782
109
24
21
725
37
890
944
630
467
551
707
743
538
736
224
737
570
499
43
525
231
768
591
382
99
909
626
831
299
891
250
785
717
248
753
676
464
52
175
61
26
207
591
694
912
830
470
380
996
311
929
817
57
525
867
443
409
401
805
461
629
696
834
244
559
236
997
314
890
96
180
441
891
637
504
124
933
778
63
458
737
812
558
860
93
262
146
340
881
112
605
715
32
550
34
97
173
83
398
825
16
24
571
348
269
971
330
235
602
471
553
502
486
974
819
845
277
987
868
328
179
464
509
861
92
938
763
381
244
340
560
460
595
347
803
766
636
484
620
116
827
836
131
656
46
772
414
371
118
146
145
149
146
201
803
437
153
283
557
860
738
490
934
661
361
614
616
706
77
655
223
579
761
962
690
432
382
5
467
743
391
240
644
12
150
551
459
758
886
509
421
79
465
102
178
923
52
369
264
18
372
370
902
495
450
486
360
532
737
331
121
616
276
430
49
238
739
772
250
510
53
430
430
748
993
965
962
120
268
349
117
476
824
945
624
352
809
459
527
678
810
887
354
262
159
542
971
940
829
490
4
57
422
213
676
402
454
108
242
276
886
200
465
365
29
212
697
742
909
918
224
635
933
762
100
230
455
998
823
289
987
377
675
116
196
931
950
755
494
596
386
400
904
162
10
57
193
442
278
501
945
814
865
497
435
478
1269
1640
2173
2872
3655
3873
4043
4910
5137
5336
5806
6195
6325
6334
7144
7531
7914
8387
8391
9380
9494
9559
9791
10618
10979
11614
11878
12585
13038
13242
13752
14132
14690
14755
15551
16187
16483
16889
17082
17691
18635
19306
19346
19365
19475
19938
20102
20709
20875
21550
22463
22584
23215
23764
24763
25531
26498
27052
27784
28155
28819
29798
30272
30855
31793
32412
32512
33212
34142
35022
35396
35835
36403
36512
36659
37210
37936
38382
38830
38993
39812
40064
40573
41452
41950
42852
42889
43651
44409
44913
45693
45714
46181
46372
46396
47135
47607
47629
48474
49357
49477
49769
50745
51254
51550
52034
52561
52655
53419
54403
55324
55399
55919
56260
56843
57443
57505
58034
58825
58947
59521
59927
60915
61051
61897
62478
63354
63912
64526
65152
65799
66166
66951
67206
67545
67562
67950
68507
69259
69502
69627
69776
70049
70787
70977
71553
71941
72162
72394
73368
73861
74016
74707
75388
75999
76231
76603
77242
78138
78734
78795
79715
79882
80833
80921
81373
82088
82714
83369
83539
84218
84553
85127
85775
86601
87126
87674
87687
87876
88000
88259
88388
88830
88871
89002
89900
90413
90465
90670
90749
91481
92321
92508
93346
93423
93784
93797
94290
94664
94975
95369
95686
96579
97452
97744
97823
98470
98584
99558
99575
99642
99669
100662
100801
101202
101801
102045
102979
103812
104778
105645
106295
107092
107207
108204
108643
108995
109124
109292
110107
110883
111376
111902
112635
112938
112960
113319
113528
114172
115057
115359
115442
116240
116941
117776
118714
118724
119471
119717
120609
121607
122379
123037
123756
124085
125008
125288
126022
126160
126203
126583
127389
128153
128324
129060
129585
130452
131242
132055
132760
133376
133534
134386
134775
135712
136665
137209
138100
138482
138600
138677
138736
139588
140414
141378
142188
142391
142989
143449
144332
145022
145528
145591
146501
146650
146919
147679
147851
148570
148859
149556
150502
151169
151995
152331
153266
153301
153791
154238
154343
155014
155369
156018
156215
156771
157537
158130
158673
159030
159197
159264
159978
160639
160682
161500
162448
162819
163640
163673
163933
164025
164332
164639
165044
165638
166554
167519
167799
168742
169343
170179
170633
171584
172573
173525
173775
173959
174587
175115
175545
176047
176913
177008
177938
178697
179275
179901
180737
181549
181685
181772
181846
182060
182737
182854
183769
184446
184952
185314
185981
186445
187074
187238
187826
187958
188737
189178
190131
190481
191438
191868
192743
193501
194264
194823
195046
195770
196522
196732
197423
197946
198896
199589
199832
200392
200674
201319
201987
202896
203459
203913
204382
204575
205043
205572
206073
206789
207751
208053
208897
209874
210697
210998
211779
212509
212883
213478
213949
214035
214667
214954
214960
215192
216157
216561
216870
216985
217247
217658
218205
218866
219044
219583
220533
221221
221777
222337
222893
223328
223611
224298
225078
225230
225746
226618
226824
227073
227937
228029
228771
228982
229208
230190
230855
231023
231162
231779
232517
232578
233151
233975
234364
234865
235006
235385
235614
236111
236360
237089
237166
237231
237661
238179
238697
239277
240128
241111
241186
242078
242652
242771
243518
244174
245071
245141
245304
245985
246113
246444
246738
247207
247838
248613
249370
250164
250637
251316
251367
252257
253151
254071
254631
255036
255359
255626
256601
257524
257911
258565
258739
259059
259195
259994
260697
261624
262218
262827
263305
263762
264427
265391
266155
266969
267491
268014
268264
268698
269548
270229
270734
271412
272137
273027
273534
274031
274207
274907
275215
275415
275828
276721
277330
278043
278856
279720
280141
280792
281020
281457
282114
282617
283163
283699
283965
284420
285326
285381
286164
286759
287658
287735
288020
288396
288972
289052
289550
290230
290435
291140
291516
292096
292507
292855
292857
293436
293689
294033
294936
295417
295525
296350
297222
297450
297503
297565
297857
298395
299326
299806
300248
301207
302025
302734
303053
303672
303893
304108
304743
305033
305564
305844
305962
306567
307150
307559
307842
308588
308747
309736
309801
310640
310880
311236
311458
311952
312220
312902
313629
314506
315084
315696
315923
316666
317524
317722
318482
319389
320265
320580
321551
321907
322901
323138
323157
323801
324769
325386
326049
326470
327362
328206
328530
329005
329368
329604
330081
330149
330653
331422
331794
332753
333105
333352
334075
335030
335648
335710
335876
336718
336790
337751
338134
338467
338858
339846
339973
340621
340729
341485
342330
342865
343152
343849
343907
344438
344597
344718
344770
345068
345782
346674
346851
347503
347507
348333
349049
349658
349850
350499
351485
351938
352898
353859
354131
355107
356104
356674
357510
358248
358406
358919
359431
359486
360421
361282
361814
362369
362370
363246
363970
364406
365311
365532
365927
366141
366678
367577
367771
368154
368721
368985
369969
370039
370445
370871
370930
370955
371144
371817
372139
372651
372837
372888
373763
374406
374424
375109
375387
375765
375966
376811
377368
377860
378119
378528
378744
378911
379526
380172
380376
380660
380810
381799
382638
383404
384232
384340
384905
385013
385214
385398
385428
386326
386328
386992
387590
388376
389169
390062
390818
390942
391460
391759
392243
393091
393654
394530
395196
396186
396840
397449
398340
399076
399746
399796
399872
400004
400327
400990
401799
402706
402764
403153
403454
404113
405092
405201
405731
405923
406624
406955
406997
407355
408015
408871
409455
410068
410338
410723
411254
412230
412835
413210
413663
414315
414554
415109
415172
415528
415902
416355
417329
417338
417563
418267
418364
418630
419603
420194
420565
421295
421564
422509
422875
423264
423376
423409
423546
423682
424282
424458
425262
425709
426009
426602
427046
427741
427799
427834
428612
429073
429717
429810
430700
431557
431617
432358
433054
433487
434202
434820
435741
436264
436628
437575
438108
438158
438850
439822
440329
440636
441216
441882
442636
442825
443748
444415
444830
445826
445945
446876
446882
447807
448134
448951
449008
449274
449712
450453
451356
452263
452611
453369
453706
454504
455122
455463
456384
456974
457822
458505
459503
459872
460475
461360
462087
462145
462946
463323
464019
464840
465569
466542
466605
466931
467081
467258
467679
467919
468515
469183
469753
470070
470435
470961
471929
472126
472664
472866
473089
473559
474532
475249
476171
476944
477652
477876
478158
478802
479709
479790
479808
480444
481419
481675
482326
482789
483240
483780
484470
484499
484794
485220
485553
486014
486801
486930
487495
487572
487794
488091
488755
489108
489328
489346
489656
490476
491126
491650
491980
492210
492783
492976
493156
493525
493778
494483
494825
495118
495635
496497
497291
497737
498657
499133
499288
500205
500488
501247
501501
502125
502732
503307
503647
504376
504830
505064
505450
505761
505958
506172
506374
506988
507473
508059
508075
508970
509150
509748
510464
511288
511571
511726
512665
512925
513711
514608
514918
515041
515717
515764
516292
516851
517612
517778
517977
518223
518447
519084
519492
520037
520907
521794
522242
522257
522772
523084
523102
523637
524002
524980
525791
526310
526916
527094
528004
528080
528984
529284
529394
529972
530892
530904
531548
532322
533269
534030
534548
535266
536144
536399
536728
537485
537780
538780
539706
539822
540777
541362
541947
541996
542473
543441
544416
545256
546009
546820
546954
547106
547141
547845
548319
549021
549904
550815
551649
552378
552877
553120
553627
554581
555136
556117
556920
557208
557264
557586
558142
558265
558357
558545
559023
559557
559658
560281
561009
561681
562081
562595
562876
563346
564230
564950
565196
565327
565771
566395
567006
567691
568681
569317
570241
571237
571789
572146
572890
573236
573882
573900
574737
575187
575829
576303
577039
577525
577687
578599
578874
579719
579738
580451
580529
581118
581931
582296
583213
583458
584259
584327
585239
585505
585525
586235
587191
588132
588566
589552
590532
591357
592060
592618
593616
594370
594811
595768
596729
596803
596966
597309
597814
598701
598853
599167
600040
600109
600280
600571
601454
601748
602091
602280
602946
603652
603947
604816
605776
606055
606539
606950
607003
607027
607827
608331
608964
609060
609473
610080
610704
611534
612334
612945
613200
613563
614217
614626
614794
615078
615230
615448
616008
616055
616519
616855
617055
617771
618386
618787
619029
619791
620787
621138
621428
621985
622034
622228
622278
622426
622834
623705
624073
624698
624728
625210
626084
626668
627128
627589
627658
627863
628622
628642
628992
629117
630050
630639
631624
632472
632769
632910
633321
633660
633678
634598
635401
636234
636800
637283
637436
637879
638361
638588
638896
639535
639640
639867
640819
641118
641792
641961
642804
643464
644250
644436
644899
645839
646361
646422
646496
647323
647718
648325
649227
649721
649856
650847
651455
651595
652067
652659
653101
653383
653812
654274
654540
654743
654965
655734
655991
656526
656909
657490
657606
658465
658699
659399
660184
660995
661456
661929
661971
662356
663342
663808
664109
664382
664873
665500
666258
666641
667203
668166
668216
669104
670054
670331
670927
671312
671882
672538
673444
673667
674104
674343
674552
674626
675148
675943
675997
676207
676854
676914
677640
678279
678372
678595
679163
679923
680525
680656
680922
681618
682442
683065
683810
684163
684933
685003
685138
685879
686095
686659
687279
687631
687961
688056
688849
689601
689686
690268
690372
690623
691557
692073
692883
693525
694144
694228
695181
695814
696475
697450
698063
698134
698817
699637
699704
700637
700921
701163
701714
702595
703456
704408
705270
705873
706607
707311
708207
708935
709898
710043
710803
711018
711443
712235
712814
713286
714157
714659
715144
716112
716144
717039
717650
717662
718613
718982
719585
719890
720724
721462
722164
722387
722581
722760
723678
724138
724887
725427
725783
726634
727025
727055
727421
728041
728732
728990
729368
729623
730214
730505
730867
731733
731823
732372
732407
732686
733484
733890
734128
735055
735859
736336
737239
737583
738358
738957
739265
739440
739922
740829
741736
741907
742416
742818
743767
744399
744696
745444
746118
746602
746931
747514
747967
748898
749391
750344
750490
750727
751584
752487
752687
753575
753701
754225
754645
754748
755297
755341
755992
756222
756989
757450
758289
758822
759358
760192
760767
761272
761735
762102
762995
763027
763685
763970
764492
764874
765416
765506
765930
766662
766976
767534
767850
768707
769526
770197
770781
771327
772051
772745
773512
773718
773935
774729
774948
774993
775609
776508
776878
777371
777845
778653
778870
778985
779429
779762
779765
780275
780647
780823
781564
782076
782252
782757
782912
783261
784240
784606
785235
785836
786083
787050
787758
788243
788669
789075
789136
789192
789783
789966
790516
790716
791670
791847
792659
792858
793571
794287
794904
795129
795735
796615
797341
797940
798816
799198
799224
800090
800095
800480
801240
802144
802487
803323
803364
804072
804449
805396
805838
806175
806784
807172
807836
807996
808650
809141
809350
809655
810376
811055
811896
812443
812662
813277
813431
813929
814071
814250
814925
815593
816000
816263
816333
817092
817524
817730
817906
818555
818974
819388
819697
820255
820452
821345
821666
821690
822547
823276
823873
823890
824093
824729
825030
825311
826279
827104
827535
828398
829279
830267
830574
831521
831939
832779
832855
833391
834134
835043
835618
836198
837081
837304
838182
838849
839269
840043
840260
841170
841721
841908
842030
842692
842922
843711
844652
844663
844853
845605
846592
846742
846965
847271
848067
848805
849427
850309
850595
851070
851890
852790
853492
853893
854259
854933
855850
856698
857331
858106
859068
859516
859788
859955
860574
861269
861419
861725
862705
863042
863396
863794
863987
864090
864536
864943
865540
865984
866484
866999
867614
868178
868696
869511
869673
870640
871071
872038
872130
872132
872795
873665
874512
875128
875203
876101
876740
877118
878040
878563
879251
879393
880389
881317
881439
881955
882287
882962
882993
883760
883853
883934
884800
885028
885614
885885
886778
887311
887853
888113
888558
888740
888815
889630
890204
890953
891844
892700
893202
893696
894689
895688
896372
897354
897607
898295
899024
899620
899823
900088
900899
901096
901665
901830
901834
901923
902702
903173
903708
904186
904927
905034
906000
906435
906953
907702
907934
908097
908465
909148
909768
910345
910754
911581
911968
912288
912662
912939
912983
913174
913581
913839
914799
915540
915926
916768
917393
917749
917827
918128
918321
918712
918809
919360
919538
920325
921129
921604
922112
922806
923470
923483
923769
923879
923925
924344
925174
926094
926278
926706
926855
927539
928147
928857
929489
929723
930125
930474
930952
931281
931401
931601
931858
932223
932984
933087
933589
933725
934044
934257
935137
935590
936023
936554
937450
938097
938546
938868
939815
940381
940958
941293
941932
942049
942810
943599
943799
944596
945125
945578
945746
946692
947128
947814
948615
948837
949412
949679
950445
951172
952054
952557
953243
953616
953740
954624
955112
955394
955422
956215
956678
956927
957029
957378
957638
958608
959157
959807
959891
960605
961322
961452
962065
962469
962495
963104
963361
964335
964612
965177
966090
967050
967703
968168
968814
969664
970351
971215
971449
972170
972277
972475
972908
973812
974163
974576
975213
975530
976263
976785
977358
978172
978792
979401
979686
980469
981326
981939
982934
982982
983145
983891
984762
984860
985631
985951
986382
987059
987827
987944
988868
989248
989253
989709
989781
990451
991405
991861
992403
993301
993506
994440
995028
995687
995818
996126
996778
997532
998348
998962
999603
1000167
1000345
1000700
1000977
1001583
1002476
1002642
1003538
1004417
1004919
1005535
1005696
1006359
1006489
1007378
1007511
1007699
1008442
1009164
1009310
1009556
1010287
1011183
1011488
1012111
1012762
1013624
1013730
1014094
1014584
1015370
1015583
1016121
1016663
1017644
1017673
1018247
1018289
1018619
1019255
1019423
1019885
1020572
1020988
1021893
1022697
1023204
1024016
1025008
1025015
1025398
1025906
1026397
1026956
1027540
1027957
1028320
1028400
1029390
1029630
1029825
1029908
1030270
1030294
1030922
1031296
1032001
1032259
1032639
1033478
1033769
1034208
1034405
1034987
1035678
1035787
1035873
1036045
1036141
1037111
1037497
1037868
1038274
1038969
1039807
1040536
1041048
1042033
1042561
1043477
1043535
1043710
1043952
1044781
1045422
1046407
1046627
1046748
1047721
1047789
1048498
1048670
1048702
1048931
1049223
1049792
1050768
1051083
1051464
1051579
1052204
1053039
1053121
1053185
1053596
1053665
1054153
1054186
1054425
1054738
1055123
1055379
1056172
1056789
1056984
1057135
1057364
1057477
1057990
1058012
1058497
1059297
1059388
1059411
1059666
1060354
1060633
1061415
1062261
1063189
1063344
1064068
1064412
1064918
1064987
1065346
1065421
1066078
1066584
1066947
1067245
1067906
1067989
1068726
1069126
1069625
1069646
1069731
1069881
1070344
1070815
1071660
1072030
1072206
1072408
1072480
1073084
1073774
1074319
1074669
1074966
1075751
1076029
1076829
1077813
1078748
1079139
1079637
1080141
1080795
1080982
1081239
1082059
1083054
1084010
1084968
1085240
1085774
1086181
1086241
1086796
1087030
1087374
1087381
1088132
1088907
1089667
1090231
1090561
1091374
1092212
1092790
1093679
1093944
1094652
1094878
1094944
1095238
1095254
1096150
1096774
1096994
1097195
1097208
1097655
1098487
1098838
1099642
1100532
1101251
1101513
1102372
1103204
1104184
1104499
1105356
1106001
1106481
1106929
1107100
1107812
1108609
1108930
1109730
1110411
1111406
1112101
1112620
1113326
1113943
1114128
1114690
1114840
1115362
1116301
1117162
1117194
1117945
1118558
1119323
1119374
1120015
1120411
1121317
1122095
1122726
1123048
1123918
1123952
1124395
1124920
1125272
1125516
1125698
1126620
1127207
1128067
1128500
1129280
1130078
1130862
1131314
1131862
1131891
1132483
1133346
1133570
1133636
1134286
1135040
1136000
1136137
1136389
1137355
1137690
1138100
1138360
1138966
1139883
1140626
1140910
1141330
1141412
1142272
1143091
1143566
1144416
1144704
1145543
1145694
1145843
1146548
1147261
1148027
1148775
1149527
1150460
1151010
1151180
1151218
1151896
1151935
1152587
1153228
1153473
1153579
1154108
1154112
1154557
1155278
1155595
1155979
1156979
1157199
1157524
1157627
1158263
1158756
1159505
1159886
1160807
1161115
1161358
1161969
1162059
1162938
1163630
1164430
1164708
1164869
1165145
1166099
1166704
1166748
1167258
1167352
1167905
1168737
1169711
1170629
1170972
1171546
1172105
1172206
1172589
1173347
1174016
1174210
1174702
1175630
1176507
1176598
1177315
1178155
1178984
1179821
1180208
1181153
1181458
1181602
1182247
1182300
1183240
1183952
1184635
1184853
1185229
1185292
1186052
1186471
1187202
1187246
1187253
1187381
1188365
1188472
1189053
1189697
1189754
1189908
1190657
1191158
1191202
1192195
1192819
1193476
1193769
1194617
1195460
1195597
1196330
1196462
1197053
1197540
1198021
1198387
1198598
1199569
1199810
1200208
1200835
1201803
1201937
1202866
1203662
1204159
1204702
1205106
1205659
1205753
1205894
1206220
1206303
1206868
1207424
1208024
1208240
1209124
1210029
1210751
1211084
1211697
1212673
1213593
1213747
1214737
1214936
1215369
1216238
1217121
1217295
1218188
1218578
1219283
1219668
1220640
1221237
1221977
1222724
1223225
1224005
1224913
1225398
1225726
1226233
1227039
1227516
1227985
1227995
1228287
1229092
1229679
1230039
1230957
1231385
1232374
1233316
1233617
1234125
1234370
1234477
1234797
1235524
1235715
1236674
1237442
1237577
1238544
1238885
1239711
1240309
1241026
1241529
1242207
1242334
1242916
1243639
1244330
1244424
1244725
1245302
1245980
1246142
1246639
1247570
1248259
1248391
1248851
1249328
1249583
1250275
1251136
1252062
1252604
1253209
1253842
1254202
1255167
1255668
1256001
1256456
1257329
1258221
1258870
1259412
1260088
1260171
1260828
1261122
1262055
1262395
1262788
1263531
1264321
1264553
1265359
1265943
1266577
1266825
1267413
1268033
1268683
1269655
1270048
1270913
1271863
1272512
1272639
1273541
1273912
1274004
1274209
1274831
1275045
1275958
1276814
1277233
1278120
1279108
1279318
1279789
1279974
1280796
1281795
1282000
1282665
1282775
1283721
1283841
1284517
1285455
1285958
1286906
1287837
1288078
1288367
1289198
1289821
1290743
1291387
1291737
1292478
1293266
1293706
1294040
1294795
1295719
1295972
1296335
1296716
1296965
1297079
1297102
1297676
1298349
1298924
1299768
1300179
1300249
1300999
1301817
1302340
1303136
1303497
1304078
1304230
1305187
1305934
1306737
1307226
1307297
1307466
1308025
1308723
1309437
1309709
1310271
1311041
1311860
1312201
1312648
1313444
1313532
1313611
1313804
1314390
1315037
1315056
1316007
1316415
1316689
1317316
1317855
1318621
1318942
1319837
1320613
1321359
1321848
1322056
1322125
1322752
1323382
1324151
1324547
1325370
1326044
1326844
1327607
1327630
1328203
1328303
1328567
1328791
1329042
1329624
1330080
1331007
1331557
1332397
1333027
1333301
1333922
1334735
1334934
1335127
1336003
1336121
1337005
1337203
1337756
1338216
1338364
1338728
1339627
1339907
1340882
1341320
1341776
1342764
1342824
1343333
1343766
1344651
1344850
1345579
1346214
1346573
1346656
1347290
1347530
1347785
1348319
1348768
1349147
1349898
1350425
1351150
1351233
1352123
1352898
1353500
1353710
1354402
1355007
1355381
1355672
1356051
1356804
1357109
1357630
1357823
1358305
1359108
1359697
1360418
1361048
1361478
1362458
1362525
1362665
1362744
1363659
1364365
1364693
1365281
1365321
1365329
1365881
1366584
1367349
1367448
1367906
1368025
1368450
1368596
1368839
1369187
1369990
1370654
1371025
1371824
1372456
1373033
1373901
1374863
1374890
1374959
1375238
1375479
1375552
1375969
1376345
1376913
1377489
1378317
1379118
1379913
1380167
1381111
1381992
1382766
1383202
1383845
1384626
1385033
1385909
1386734
1387147
1387625
1388593
1389426
1389435
1390073
1390368
1390441
1390837
1391484
1391992
1392383
1392676
1392824
1393670
1394542
1395513
1395595
1396448
1397241
1398070
1398535
1399017
1399563
1400324
1401232
1402230
1402293
1402583
1402732
1403259
1403709
1403963
1404151
1405010
1405450
1405808
1406207
1406781
1407028
1407079
1408069
1408585
1409103
1409851
1410114
1411083
1411770
1411812
1412755
1413739
1414122
1414161
1414963
1414972
1415829
1416486
1416507
1417166
1417633
1418192
1419028
1419782
1420559
1420897
1421255
1422220
1422689
1423121
1423352
1423495
1424195
1424248
1425062
1425942
1426795
1427589
1428247
1428374
1428574
1428648
1429164
1430002
1430701
1430891
1431438
1432254
1433194
1433597
1434029
1434377
1434720
1435449
1435788
1435863
1436003
1436828
1437390
1438067
1438207
1438641
1438725
1439106
1440046
1440361
1441328
1442222
1442710
1442842
1443414
1443821
1444211
1444700
1445242
1446210
1446588
1446642
1446727
1447632
1447875
1448686
1448999
1449078
1449900
1450714
1451673
1452389
1452861
1453500
1453830
1454327
1454595
1455331
1455517
1456506
1456773
1457703
1457851
1458697
1459305
1459723
1459864
1460676
1461626
1461692
1461896
1461979
1462457
1463108
1463295
1463369
1463885
1464475
1464904
1465651
1466188
1466354
1466522
1466580
1467310
1468273
1468599
1468894
1469835
1469888
1470136
1470911
1471805
1472406
1472551
1473517
1473872
1473915
1474794
1474999
1475319
1475815
1476569
1477403
1477442
1478232
1478240
1478928
1479225
1479838
1480098
1480155
1480617
1481585
1481831
1482375
1482687
1483610
1484122
1484600
1484666
1485178
1485809
1486617
1486927
1487547
1488094
1488313
1488693
1488713
1488870
1489052
1489529
1490428
1491228
1491705
1492548
1492755
1492798
1493109
1493639
1494252
1494831
1494962
1495236
1495922
1495968
1496179
1497112
1497899
1497986
1498923
1499679
1500679
1501413
1501857
1502833
1503625
1503791
1503868
1504744
1505399
1506317
1506808
1507753
1507813
1507999
1508173
1508624
1508951
1509760
1510642
1511391
1512040
1512833
1513293
1513434
1514371
1514550
1514781
1515678
1516089
1516186
1516762
1517694
1517909
1518606
1519063
1519430
1519723
1520234
1521148
1521254
1521622
1522477
1523395
1523992
1524745
1525675
1525867
1526506
1526700
1526715
1526737
1527298
1528168
1529082
1529266
1529589
1530531
1531483
1532283
1533110
1534034
1534215
1534692
1534967
1535231
1535800
1536389
1537115
1537145
1537384
1538235
1538832
1539750
1540144
1540914
1541210
1542161
1542526
1543247
1543811
1544396
1545244
1545316
1546287
1547148
1547315
1547659
1548030
1548825
1549001
1549055
1549503
1550242
1550753
1551128
1551798
1552659
1552952
1553295
1554036
1554525
1555201
1555533
1556307
1556508
1556574
1557404
1558338
1558812
1559167
1559358
1559994
1560720
1560990
1561062
1561136
1561837
1562099
1562122
1562397
1562953
1563153
1563396
1564053
1565041
1565618
1566189
1566370
1566489
1566621
1567070
1567237
1567438
1567967
1568164
1568288
1568822
1568866
1569166
1569666
1570574
1571377
1571864
1572599
1573326
1573968
1574828
1574912
1575695
1576261
1576583
1576588
1577078
1577601
1578259
1578811
1579487
1580204
1581171
1581651
1582405
1582613
1582616
1582917
1583755
1584690
1584731
1584739
1585300
1585975
1586687
1586972
1587870
1587922
1588577
1588643
1589037
1589103
1589551
1590137
1590316
1590880
1590952
1591440
1592314
1592817
1593333
1593452
1594342
1594424
1595386
1595482
1596420
1597164
1597907
1598431
1599218
1599650
1600064
1601004
1601080
1602026
1602691
1602974
1603668
1604418
1604550
1605375
1606334
1607192
1607302
1607448
1608265
1609089
1609803
1610410
1610844
1611701
1612484
1613415
1613818
1614809
1615298
1615715
1616580
1617142
1617498
1617806
1618334
1618499
1618531
1618803
1618839
1618880
1619357
1619785
1620238
1620950
1621334
1621942
1622280
1622471
1622638
1622772
1622838
1622992
1623612
1624382
1624904
1625885
1626051
1626426
1626547
1626577
1627214
1627605
1627870
1628086
1629002
1629447
1630433
1630613
1631197
1631556
1632067
1632927
1633331
1633615
1633905
1634459
1634510
1635129
1635642
1636152
1636718
1636983
1637370
1637522
1638501
1638617
1639456
1639525
1640163
1640360
1640452
1641208
1641542
1642196
1642711
1643304
1643427
1644260
1645206
1645600
1646194
1646860
1647021
1647228
1647401
1647472
1648314
1648616
1649137
1649881
1649894
1650853
1650868
1651817
1652151
1652985
1653685
1654233
1654730
1655556
1655824
1656450
1656600
1656802
1657055
1657311
1657787
1658591
1659220
1659729
1660519
1660992
1661572
1662516
1663483
1663859
1664631
1665281
1665363
1665444
1665994
1666946
1667638
1667917
1668186
1668866
1669120
1669889
1670529
1670790
1670898
1671209
1671433
1671959
1672484
1672727
1672829
1673020
1673947
1674506
1675384
1676034
1676192
1677125
1677875
1678858
1679538
1679653
1680092
1680273
1680890
1681461
1682424
1683215
1683468
1683677
1683780
1683968
1684109
1684165
1684287
1684358
1684536
1685221
1685857
1686321
1686910
1687780
1687953
1688870
1689119
1689756
1690756
1690906
1691877
1692239
1692703
1693554
1693874
1693881
1694575
1695117
1695417
1695929
1696483
1696918
1697544
1698136
1698355
1698644
1699139
1699765
1699985
1700319
1700450
1700841
1700844
1700910
1701852
1702793
1703415
1703776
1704713
1704899
1705445
1706346
1706667
1706829
1707675
1708441
1709383
1710365
1710502
1710619
1711071
1711820
1712395
1712656
1712992
1713070
1713399
1713520
1713764
1714450
1715313
1716252
1716442
1717141
1717795
1718108
1718758
1719677
1720660
1720953
1721176
1721623
1721765
1722114
1722874
1723452
1724152
1724943
1725381
1725722
1726087
1726380
1727083
1728034
1728190
1728807
1729033
1729585
1730581
1731336
1732322
1733183
1733559
1734336
1735310
1736206
1736762
1737661
1738237
1738530
1738681
1739409
1739996
1740097
1740190
1740283
1740898
1741491
1741557
1742452
1742541
1742589
1742834
1742947
1743640
1743966
1744933
1745132
1745453
1746286
1747016
1747341
1748030
1748837
1749527
1750440
1750948
1751305
1751792
1751948
1752054
1752866
1753455
1753647
1754117
1754385
1754874
1755424
1756357
1756649
1757028
1758014
1758164
1759120
1760030
1760291
1760672
1761591
1761927
1762019
1762602
1762958
1763232
1763916
1764135
1765100
1765253
1765256
1765906
1766173
1766643
1766735
1766858
1767786
1767802
1768750
1769014
1769831
1770137
1770952
1771542
1771848
1772668
1772983
1773590
1774562
1775454
1775564
1775902
1776832
1777474
1777831
1778824
1778899
1779374
1779901
1780439
1781106
1781437
1782051
1782510
1782875
1783628
1784399
1784472
1784744
1784750
1785716
1786228
1787157
1787288
1787689
1787702
1788060
1788198
1788779
1788860
1789033
1789858
1790505
1791356
1791939
1791981
1792622
1792958
1793527
1794395
1795309
1795960
1796080
1797013
1797287
1797510
1798184
1799055
1799397
1799765
1800560
1801278
1801655
1802016
1802487
1803393
1804128
1804659
1804686
1805241
1805757
1806526
1806559
1806828
1806893
1807520
1808458
1809439
1809603
1809906
1810824
1811196
1812191
1812511
1812926
1813822
1814770
1815051
1815941
1816499
1817109
1817699
1818359
1818633
1818671
1818891
1819206
1819505
1819590
1820134
1820216
1821078
1821309
1822246
1823180
1823449
1823716
1824177
1824781
1824808
1825379
1826124
1826369
1827303
1827745
1828569
1828967
1829795
1830728
1830880
1831810
1832072
1833004
1833467
1833847
1834081
1834739
1834798
1834950
1835816
1836628
1837334
1837971
1838749
1838792
1839348
1840079
1840149
1840876
1841106
1842092
1842765
1842963
1843842
1844249
1845231
1845491
1846459
1847253
1848069
1848082
1848593
1849469
1849787
1850464
1850569
1850870
1850880
1851199
1851338
1851944
1852318
1852789
1853630
1853891
1854169
1854497
1854662
1855105
1855535
1855990
1856441
1857177
1857387
1857698
1858524
1858959
1859426
1859774
1860477
1861286
1861512
1861857
1862689
1863360
1863962
1864886
1865462
1866255
1866899
1867461
1867478
1868002
1868943
1869647
1870019
1870471
1870665
1871159
1871509
1872223
1873184
1873624
1874320
1875202
1875352
1875643
1875772
1876079
1876446
1876489
1877094
1877712
1878544
1879239
1879677
1880425
1880475
1880927
1881141
1882095
1883063
1883627
1884399
1885194
1885793
1886011
1886510
1886639
1887167
1887756
1888349
1889057
1889317
1889665
1890574
1891528
1892455
1892819
1893170
1893586
1894014
1894875
1895297
1895428
1895943
1896612
1897602
1897711
1897866
1898762
1899411
1899981
1900426
1901349
1902025
1902041
1902646
1903122
1903202
1903605
1904593
1905399
1906149
1907059
1907394
1907630
1908176
1908941
1909458
1909961
1910737
1911727
1912451
1912610
1913437
1914072
1914301
1914610
1915262
1916072
1916506
1917413
1917893
1918075
1918973
1919429
1920350
1920934
1921100
1921564
1922218
1922252
1922355
1923089
1923239
1924095
1924517
1924603
1924663
1925424
1925486
1926398
1926618
1927517
1927572
1927975
1928821
1929446
1930026
1930876
1931035
1931879
1932412
1932974
1933913
1934803
1935680
1936315
1937057
1937681
1937814
1938759
1939104
1940050
1940809
1941616
1942521
1942837
1943415
1943928
1943972
1944158
1944188
1944342
1944372
1944954
1945923
1946734
1947073
1947143
1947815
1948781
1949762
1950084
1950790
1951155
1951872
1952491
1952582
1952778
1952949
1953856
1954853
1955453
1955821
1956468
1957083
1957809
1958095
1958935
1959052
1959900
1959954
1959984
1960232
1960621
1961263
1961564
1961569
1962439
1963054
1963679
1964340
1965139
1965611
1966111
1966986
1967087
1967234
1967960
1968380
1969101
1969834
1970182
1970598
1971501
1971819
1971980
1972817
1973263
1973625
1974073
1974808
1975221
1975488
1975548
1975585
1975983
1976532
1977441
1978211
1978841
1979462
1979644
1980176
1980863
1981714
1982375
1982890
1983280
1983813
1984743
1985541
1985633
1985785
1985984
1986972
1987705
1988274
1989054
1989069
1989363
1990235
1990973
1991361
1991414
1991815
1992319
1992692
1993172
1993300
1994135
1994762
1995697
1996179
1996895
1997742
1998301
1998478
1998655
1998872
1999824
2000063
2000977
2001270
2001512
2001529
2002050
2002606
2002831
2003616
2004408
2005113
2005696
2006256
2006339
2006898
2007621
2008335
2008349
2009157
2009770
2010194
2010755
2011482
2012039
2012235
2012984
2013292
2014084
2014610
2014849
2015705
2015797
2016690
2017007
2017788
2018538
2018673
2019007
2019289
2019558
2020316
2021120
2021547
2022454
2022661
2023498
2024457
2025407
2025747
2026490
2027480
2027871
2028118
2029016
2029413
2030379
2030941
2031423
2031937
2032017
2032592
2032873
2033141
2033877
2034343
2035248
2035919
2036272
2036333
2037179
2037945
2038451
2038473
2039421
2040375
2041336
2042035
2042947
2043308
2043681
2044390
2044399
2045362
2045427
2045611
2046572
2047202
2048046
2048743
2049523
2050420
2051404
2051797
2052403
2053358
2053916
2053975
2054366
2055179
2055461
2055791
2056109
2057027
2057117
2057148
2057442
2057796
2058511
2059374
2060185
2060586
2060738
2061501
2062422
2062754
2063262
2063275
2063500
2063794
2064755
2065337
2065550
2066472
2066480
2066570
2067085
2067881
2068391
2068705
2069456
2069465
2070379
2070438
2071386
2071704
2072045
2072099
2072253
2072766
2073238
2073588
2074405
2074543
2074986
2075784
2076019
2076024
2076531
2076713
2077434
2077947
2078274
2078746
2078935
2079180
2079737
2080658
2080932
2081188
2082101
2082580
2083360
2083625
2083996
2084883
2085157
2085946
2086720
2087367
2087457
2088408
2088475
2089341
2089834
2090226
2091076
2091301
2092223
2092987
2093245
2094087
2094536
2094878
2095864
2096147
2096765
2097626
2098228
2098923
2099773
2100672
2100923
2101748
2102307
2103233
2103721
2104286
2104348
2105308
2105915
2106444
2107148
2108120
2108671
2109399
2110256
2110580
2111003
2111742
2112549
2112861
2113015
2113104
2113473
2114311
2114750
2115337
2116228
2116327
2117196
2117615
2118606
2118664
2119077
2119842
2119989
2120963
2121193
2122012
2122474
2122602
2123157
2123639
2123670
2124279
2124467
2124902
2125017
2125026
2125733
2125740
2126590
2127497
2127833
2128485
2129449
2130068
2130572
2131285
2131636
2132498
2133490
2133633
2134477
2134487
2134889
2135215
2136034
2136067
2136658
2137028
2137918
2138483
2138529
2139295
2140117
2140373
2140998
2141039
2141672
2142625
2143525
2143564
2144008
2144031
2144454
2145094
2146048
2146302
2147023
2147618
2148089
2148897
2149049
2149525
2149537
2149688
2150478
2150775
2151126
2151388
2151751
2152215
2152405
2152669
2152905
2153166
2154063
2154162
2154720
2155397
2155416
2156148
2156544
2157003
2157619
2158204
2158734
2159138
2159156
2159900
2160203
2160252
2160763
2161079
2162024
2162977
2163937
2164682
2164785
2164874
2165565
2166360
2166739
2167478
2167909
2168791
2169256
2170073
2171052
2171990
2172069
2172672
2173131
2173674
2173963
2174809
2174870
2175756
2176299
2176329
2177281
2178034
2178595
2179135
2179921
2180540
2180584
2181445
2181825
2182244
2182497
2182766
2183487
2184315
2184712
2184737
2184847
2185254
2185284
2185903
2186457
2187152
2188114
2188591
2188917
2189409
2189723
2190228
2190598
2191343
2191615
2192329
2192344
2193188
2193965
2194707
2194876
2195174
2195640
2196222
2196944
2197754
2197940
2198781
2199511
2200336
2201069
2201458
2202190
2203128
2204110
2204200
2204715
2204815
2205722
2206413
2207080
2207877
2208697
2208869
2209214
2209434
2209632
2210252
2210812
2211031
2211766
2212226
2212786
2213048
2213711
2214083
2214487
2215313
2216241
2216815
2217219
2217757
2218546
2219513
2220388
2220520
2220780
2220953
2221411
2221764
2222153
2222691
2223597
2224524
2224651
2225165
2225530
2225957
2226497
2227009
2227200
2227643
2228168
2229147
2229362
2229693
2229934
2230849
2231359
2231994
2232701
2232748
2233025
2233035
2233588
2233693
2233735
2234548
2235106
2235749
2236626
2237079
2238053
2238704
2239522
2239666
2239833
2240737
2241035
2241638
2242173
2242575
2243066
2243875
2244870
2245757
2246505
2246797
2247179
2248011
2248576
2248695
2248911
2249680
2250293
2251231
2251695
2252190
2252901
2253835
2254647
2254980
2255980
2256623
2256876
2256979
2257085
2257339
2258120
2258849
2259056
2259895
2260440
2260496
2260870
2261129
2261764
2262385
2263160
2263710
2263734
2264508
2265153
2265525
2266303
2266783
2267047
2267691
2268499
2269492
2270181
2270825
2271562
2272117
2272368
2272981
2273309
2273611
2274604
2274972
2275385
2275993
2276118
2276301
2276412
2276735
2277488
2277860
2278448
2279056
2279143
2279637
2280557
2280561
2280584
2281284
2281919
2282860
2282880
2283630
2284126
2284264
2284995
2285987
2286653
2287287
2288064
2288571
2289220
2289431
2290210
2290958
2291208
2291513
2292131
2292726
2293459
2294319
2294569
2295283
2295567
2295758
2296368
2297250
2297895
2298432
2298725
2299020
2299145
2299438
2300333
2300534
2300836
2300882
2301877
2301898
2302196
2302789
2303295
2304044
2304761
2305387
2305611
2305788
2306021
2306861
2307820
2308203
2308784
2309098
2309549
2309899
2310642
2311566
2312180
2312641
2312893
2313737
2314398
2315132
2315510
2315791
2315895
2315908
2316683
2317271
2317557
2318464
2318849
2319433
2320012
2320067
2320216
2320908
2321388
2322343
2323309
2323439
2323862
2324513
2325370
2326045
2326919
2327555
2327712
2327963
2328511
2329141
2329666
2330053
2330435
2331360
2332072
2332313
2333021
2333100
2333581
2334323
2334468
2334563
2335062
2335375
2335696
2335865
2336844
2337500
2337686
2338398
2338409
2339019
2339448
2340382
2340416
2340826
2341455
2341695
2341738
2342503
2343359
2343816
2344629
2345336
2346251
2346322
2347195
2347309
2347313
2348042
2348579
2349015
2349686
2350013
2350192
2350931
2351062
2351571
2351703
2352261
2352971
2353175
2353559
2354446
2354598
2354939
2355091
2355601
2356192
2357072
2357715
2358351
2358971
2359491
2359599
2360150
2360953
2361452
2361490
2362226
2362548
2362963
2363148
2363440
2364315
2364827
2365477
2366208
2366661
2366841
2367262
2368145
2368789
2369274
2369304
2369882
2370074
2370732
2371415
2372070
2373007
2373966
2374325
2374828
2375045
2375807
2376319
2376593
2377298
2378194
2378789
2379338
2380311
2380582
2381138
2381866
2382130
2382488
2382806
2383205
2383311
2384014
2384897
2385230
2385461
2385604
2386259
2386853
2386966
2387645
2388428
2388954
2389514
2390149
2390993
2391483
2392254
2393145
2393169
2393311
2393471
2393946
2393985
2394242
2394408
2395071
2395961
2396159
2397072
2397424
2398261
2399159
2400157
2400248
2400759
2401336
2402315
2402979
2403910
2404895
2404939
2405032
2405809
2406648
2407145
2407367
2407831
2408001
2408304
2408533
2408551
2409420
2410051
2410149
2410227
2410847
2411273
2412003
2412195
2413190
2413419
2413573
2414417
2415123
2415588
2416329
2417168
2417560
2418052
2418108
2418774
2418850
2419773
2420389
2421093
2421767
2422303
2422362
2422370
2423276
2423700
2424452
2425102
2425486
2425792
2426095
2426192
2427013
2427116
2427505
2428048
2428510
2429035
2429037
2429915
2430710
2431485
2432290
2433289
2433450
2433810
2434414
2434615
2434636
2435311
2435808
2436632
2436781
2437318
2437522
2437528
2437939
2438753
2439189
2439903
2440889
2441594
2441994
2442198
2442440
2443092
2443851
2444002
2444776
2445572
2445863
2446287
2447177
2447449
2448072
2449040
2449737
2450055
2450792
2451317
2451745
2452661
2453458
2454230
2455213
2455235
2456048
2456843
2457044
2457819
2457930
2458662
2458990
2459407
2459569
2459762
2459901
2460289
2460900
2461430
2462330
2463290
2463376
2464305
2464628
2464967
2465541
2466010
2466215
2467198
2468058
2468946
2468996
2469530
2470016
2470225
2470411
2470658
2470780
2471330
2471560
2471871
2472493
2472647
2473618
2473814
2474494
2474649
2475625
2476213
2476728
2477193
2477440
2478317
2478470
2478861
2479136
2479670
2479938
2480354
2481065
2481600
2481894
2481982
2482954
2483040
2483177
2483443
2483551
2484418
2484460
2484922
2485386
2485740
2485750
2486606
2487551
2488338
2488505
2488548
2489045
2489449
2490316
2490547
2491433
2491774
2492262
2493113
2493999
2494860
2494899
2495529
2496387
2496780
2497292
2498223
2498829
2499078
2499978
2500860
2501253
2501636
2502429
2503224
2503638
2504240
2504652
2505209
2505302
2505333
2505596
2506065
2507025
2507885
2508829
2509482
2510253
2510528
2510850
2511801
2512110
2512693
2513677
2513758
2513806
2514373
2514799
2515291
2516239
2517040
2517881
2518382
2519257
2520038
2520122
2520836
2521775
2522155
2522181
2522355
2523156
2523266
2523411
2524022
2524748
2524820
2525498
2525667
2525905
2526886
2527068
2527450
2528246
2528590
2528825
2529701
2530216
2530390
2530486
2531139
2531236
2532093
2532390
2532773
2532820
2533302
2533972
2534355
2534445
2534885
2535773
2536736
2537354
2537925
2538369
2538904
2539445
2539947
2540896
2540914
2541909
2542518
2543475
2544214
2544472
2544508
2544780
2544851
2545479
2545970
2546914
2547179
2547675
2548647
2549620
2550445
2550582
2551304
2551422
2552101
2552141
2552978
2553479
2554015
2554469
2554733
2555167
2555914
2556360
2557001
2557627
2558384
2559145
2559885
2559893
2560318
2561013
2561061
2561656
2562125
2563058
2563553
2564357
2564472
2564533
2565495
2566410
2566668
2566988
2567578
2567609
2568123
2568276
2568512
2569497
2569807
2570307
2571127
2572085
2572535
2572841
2573067
2573237
2574106
2574424
2575403
2575493
2576020
2576903
2577819
2578628
2579459
2580265
2580850
2581026
2581934
2582399
2583338
2583341
2583994
2584527
2585015
2585819
2585884
2585926
2586488
2586781
2586825
2587280
2588007
2588643
2588688
2588845
2589556
2590503
2590946
2591422
2591973
2592913
2593836
2594212
2594278
2594392
2595373
2595399
2595490
2596179
2596519
2597471
2598132
2598793
2598900
2599580
2600083
2600547
2601173
2601337
2601538
2602134
2602579
2603065
2603500
2603995
2604820
2605248
2606186
2606594
2607168
2607301
2608166
2608492
2609217
2610157
2610651
2611561
2612302
2613042
2613827
2613944
2614113
2614948
2615740
2616063
2616590
2616696
2617620
2618443
2618763
2618940
2619220
2620035
2620408
2620539
2620675
2621538
2621641
2622477
2623017
2623777
2624728
2625184
2625732
2626372
2627162
2627208
2627407
2627729
2628077
2629011
2629282
2629377
2629899
2630464
2630839
2631399
2632023
2632710
2633423
2633589
2633784
2634704
2634970
2635062
2635740
2635753
2636504
2636782
2637674
2637884
2638688
2639417
2639547
2640321
2640401
2640446
2640922
2641113
2641726
2642578
2643522
2644316
2644996
2645344
2645873
2646674
2646707
2647394
2648049
2648213
2648568
2649254
2650211
2650849
2651456
2651809
2651959
2652636
2652891
2653464
2654323
2654468
2654493
2654687
2654769
2655289
2655867
2655874
2656760
2657715
2658436
2659273
2660264
2660796
2660959
2661422
2661437
2661618
2661868
2662695
2663331
2664221
2664843
2665752
2666641
2667310
2667859
2668761
2668936
2669773
2670373
2670582
2670705
2671686
2671946
2672938
2673509
2674428
2674802
2675675
2676033
2676489
2677111
2677675
2678618
2678970
2679760
2680733
2681638
2681761
2682476
2683122
2683858
2684307
2684363
2684551
2685134
2685560
2685872
2685969
2686470
2687017
2687460
2687637
2688184
2688708
2688887
2689633
2690574
2690792
2691506
2691760
2692422
2692907
2693282
2694096
2694199
2694304
2694447
2695414
2696330
2696631
2697313
2698014
2698326
2698605
2699589
2699674
2700274
2700281
2700837
2701237
2701710
2701753
2702460
2703335
2703506
2704422
2705264
2706116
2706974
2707379
2707679
2708566
2709274
2709690
2709991
2710317
2711115
2711536
2712443
2713423
2714091
2715023
2715968
2716783
2716865
2716982
2717924
2718674
2719574
2720439
2720677
2721491
2722313
2722792
2723406
2724218
2725016
2725238
2725473
2726410
2726920
2727784
2727949
2728450
2729288
2729804
2730643
2731597
2732489
2733037
2733104
2733735
2734423
2735061
2735966
2736344
2736522
2737131
2737426
2737944
2738435
2738801
2739786
2740582
2740980
2741879
2741880
2742762
2742968
2743252
2743730
2744570
2745011
2745505
2746037
2746537
2747001
2747112
2747698
2748555
2749002
2749662
2750422
2750475
2750951
2751077
2751246
2752213
2752827
2753308
2753786
2754643
2755140
2755570
2755714
2756610
2757095
2757909
2758255
2758602
2758815
2759017
2759934
2759939
2760550
2760737
2761020
2761666
2762659
2763583
2763829
2764282
2765271
2765864
2766216
2766645
2767369
2768317
2768906
2769283
2770025
2770523
2771381
2771423
2771538
2772158
2773148
2774146
2774465
2774730
2775447
2776302
2777152
2777336
2777666
2778586
2779050
2779670
2780538
2781164
2781320
2781748
2782081
2782359
2782712
2782827
2783639
2783805
2784472
2784578
2784843
2784921
2785735
2786338
2787252
2787772
2788217
2788636
2789608
2790357
2790706
2791047
2791511
2792445
2792511
2793255
2794050
2794605
2794919
2795458
2795604
2795775
2796323
2797293
2797877
2798750
2798914
2799086
2799300
2800264
2800737
2801359
2802054
2802628
2802972
2803130
2803251
2803307
2803596
2804147
2804167
2804172
2804466
2805415
2805999
2806221
2806539
2806943
2807511
2808140
2808500
2808619
2809400
2810023
2810600
2810848
2811015
2811405
2811704
2812078
2812099
2812902
2813444
2814040
2814866
2815727
2816674
2816701
2816741
2817308
2817851
2818175
2818376
2818940
2819173
2819505
2819711
2820593
2821361
2822242
2822723
2823513
2823667
2823792
2823891
2824835
2825568
2826556
2826674
2827047
2827390
2827425
2827438
2827498
2827630
2827790
2827831
2828157
2828802
2829384
2829695
2830686
2831675
2832082
2832273
2833103
2833377
2833653
2834579
2834806
2834829
2835144
2835618
2835843
2836012
2836957
2837667
2837794
2837903
2838403
2838922
2839778
2840588
2841162
2841395
2842077
2842556
2842861
2843064
2843422
2844059
2844976
2845922
2846792
2847088
2847896
2848313
2848509
2848711
2848898
2849556
2849593
2850225
2850942
2851715
2852706
2853483
2853846
2854260
2855175
2855462
2855647
2856436
2857053
2857216
2858038
2858804
2859294
2859310
2860024
2860775
2861577
2862150
2862612
2863338
2863533
2863911
2864812
2865260
2866145
2866566
2867355
2867360
2867988
2868921
2869550
2869663
2869701
2870202
2871097
2871760
2872513
2872678
2873029
2873531
2874165
2874658
2874754
2874986
2875159
2876058
2876059
2876707
2876813
2877390
2878359
2878391
2878873
2879519
2879933
2880604
2881487
2882333
2883282
2883685
2883724
2883751
2884445
2884930
2885305
2885393
2885617
2885842
2886484
2886997
2887778
2888568
2888796
2889483
2890054
2890575
2890933
2891730
2892595
2892639
2893438
2893551
2894330
2894627
2894877
2894915
2895650
2895967
2896922
2897276
2897721
2898415
2898900
2899593
2900239
2900896
2900899
2901499
2902234
2902901
2903764
2904529
2905498
2905988
2906903
2907770
2908480
2908615
2908692
2908930
2909244
2909781
2910741
2911438
2912108
2912666
2912710
2913086
2913320
2913799
2914377
2915377
2915984
2916108
2916770
2917755
2918365
2918833
2919574
2920516
2921254
2921551
2921901
2922113
2922350
2922519
2923350
2923809
2923995
2924167
2924514
2925512
2925538
2925610
2925877
2926020
2926950
2927178
2927194
2927501
2928186
2928789
2929689
2930392
2931170
2931287
2931942
2932453
2932860
2933427
2934405
2935282
2935427
2936259
2936904
2937243
2937912
2938671
2939110
2939700
2940561
2940730
2941509
2942072
2942236
2942562
2942780
2943243
2943404
2943929
2943957
2944613
2945152
2945395
2945757
2946073
2946850
2947533
2947805
2948242
2948462
2948921
2949330
2949409
2950230
2950362
2950642
2950894
2951623
2952116
2952893
2953189
2953242
2954094
2954874
2955841
2956327
2956567
2957251
2957415
2957779
2958397
2959316
2959655
2960418
2960836
2960859
2961515
2962136
2962948
2963468
2964449
2965282
2965731
2965854
2966360
2966504
2967146
2967431
2967574
2967811
2968492
2969094
2970042
2970189
2970837
2971501
2972003
2972681
2973102
2973603
2974545
2974807
2974833
2975094
2975738
2975792
2976206
2976961
2977601
2978177
2979117
2979813
2980087
2980653
2981143
2981845
2981943
2982079
2982206
2982664
2983014
2983488
2984090
2984937
2985553
2986434
2987232
2987353
2987546
2988216
2988797
2989270
2989585
2990267
2991048
2991759
2991855
2991924
2992743
2992904
2993323
2993435
2994127
2994500
2994533
2994785
2995507
2996270
2996606
2997603
2997693
2998434
2998753
2999455
3000330
3001204
3002100
3002724
3003671
3004327
3004629
3005274
3005708
3006495
3007005
3007490
3007789
3007901
3008034
3008105
3008407
3008494
3008597
3008741
3008838
3009562
3010163
3010680
3010933
3011333
3011877
3012769
3012950
3013674
3014319
3014563
3015559
3016482
3016616
3017544
3018420
3019311
3019534
3020063
3020168
3020770
3021117
3021294
3022088
3022985
3023099
3023646
3024562
3025402
3026342
3026702
3027438
3027937
3028935
3029524
3030377
3031320
3031889
3032208
3033208
3033768
3034661
3035031
3035416
3036341
3037020
3037210
3038047
3038363
3038509
3039344
3039629
3040287
3040454
3041373
3042172
3042258
3043198
3044101
3044383
3045070
3045233
3045954
3046895
3047355
3048194
3048418
3049357
3049617
3050486
3050819
3051072
3052049
3052539
3053200
3054178
3054526
3054610
3055487
3055972
3056311
3056821
3057768
3058246
3058759
3059524
3059662
3059857
3060326
3060802
3061740
3062168
3063036
3063241
3063442
3063454
3064276
3064467
3064649
3065134
3066051
3066374
3066551
3067310
3068138
3068949
3069359
3069778
3069949
3070302
3071039
3071955
3072545
3072700
3073657
3074436
3074656
3075344
3075471
3075557
3076077
3076614
3077500
3078025
3078220
3078609
3078831
3079369
3080362
3080388
3080698
3081338
3082067
3082770
3082997
3083555
3084319
3085095
3085474
3085649
3085909
3086010
3086391
3086756
3087474
3088208
3088387
3088811
3088956
3089539
3090529
3091242
3091602
3092257
3092533
3093464
3094216
3094386
3094438
3094703
3095412
3095923
3096398
3096796
3096896
3097724
3098123
3098630
3098769
3099524
3100474
3100751
3101665
3101803
3101883
3102286
3102934
3103416
3103592
3103686
3104084
3104699
3105666
3106666
3107334
3108069
3108148
3108431
3108540
3108848
3108858
3109217
3109563
3110279
3111055
3111947
3112783
3113664
3113992
3114746
3114875
3115183
3115220
3115403
3116341
3117253
3117707
3117723
3117800
3118389
3118803
3119670
3120630
3121547
3121835
3122118
3122973
3123532
3124032
3124781
3124785
3125445
3126047
3126831
3127077
3127538
3127992
3128673
3128857
3129522
3129958
3130332
3130917
3131203
3131259
3131832
3132474
3133248
3134144
3134546
3135250
3136157
3136982
3137108
3137372
3137526
3137555
3138339
3138510
3138763
3139547
3139871
3140495
3141021
3141280
3142211
3142338
3142865
3143141
3144093
3144466
3144835
3145751
3145974
3146080
3146602
3147158
3147331
3148230
3148890
3149297
3149781
3150013
3150071
3150146
3150684
3151486
3151620
3152342
3152595
3153316
3154253
3154532
3155073
3156048
3156259
3156486
3157071
3157394
3158358
3158989
3159753
3159845
3160106
3161099
3161941
3162626
3162794
3162891
3163824
3164438
3164902
3165371
3165862
3165902
3166400
3166813
3167066
3167140
3167389
3168124
3168227
3168308
3169048
3170043
3170588
3171218
3172058
3172442
3172763
3172915
3173646
3173964
3174046
3174520
3174810
3175646
3176426
3176888
3177563
3177836
3178566
3178962
3179036
3179524
3179652
3180265
3180645
3180791
3180796
3180986
3181963
3182891
3183237
3184225
3184268
3185096
3185128
3185904
3186601
3187032
3187560
3188209
3188856
3189033
3189226
3189325
3189893
3190002
3190368
3190973
3191107
3191646
3192141
3192779
3193602
3193828
3194387
3195244
3196173
3196758
3197046
3197838
3198093
3198944
3198975
3199712
3200421
3201140
3201301
3202102
3202257
3203215
3203612
3204220
3205164
3205314
3206196
3206327
3206636
3206821
3207509
3207949
3207995
3208631
3208946
3209143
3210033
3210360
3211183
3211743
3211963
3212422
3212449
3212924
3213238
3213891
3214301
3215153
3216044
3216526
3216821
3217671
3217794
3217948
3218248
3218508
3218658
3219430
3220402
3221179
3221490
3221996
3222273
3223232
3223924
3224573
3224962
3225617
3226576
3226832
3227552
3228543
3228867
3229621
3230583
3230599
3231362
3231852
3232600
3233112
3233420
3233684
3234393
3234989
3235540
3235555
3235592
3236329
3236642
3237246
3238044
3238502
3238998
3239928
3240464
3240601
3241201
3241765
3241872
3242015
3242156
3242668
3243295
3243950
3244046
3244707
3245174
3245344
3246058
3246459
3246941
3247756
3248754
3249390
3249764
3250281
3250517
3251227
3251749
3252419
3252874
3253055
3253978
3254092
3254711
3255055
3255244
3255407
3256371
3256527
3257277
3258153
3258273
3258678
3259286
3260159
3260784
3260880
3261234
3261497
3261704
3261783
3262706
3263597
3264487
3264766
3265239
3265719
3265932
3266455
3267100
3268099
3268786
3269090
3269832
3270553
3270658
3271392
3272008
3272986
3273331
3273407
3274164
3274750
3275140
3275927
3276782
3277756
3277807
3278663
3279561
3279723
3279831
3280218
3280290
3281228
3282204
3282560
3282789
3282950
3283248
3283353
3283750
3284561
3285237
3285610
3286121
3287076
3287091
3287985
3288693
3288946
3289119
3289145
3289914
3290058
3290360
3290520
3291466
3292039
3292386
3292526
3293129
3293240
3293694
3294413
3295083
3295650
3295754
3295923
3295929
3296753
3297035
3297893
3297933
3298723
3298794
3299294
3299396
3299820
3300649
3301452
3302192
3302260
3302439
3303050
3303936
3304356
3304751
3305102
3305626
3305684
3306089
3306427
3306943
3307734
3308019
3308022
3308439
3308808
3309499
3309967
3310082
3310276
3311225
3311811
3312025
3312423
3312574
3313541
3313961
3314477
3315414
3315489
3316459
3316871
3317333
3317455
3317809
3318271
3318580
3318861
3319632
3319783
3320541
3320913
3321437
3321908
3322550
3323315
3323455
3324239
3324831
3325632
3326134
3326625
3327190
3327960
3328196
3328858
3329165
3329653
3329670
3330443
3330790
3330816
3331532
3332427
3333416
3334367
3334771
3335505
3335868
3336806
3337620
3338144
3338239
3338717
3339238
3340078
3340934
3341546
3342289
3342837
3343069
3343903
3344824
3344831
3345594
3345674
3345845
3346197
3346660
3347366
3347661
3348382
3348687
3349295
3349604
3349694
3350526
3351418
3352148
3352477
3353385
3353844
3354175
3354379
3354931
3355495
3356205
3357152
3357555
3357886
3358470
3358514
3359271
3360208
3360570
3361478
3361583
3362271
3362751
3363489
3364405
3364436
3365287
3365809
3366545
3366613
3367099
3367691
3367964
3368711
3369260
3370222
3370797
3371696
3372048
3372096
3372504
3373152
3373788
3374358
3375160
3375812
3375868
3376773
3376936
3377850
3378587
3379314
3380121
3380305
3380320
3380336
3380941
3381737
3382710
3383495
3384070
3384461
3385388
3385613
3386040
3386510
3387487
3387802
3388511
3389243
3389794
3390300
3390497
3390911
3391080
3391305
3391569
3391871
3392058
3393013
3393532
3393800
3394103
3394973
3395859
3396755
3397345
3397756
3397794
3398375
3398659
3399169
3399563
3399901
3400345
3401128
3401481
3402268
3402957
3403488
3404416
3404873
3405428
3405557
3405734
3405875
3406182
3406746
3407519
3408345
3408793
3408854
3409232
3410226
3411015
3411048
3411914
3412174
3412517
3412793
3413727
3414022
3414275
3414711
3414911
3415031
3415744
3416634
3417034
3417992
3418482
3418827
3419667
3420325
3420828
3420915
3421054
3421689
3422322
3422882
3423557
3424266
3424396
3425379
3426057
3426973
3427141
3427723
3428056
3428802
3429762
3430383
3430575
3430895
3431282
3432091
3432526
3432586
3432758
3433689
3433753
3434349
3434366
3434812
3435451
3436074
3436169
3436818
3437270
3437414
3437729
3438119
3438555
3439538
3439893
3440343
3440484
3440575
3441150
3441567
3442179
3443121
3443878
3444770
3445482
3445549
3446010
3446727
3447036
3447812
3448098
3448786
3449722
3450532
3450658
3450797
3450950
3451255
3451332
3451462
3451875
3452272
3453258
3453341
3453350
3453736
3454543
3454996
3455330
3455477
3456164
3456543
3456735
3456781
3457493
3457555
3458151
3458811
3459755
3459890
3460541
3461392
3461539
3461910
3462244
3462591
3462911
3463418
3463695
3464092
3464830
3465545
3466405
3467118
3468116
3468357
3469013
3469044
3469263
3470091
3470961
3471841
3472621
3473098
3473380
3474278
3474301
3475246
3475954
3476491
3477490
3477698
3477780
3478066
3478185
3478894
3478907
3479030
3479570
3479725
3480100
3480252
3481088
3481549
3481891
3481971
3482391
3482567
3483147
3484048
3484409
3485037
3486031
3487013
3487884
3488700
3489594
3489844
3490731
3490742
3491577
3491926
3491998
3492648
3493428
3493441
3493996
3494922
3495683
3495823
3496067
3496142
3497083
3497756
3498577
3499402
3500018
3500479
3500511
3500767
3501192
3501566
3502042
3502201
3502558
3502826
3503319
3504014
3504883
3505715
3505930
3506913
3507294
3507907
3508688
3508924
3509569
3509716
3510211
3511150
3511280
3511613
3512502
3513107
3513432
3513838
3514567
3514707
3515671
3516331
3516462
3516576
3517502
3518347
3518464
3518781
3519269
3519814
3519878
3520632
3520891
3520913
3521075
3521892
3522414
3523089
3523914
3524736
3524843
3525674
3525834
3525999
3526377
3526582
3527122
3527486
3528411
3528552
3529533
3530258
3531253
3532029
3532504
3532523
3532811
3533414
3533577
3533609
3534554
3534567
3534881
3535771
3536089
3536808
3536850
3537580
3538108
3538835
3539711
3540213
3540583
3540962
3541759
3542393
3543293
3543672
3544476
3544745
3545414
3545509
3545565
3545730
3545977
3546828
3547527
3547936
3548555
3549528
3549885
3550557
3551046
3551295
3551568
3551953
3552079
3552828
3552837
3552841
3553265
3553706
3553917
3554464
3554962
3555872
3555985
3556633
3557516
3558382
3558637
3558718
3558826
3559223
3559778
3560427
3560986
3561227
3561666
3562525
3563014
3563100
3563213
3563860
3564820
3565032
3565218
3565245
3566005
3566131
3566376
3567132
3567718
3568552
3569035
3569162
3569692
3570582
3570596
3570748
3571108
3572079
3572588
3573325
3573741
3573813
3574175
3575118
3575727
3575995
3576545
3577263
3577471
3577498
3577864
3578303
3578508
3578696
3578759
3579712
3580640
3581268
3581655
3582474
3582489
3583241
3583601
3584418
3584637
3584901
3585771
3586518
3586530
3586957
3587928
3588272
3588908
3589788
3590085
3590782
3590802
3591569
3592171
3592194
3593021
3593964
3594556
3595235
3595261
3595478
3595678
3595853
3596834
3597498
3597622
3597750
3598514
3598562
3599382
3600180
3600202
3600204
3600429
3601334
3601888
3602397
3602699
3603309
3603604
3604010
3605001
3605779
3606405
3606596
3606744
3607655
3608494
3609288
3609483
3609999
3610617
3611440
3611793
3612670
3612897
3613741
3614382
3614603
3615110
3615802
3616692
3617467
3618439
3618960
3619947
3620173
3620563
3620885
3621513
3621924
3622297
3622667
3623389
3623994
3624683
3625324
3625611
3626098
3627027
3627931
3628739
3629165
3629815
3630436
3631155
3631860
3631929
3632050
3632910
3632991
3633177
3633996
3634812
3635792
3636304
3636530
3636548
3637375
3637887
3638137
3638783
3639046
3639782
3640598
3641091
3641945
3642368
3642482
3643414
3643656
3644390
3644980
3645789
3646764
3647519
3648288
3648683
3649090
3649101
3649992
3650498
3651413
3652159
3652344
3652873
3653206
3653883
3654206
3654663
3655450
3655536
3656485
3657316
3657793
3658136
3659017
3659384
3659688
3660115
3660753
3660861
3661737
3662556
3663314
3664147
3664699
3665268
3666127
3667026
3667218
3668183
3668718
3669298
3669564
3669865
3670007
3670677
3671624
3671942
3672627
3673149
3673859
3674516
3674796
3675759
3675924
3676124
3677095
3677264
3678117
3678404
3679328
3680301
3680877
3681525
3681613
3682386
3682521
3682745
3683471
3683715
3684539
3684942
3685731
3686108
3686983
3687773
3688106
3688962
3689076
3689573
3690273
3691066
3691924
3692701
3692928
3693052
3693473
3694142
3694900
3694938
3694978
3695774
3696078
3696826
3697421
3697841
3698499
3699241
3699729
3700145
3700563
3701103
3701124
3701813
3702350
3703065
3703879
3704243
3705048
3706009
3706569
3707011
3707986
3708705
3709705
3710453
3710803
3710981
3711503
3712243
3712511
3712657
3712747
3713093
3713279
3713770
3714753
3715087
3715726
3716363
3716953
3717800
3717809
3718638
3719307
3719718
3719919
3719996
3720116
3720877
3721484
3722234
3722722
3722842
3723430
3723926
3724522
3724670
3724939
3725282
3726070
3726450
3726854
3727725
3728486
3728693
3728835
3728958
3729704
3730633
3731375
3732158
3732391
3733030
3733334
3733404
3733426
3734424
3734456
3734883
3735243
3735557
3736028
3736731
3737107
3737410
3738019
3738743
3739235
3739394
3739686
3740588
3740671
3740941
3741583
3741601
3742351
3742534
3742764
3743098
3743129
3743524
3743716
3744548
3745393
3745500
3746289
3747146
3747285
3747612
3748552
3749536
3749561
3749762
3750546
3751294
3751471
3752193
3752372
3752568
3752758
3753630
3754571
3755217
3756043
3756854
3757161
3757323
3758044
3758926
3759387
3759701
3759816
3760553
3761211
3761587
3761993
3762667
3762832
3762962
3763241
3763863
3764576
3764925
3765111
3765212
3766138
3766881
3767348
3767397
3768060
3768734
3769006
3769249
3770147
3770698
3770749
3771537
3772354
3772647
3772822
3772851
3773378
3774189
3775149
3775723
3776492
3776921
3777205
3777523
3777613
3778487
3779381
3779719
3779906
3780708
3780891
3781820
3781982
3782221
3782242
3782496
3783378
3784038
3784924
3785846
3786729
3787679
3788450
3788813
3789096
3789717
3790302
3790890
3791136
3791827
3792276
3792580
3793253
3793541
3794157
3794969
3795750
3796025
3796556
3796692
3797444
3798324
3798526
3799257
3799654
3800078
3800400
3801242
3801857
3802826
3802941
3803044
3803613
3803972
3804282
3804515
3804973
3805763
3806330
3806514
3806638
3806882
3807879
3808306
3808508
3808641
3809174
3809466
3809613
3810392
3810744
3811445
3811789
3812233
3812596
3813176
3813554
3813863
3814057
3814647
3814969
3815685
3816244
3817244
3817300
3818215
3819046
3819966
3820673
3820747
3821267
3821672
3822089
3822531
3823325
3823664
3824644
3825011
3825475
3826267
3826376
3826875
3827789
3828214
3828782
3829364
3830103
3830545
3831324
3831442
3831884
3832541
3832991
3833370
3833613
3833903
3834680
3834924
3835902
3836714
3836812
3837121
3837343
3837507
3837892
3837974
3838928
3839822
3840321
3840452
3840949
3840956
3841263
3841332
3841529
3842524
3842609
3842673
3842886
3843340
3844045
3844166
3844864
3845820
3846206
3846969
3847764
3847887
3847921
3848121
3848564
3849539
3849699
3850162
3850711
3851342
3852306
3852809
3853250
3853410
3853839
3854053
3854410
3854938
3855015
3855585
3855775
3855859
3856734
3857178
3857708
3857892
3858228
3859092
3859668
3860279
3861186
3861650
3862628
3863316
3863726
3864406
3864794
3865407
3865999
3866407
3867352
3867825
3868043
3868295
3868791
3868975
3869703
3869967
3870742
3871259
3871631
3872535
3873312
3873316
3874113
3874122
3874961
3875540
3876292
3876945
3877077
3877336
3878041
3878354
3878966
3879159
3879774
3880649
3881288
3882117
3882293
3882710
3883466
3883511
3883541
3884356
3884901
3885251
3886110
3886410
3887183
3887627
3887628
3887815
3888106
3888375
3888948
3889525
3890141
3890279
3890766
3890874
3891805
3892203
3892402
3892994
3893598
3893655
3893952
3894441
3894721
3895102
3895303
3895588
3895635
3896551
3896952
3897533
3898036
3898236
3898293
3898360
3898364
3898968
3899767
3900055
3900780
3901345
3901405
3901656
3902166
3902674
3903639
3903990
3904407
3904673
3905550
3906220
3906926
3907165
3907258
3907630
3908533
3909309
3909840
3910685
3911539
3912061
3912825
3913630
3914059
3914559
3914869
3915499
3916277
3916851
3917639
3917870
3918409
3919183
3919413
3920274
3921111
3921593
3922082
3922338
3922685
3923632
3924466
3924608
3924718
3925008
3925255
3926011
3926880
3927742
3928180
3928336
3928953
3929826
3930760
3931422
3931899
3932760
3933712
3934648
3934882
3935881
3936522
3937317
3938068
3938710
3939135
3940043
3940714
3941414
3942185
3943032
3943114
3943667
3943803
3944797
3944844
3945702
3946680
3946867
3946963
3947403
3947405
3947780
3948085
3948785
3949321
3949984
3950569
3950662
3951087
3951672
3951891
3952543
3952897
3953626
3954569
3955521
3956302
3956995
3957739
3957939
3958519
3959514
3960082
3960744
3961427
3961447
3961522
3961961
3962663
3963357
3964245
3965053
3965969
3966952
3967010
3967504
3968197
3969120
3969999
3970486
3970858
3971463
3971737
3972330
3972819
3973177
3973638
3974373
3974451
3974759
3974800
3975593
3976074
3976714
3977659
3978200
3979029
3979414
3980178
3981107
3981920
3982628
3983607
3984108
3984957
3985545
3986132
3986899
3987215
3987899
3988436
3988938
3989853
3990460
3990922
3991885
3992332
3992933
3993647
3993909
3994269
3995039
3995923
3996159
3997119
3997844
3998324
3999275
3999624
4000434
4000539
4000877
4001275
4002146
4003100
4004006
4004112
4004195
4004202
4004947
4005917
4006739
4007624
4008220
4008652
4009444
4010024
4010251
4011203
4011432
4011962
4012624
4012920
4013601
4013680
4014091
4014119
4014542
4014826
4015072
4015664
4016135
4016751
4017199
4017289
4017935
4017956
4018108
4018961
4019770
4019989
4020177
4020798
4021084
4021463
4022413
4022938
4023244
4023753
4023934
4024504
4025453
4025841
4026709
4027235
4027782
4028343
4028404
4029155
4029883
4030086
4030998
4031127
4031276
4031872
4032123
4032960
4033842
4034815
4035758
4036679
4036994
4037081
4037887
4038208
4038249
4038483
4038611
4039201
4039545
4040512
4040664
4041543
4042197
4042460
4042523
4043219
4043604
4043820
4043840
4044510
4044923
4045672
4045912
4046488
4047465
4047623
4048332
4048390
4048666
4048722
4049332
4049386
4049993
4050302
4050350
4051115
4051926
4052430
4052994
4053343
4053435
4054034
