La primera linea indica la cantidad de minutos a considerar (n). Luego vienen n lineas que corresponden a los x_i, y luego los n valores que corresponden a la funcion f(.):
1000
269
201
477
330
158
373
347
13
60
272
176
469
400
72
45
13
47
478
428
149
194
91
107
254
189
109
304
484
282
154
350
121
452
468
37
121
274
20
384
32
157
36
366
399
354
477
74
83
187
64
257
386
300
436
493
334
254
243
231
382
197
77
311
108
135
67
128
471
287
498
191
275
293
467
462
62
331
133
362
64
104
25
133
92
369
243
375
48
193
326
30
155
356
350
440
444
395
251
9
45
197
77
379
452
205
381
467
162
493
275
194
109
225
374
133
115
493
283
403
418
216
21
266
13
383
72
195
349
396
112
243
5
151
71
356
332
140
41
69
98
306
55
355
197
179
255
62
172
484
426
127
197
210
302
18
252
55
393
79
383
327
4
311
274
54
465
192
481
76
78
294
220
67
240
470
469
188
259
390
429
438
371
112
348
412
312
456
177
435
59
296
403
387
88
183
214
248
323
233
231
291
281
224
478
346
182
188
75
50
110
312
172
364
278
451
440
127
24
282
65
427
492
449
449
336
97
93
349
100
367
287
407
417
359
135
145
362
64
474
321
311
293
152
341
340
289
298
203
440
144
97
453
273
184
178
375
473
400
308
290
446
146
496
475
474
111
342
440
105
224
209
89
304
390
472
451
209
155
373
140
431
408
387
271
479
45
240
125
70
434
387
328
487
119
355
396
497
366
307
41
202
134
387
185
15
452
327
186
136
339
3
89
125
19
360
454
32
211
386
428
300
142
140
458
48
139
80
247
351
76
449
405
273
384
43
445
402
303
350
373
41
238
257
152
126
440
220
261
116
329
451
117
168
334
204
87
427
111
231
483
269
453
179
300
488
295
180
144
315
369
115
3
176
64
338
307
172
341
103
301
317
220
345
369
500
187
124
343
494
133
402
302
356
358
131
42
457
156
372
214
105
339
91
46
46
231
45
185
461
375
147
449
391
182
396
407
47
386
82
168
183
339
422
270
345
385
148
42
264
149
227
2
425
173
370
432
229
311
340
437
475
154
474
292
219
348
60
152
219
244
397
143
58
412
109
387
455
426
440
202
235
151
288
493
445
14
471
241
483
325
25
438
475
138
124
308
389
42
481
238
255
370
209
33
185
207
221
498
15
429
77
206
289
290
286
229
57
254
56
8
355
99
353
332
265
1
389
178
325
404
295
301
115
409
374
369
36
419
490
156
259
469
492
72
219
449
79
93
274
99
158
25
19
221
288
27
110
273
390
234
370
104
9
407
335
233
82
66
456
423
27
23
22
322
15
450
284
403
314
364
356
387
420
73
388
125
332
19
55
247
75
217
296
268
77
28
230
254
485
35
191
148
233
409
189
424
300
163
216
138
100
430
249
437
66
210
48
496
296
98
437
93
168
380
82
216
394
90
272
269
391
493
254
297
232
293
460
156
500
391
396
72
287
222
245
431
362
449
375
50
454
173
61
57
477
163
306
423
419
68
160
200
249
438
363
336
211
406
78
157
471
11
89
144
469
277
491
352
235
125
198
486
225
497
43
36
122
83
457
402
384
58
117
465
144
235
195
33
396
150
2
203
356
27
40
431
360
478
394
481
337
268
482
449
25
332
264
450
121
229
244
308
11
409
37
216
412
323
91
395
234
150
390
308
333
1
450
425
307
272
29
221
454
11
180
331
98
347
150
215
29
362
412
431
295
192
175
344
321
2
286
239
318
315
195
482
412
288
333
48
282
272
197
465
200
212
237
357
276
285
496
345
10
213
407
397
300
215
191
4
204
384
341
103
54
159
190
383
82
42
403
342
391
82
497
346
226
27
440
11
143
420
244
202
14
377
295
164
54
343
208
151
253
114
431
205
292
469
148
323
56
325
428
413
377
330
449
447
470
482
253
306
500
402
303
130
416
56
393
128
468
372
251
43
87
254
228
316
90
470
160
44
19
106
295
395
467
447
195
430
39
385
289
402
69
345
186
490
316
283
368
280
106
482
422
487
298
164
386
205
49
247
101
130
247
94
31
490
208
422
24
117
230
99
257
284
442
495
170
148
473
500
318
174
270
418
441
495
217
139
459
252
408
396
332
136
235
372
333
200
75
107
161
59
244
227
174
335
34
406
185
353
460
58
227
353
57
180
411
434
84
280
165
204
209
407
425
263
39
148
302
306
457
191
172
345
432
9
182
242
191
439
248
327
312
449
27
447
187
419
101
81
104
388
37
189
304
225
307
401
347
197
74
47
46
108
436
267
222
414
459
165
290
493
46
491
265
327
374
410
190
353
21
270
128
370
87
198
326
133
593
1413
2406
2754
3082
3136
3302
3849
4101
5053
5586
5772
6184
6344
6532
7364
7441
7980
8778
9152
9244
9318
9579
9670
10144
10791
11374
11434
12400
12586
13384
13602
14327
14470
15373
16364
17177
17325
17733
18020
18580
18632
19017
19679
19721
19890
20635
21287
21593
21827
22339
22897
23525
24242
24247
24968
25415
25559
25564
25668
25770
25914
26099
26222
26235
26849
27807
28738
29569
29796
30456
30606
30762
31364
31822
32769
33151
33590
34542
34596
34739
35420
36012
36052
36822
36892
37539
37541
38341
39108
39284
40040
40472
41415
42269
43205
43733
44313
44676
45132
45534
46164
46954
47346
47504
48204
48903
49273
49795
50333
51201
52086
52480
53469
53682
54649
54887
55852
56767
57197
57429
58247
58478
59178
59769
60297
60786
61629
62494
63046
63774
63996
64107
64251
64526
64702
65050
65593
66489
67138
67149
67943
68833
69003
69390
69467
69742
70581
71525
72219
72504
73140
73851
74669
75110
75987
76500
77287
77382
78200
78490
79145
80036
80397
80577
80968
81095
82027
82052
82560
83505
84469
84602
85040
85538
85564
86003
86190
86567
86731
87039
87830
87836
88693
88979
89834
89890
90416
91311
92196
92492
93168
94113
94487
95368
96240
96834
97235
98051
98479
98690
98954
99557
99763
100392
101154
102093
102541
103159
103479
104442
104718
105351
105665
106253
107013
107488
108128
108283
108308
108724
109596
110307
110433
110584
111494
112370
113262
113754
114550
115224
116174
116893
117572
118039
118192
118778
118934
119591
120165
120677
121403
122020
122910
123793
124636
124700
125286
125701
126642
126686
126775
127083
127526
128470
128891
129234
129596
129940
130436
130833
131215
131699
132239
133032
133133
133790
133954
134576
135386
136187
136228
136590
137470
137626
137812
138041
138501
139245
140066
140612
141551
141633
141791
142515
142990
143717
144274
144666
144917
145477
146063
146501
146845
147610
148251
148319
148619
148916
149334
150220
150998
151754
152351
152544
153251
153767
154257
154442
155057
155648
155700
156557
157290
157647
158517
159369
160097
160958
161666
161906
162675
163032
163717
163733
163901
163949
164269
164728
165033
165615
166023
166679
167293
167664
167904
168333
168734
169607
170413
170548
170602
170874
171110
171471
172141
172496
173453
174007
174629
175097
175746
176252
176499
177218
178007
178284
179210
179357
179390
179531
180425
181334
181471
181946
182531
183415
184302
184681
185394
186091
186743
186896
187400
187598
188514
189038
189756
190426
191095
191842
192268
192678
193034
193511
194499
195241
195629
196276
196979
197359
197975
198712
199005
199219
199947
200331
200819
200993
201373
201918
202822
203571
204360
205267
205795
206156
206939
207653
208180
208493
208943
209139
209174
209676
209862
210634
210778
210898
211307
211308
211335
211646
211699
212456
213004
213889
214191
214693
215557
215950
216645
217003
217439
218182
218651
218789
218928
219494
220477
220784
221067
222006
222295
222891
223802
224219
224724
225636
225908
226657
227337
227753
228024
228396
228913
229397
229723
230675
231429
232151
232257
233180
233820
234618
234823
235688
236526
236603
237358
237385
237917
238801
239097
239236
240140
240764
241690
242292
243265
243784
244435
244952
245837
246643
246919
247609
247748
248344
249157
249452
250254
250628
251196
251328
251466
251982
252468
253265
253480
254228
254273
255003
255523
255689
256336
257302
257638
258115
259012
259819
260775
261341
261937
261953
262614
262828
263785
264318
264600
265513
265671
265963
266820
267794
268052
268643
268775
269446
269818
269889
270738
271051
271055
271067
271482
271846
272806
273620
273999
274306
274568
275404
275883
276681
277556
277570
278556
279456
279772
280279
280587
281522
281905
281935
282203
282553
282581
283571
283635
284416
285030
285634
285944
286288
286919
287717
287902
288760
289020
289905
290777
291675
291971
292963
293136
293763
294321
295043
295363
296313
296870
297274
297287
298047
298293
298703
299080
299854
300536
300566
301440
301946
302920
303547
304532
305427
306131
306309
306531
306730
307580
307858
308267
309264
310018
310158
310531
311467
311883
312014
312901
313770
314668
314801
315242
315742
316190
316296
316639
316924
317231
317562
317655
318308
318766
319642
320229
320343
320476
321425
321769
322302
322335
322972
323319
323625
324402
324532
325030
325699
326468
327053
327787
328628
328948
329868
330476
331045
331503
332394
332885
332987
333269
334251
334672
335296
335349
335595
336174
337156
337637
337723
338033
338167
338485
338959
339769
340112
340672
341406
342267
343188
343259
343837
343944
344561
345001
345491
345795
345858
346364
346742
347233
348183
348840
349541
349898
350812
350983
351904
352391
353148
353745
354375
354413
355146
355584
355777
356217
356555
356572
357094
357342
357708
357724
358258
359095
359163
359569
360271
360806
360834
361110
361522
362461
362989
363691
363711
364304
365241
365673
365813
366764
367700
368047
368978
369735
370571
371327
371469
372214
373016
373510
374366
375240
375507
375542
376440
377215
378079
378964
379215
379325
379851
379870
380440
380670
381031
381724
382593
383273
384178
384718
385659
386103
386671
386954
387563
387619
387874
388307
389082
389845
390466
391264
391956
392360
392436
392523
393234
394161
394198
394354
394790
395162
395698
395872
396170
396496
396561
397180
398163
398278
398561
398927
399150
399796
400153
400897
401482
401961
402119
402842
403105
403681
403704
404435
405037
405167
405456
405671
405706
406109
407009
407277
407560
407913
408821
409339
409855
410324
410725
411492
411949
412764
413539
414302
414993
415653
415782
416537
417375
417379
418147
418535
418840
419458
420036
420175
420223
421218
422060
422427
423238
423713
424364
424530
425500
425550
426520
426725
427339
427814
428767
429459
429861
430589
431373
432173
432864
432945
433656
433699
433857
434390
434464
435421
435457
435762
435786
436586
437485
438404
439394
439904
440686
441251
441347
441525
442346
442881
443156
444046
444148
444302
444356
444658
444664
444772
445287
445741
446480
446969
446976
447866
448185
448386
448795
448910
449298
449544
449649
450016
450710
451073
451207
452083
452688
452808
453090
453976
454946
455479
455502
456261
457170
457582
458548
459086
460026
460558
460805
461076
462064
462244
462537
462860
463154
463198
463937
464268
464750
465651
465784
465857
466212
466583
466748
467561
467694
468660
468763
469260
469989
470126
470817
470918
470969
471471
471765
471792
472009
472866
473724
474312
475142
475405
476277
476669
476821
477137
477382
478044
478418
478706
479015
479816
480010
480968
481017
481264
481582
481609
482174
483075
483775
484451
485347
486145
486884
487681
487866
488684
489358
489581
490469
491404
491907
491962
492871
493136
493446
493683
493817
494594
494643
494653
494695
495063
495532
496434
496628
497611
497731
497866
498650
499139
499355
499631
