La primera linea indica la cantidad de minutos a considerar (n). Luego vienen n lineas que corresponden a los x_i, y luego los n valores que corresponden a la funcion f(.):
2000
76
388
489
317
165
121
130
91
219
183
32
110
348
72
264
257
446
47
397
292
82
52
354
25
217
63
288
68
357
56
387
211
266
103
345
308
3
168
277
224
424
473
158
31
31
252
379
237
453
265
194
380
4
272
26
237
294
93
232
213
99
75
379
29
114
388
362
197
163
338
481
16
371
282
351
438
240
273
447
261
406
439
182
325
186
221
32
95
176
26
283
460
63
368
321
325
458
24
481
133
33
71
113
344
350
226
141
395
105
292
226
384
65
464
236
99
187
112
220
486
7
191
450
388
52
156
346
254
268
263
463
44
448
2
323
345
165
120
111
249
197
64
256
227
444
231
81
208
263
143
219
290
394
360
490
131
406
289
113
256
413
59
250
467
46
433
315
148
400
367
131
321
403
481
90
285
306
146
82
122
162
354
433
141
108
373
141
316
364
312
122
274
160
456
20
324
283
61
481
28
357
455
195
262
109
389
431
148
425
281
82
395
42
243
1
349
235
35
82
29
315
56
18
117
66
339
123
18
147
314
130
442
236
257
464
192
172
434
165
187
49
317
68
335
389
297
41
441
439
368
329
216
93
328
377
454
219
82
382
108
78
410
120
474
226
256
76
437
64
232
185
189
407
408
497
118
196
262
419
138
47
128
225
138
90
59
182
261
416
262
355
25
350
82
259
271
127
153
381
477
91
300
90
255
207
128
23
150
48
254
271
143
356
198
7
168
300
246
481
498
101
244
376
19
174
301
267
220
452
312
345
142
426
426
386
40
288
110
444
116
185
126
314
113
102
96
478
71
47
58
149
420
216
65
242
232
304
224
457
331
334
44
236
350
39
217
361
92
495
382
189
158
305
186
129
293
166
404
275
254
220
75
378
95
455
119
478
44
79
6
384
365
412
262
497
449
121
316
132
332
355
485
160
440
216
49
232
50
164
352
181
500
216
216
203
129
105
263
418
283
206
120
425
161
186
164
109
129
475
262
231
282
182
225
484
204
344
449
47
192
32
112
479
191
367
369
83
280
28
349
196
416
237
267
414
256
336
118
366
468
359
353
274
407
58
112
139
420
91
179
128
155
323
325
318
362
186
5
240
133
266
215
18
47
347
380
56
21
168
76
100
476
450
432
194
30
285
432
57
221
158
314
270
497
16
216
245
499
105
305
440
406
481
69
175
110
282
348
454
274
47
448
435
259
40
296
14
494
295
231
97
305
190
409
102
4
244
420
149
382
34
407
391
183
486
67
217
90
264
7
69
65
399
400
214
292
220
50
436
222
105
69
459
176
377
197
420
308
492
317
94
358
432
264
478
438
199
5
125
40
60
321
427
417
395
231
242
226
410
171
139
391
394
126
428
437
110
396
293
239
423
342
129
189
442
433
244
296
159
288
227
300
369
26
61
57
458
265
442
274
1
113
452
99
123
135
287
240
409
120
210
411
406
95
348
361
51
360
279
413
380
124
131
302
383
258
414
124
171
43
32
326
86
58
147
272
235
63
19
498
259
139
321
390
246
325
114
336
155
21
216
433
199
154
270
271
144
146
375
283
86
272
176
121
67
370
85
303
190
217
19
234
26
55
76
244
207
388
343
47
8
135
155
391
459
47
278
15
224
180
166
467
464
257
303
305
131
284
62
299
51
159
249
436
218
111
482
456
174
309
370
54
408
329
428
99
195
402
348
48
431
297
27
3
459
203
87
149
179
55
337
243
231
428
299
295
366
106
279
467
3
425
56
239
292
486
257
121
399
406
421
411
52
390
116
333
321
485
112
33
449
315
464
166
470
111
46
121
297
219
498
444
213
436
17
330
320
227
487
203
84
246
482
261
375
314
407
265
267
477
288
34
194
182
370
352
337
373
223
101
77
444
280
359
24
281
64
47
159
113
119
179
236
39
127
389
402
473
98
361
240
34
4
165
206
396
75
58
395
344
199
80
179
204
99
337
415
444
179
184
362
299
213
345
303
18
301
208
106
172
2
477
322
149
217
484
32
125
151
421
127
379
295
154
336
274
34
428
18
171
317
463
469
436
276
146
156
201
370
20
336
271
358
321
250
214
341
309
392
458
356
478
362
453
243
130
382
243
253
429
59
118
161
5
273
344
248
190
238
238
142
32
291
347
368
61
363
108
39
53
86
179
284
213
455
342
449
122
94
259
470
410
483
435
24
470
461
8
425
352
236
337
95
465
216
143
361
252
296
441
96
152
232
317
125
211
255
338
442
437
375
369
421
362
469
85
55
413
122
439
335
7
229
62
479
371
403
100
308
90
496
92
287
74
172
411
129
36
232
212
413
223
305
411
463
19
395
290
473
41
278
350
223
43
201
372
309
302
294
438
294
496
232
170
121
449
284
349
236
189
150
123
417
380
433
192
58
384
271
8
98
278
117
444
165
412
489
197
372
267
476
460
282
45
371
223
281
389
115
278
217
242
388
329
189
78
225
221
16
69
312
111
23
286
28
112
196
384
184
187
35
137
496
63
16
234
86
143
128
208
437
461
84
454
284
439
211
218
470
238
468
103
4
235
270
427
312
68
437
166
221
198
44
284
315
368
469
84
194
108
490
310
409
276
341
60
7
1
381
388
178
293
190
492
449
457
127
167
160
100
291
236
288
60
375
318
102
229
243
402
442
60
492
207
46
8
497
231
236
453
352
398
50
362
326
469
261
52
381
395
38
166
290
116
425
181
356
168
172
167
452
480
10
338
471
363
92
322
235
342
390
91
108
386
480
452
239
499
122
120
473
332
389
57
338
451
92
82
87
86
5
355
144
280
151
473
422
370
468
373
375
370
170
103
477
187
481
94
380
402
453
112
233
249
311
435
310
223
441
273
201
36
434
322
377
368
372
6
287
269
460
296
489
448
228
229
430
258
273
281
276
84
482
160
192
330
192
302
441
373
483
252
147
144
476
350
42
1
338
329
365
480
471
99
300
391
341
216
499
27
351
82
102
105
343
314
385
211
83
360
24
377
149
63
334
418
225
201
231
366
111
114
308
76
118
80
59
179
415
474
96
331
432
215
113
334
144
110
2
429
288
411
417
275
32
425
249
420
328
416
124
288
193
355
179
232
228
240
410
323
152
132
443
202
394
34
81
24
74
296
465
333
465
176
84
148
24
150
295
427
352
413
112
67
296
425
438
451
76
245
342
464
26
155
225
194
313
368
12
173
362
216
239
151
71
471
288
368
363
478
267
113
95
51
292
422
321
446
178
249
143
57
462
400
286
349
227
336
103
224
4
374
346
279
398
433
263
410
418
6
101
439
249
95
297
235
411
331
153
339
219
147
433
139
274
302
177
342
378
253
497
470
249
110
446
321
32
158
303
4
120
318
76
311
329
287
65
367
353
454
488
159
87
214
68
500
310
148
180
114
257
460
170
281
451
111
187
38
474
322
88
195
376
45
376
320
278
428
251
237
404
213
27
46
198
59
336
222
451
143
5
236
350
183
238
59
223
112
122
15
243
154
378
116
405
189
59
453
225
472
37
335
331
287
104
18
202
320
102
265
245
269
160
170
298
98
254
407
270
480
340
152
255
198
57
446
449
377
262
131
388
33
410
291
245
349
71
288
324
31
226
250
88
35
31
264
28
498
480
210
342
125
84
198
368
26
308
102
412
329
185
202
143
110
192
248
308
249
173
490
121
126
218
244
209
118
37
124
122
134
387
232
252
268
57
268
234
396
412
140
251
453
440
276
221
280
258
288
48
34
162
493
168
357
18
47
318
135
127
311
294
73
275
153
228
423
119
308
446
322
434
69
496
481
479
358
447
254
121
259
437
453
356
456
164
493
343
126
99
10
148
75
48
434
130
473
192
402
327
472
229
463
342
181
269
360
215
1
225
378
66
122
402
242
217
229
371
117
100
409
461
354
470
354
444
140
424
103
218
325
344
460
390
465
275
230
98
341
341
479
215
414
31
332
446
153
36
314
165
166
456
158
130
481
43
27
179
304
371
401
271
190
355
206
356
192
134
204
16
245
114
199
126
213
131
276
65
270
465
403
300
90
144
394
146
144
330
374
183
250
401
471
388
179
148
58
437
169
327
250
315
232
337
307
292
103
443
125
334
286
466
138
409
171
473
391
494
41
41
421
90
245
227
428
487
207
47
139
338
373
76
336
204
44
306
425
306
161
450
339
90
339
112
392
227
2
214
443
230
273
369
263
246
445
457
55
256
52
36
234
82
10
171
279
138
374
168
92
306
486
165
202
426
39
115
354
45
251
19
447
137
114
151
42
448
405
196
9
361
115
210
236
353
376
316
200
222
55
29
330
284
183
108
473
443
350
28
86
209
67
240
132
456
5
173
247
60
307
216
264
3
88
198
352
465
288
332
173
9
425
93
240
315
438
270
88
438
339
193
73
418
140
56
482
470
164
471
94
236
224
389
364
275
209
360
91
355
153
213
85
63
418
116
178
78
262
173
362
367
370
161
378
29
449
499
421
149
114
277
193
241
242
95
253
398
315
429
40
147
212
278
241
343
357
480
484
439
136
345
333
23
130
120
201
407
390
184
179
340
25
895
1136
1755
1981
2456
3043
3568
3881
4365
4767
5282
5738
6681
7063
7594
8055
8110
8807
9167
10152
10475
10858
10870
11247
12221
12580
12596
13421
13620
14602
14917
15507
15777
16586
17031
17945
18013
18781
19112
19123
19147
19358
19606
20287
21151
21958
22083
22669
23634
24081
24166
24521
24803
25740
26381
26848
26887
27668
28644
28884
28959
29303
29454
30117
30660
31077
31503
31910
32780
33063
33995
34761
35130
35519
36469
36975
37874
38756
39430
39527
39552
39599
39845
39952
40266
41116
41339
41616
42592
43053
43353
43514
43517
43637
43811
44649
45292
46066
46949
47676
48504
49199
49756
50490
50781
51419
51695
52072
52721
53572
54375
55030
55432
55797
56223
56608
56661
56911
57090
58030
58113
58869
59434
59560
60028
60262
60665
61280
62067
62747
62981
63824
64664
65435
65675
66452
67125
67457
67780
67820
68071
68335
68669
69532
70113
70880
71129
71646
72548
73517
73916
74423
75398
76023
76430
77280
78160
78266
79180
79526
79950
80797
81710
82582
83338
83685
84018
84608
84871
84915
85128
85567
85653
85929
86517
86532
86859
87077
87160
87349
87576
88182
89068
89943
90609
91048
91724
91831
92722
93034
93549
94380
94684
95580
95865
95965
96113
96618
97428
97627
97737
97802
97923
98759
99467
100190
100885
101024
101281
101975
102062
102567
102937
103386
103417
104369
104945
105788
106481
107367
107709
108438
109294
110021
110654
111652
112650
113574
113902
114863
115711
115950
116814
117715
118458
118489
118900
119517
120217
120339
120384
120916
121462
121635
122291
122456
123184
123736
123921
124147
124920
125059
125577
126233
126844
126900
127493
128395
129223
129694
130319
130696
131491
131629
132587
132627
133538
133956
134614
134843
135813
136798
137302
137321
137703
138151
138691
139109
139839
140210
140554
140853
141737
141913
142713
143439
143711
144558
144712
145118
145450
145553
146051
146308
146323
147018
147718
148640
149157
149259
150242
150315
151251
151837
152082
152290
152429
153090
153324
154152
154776
155335
156281
156549
157509
158289
158962
159389
160059
160194
160298
160649
161422
162274
162639
163247
164220
164903
165779
166089
166334
167043
167985
168650
169293
169589
170169
170980
171045
172002
172713
173633
174365
174895
175452
176423
177113
177331
177375
177656
178162
178740
179295
179903
180740
180897
181033
181389
181527
182406
183304
184160
184277
185113
185815
186345
186466
186627
187298
187369
188133
188210
188717
188753
189092
189833
190731
190853
191347
192290
193134
193308
193823
194508
194841
195379
195748
195749
195810
196061
196972
197181
197462
197978
198107
198690
199564
199917
200533
200548
200587
200917
201583
202310
202956
203320
204020
204436
205141
205952
206646
207069
208024
208918
209288
210145
211002
211605
212489
212521
212726
213711
214191
214811
215793
216639
217148
217351
218281
219201
219403
220135
221128
221942
222528
222607
222918
223391
223657
224416
225166
225926
226891
227119
227136
227763
228596
229276
229573
229629
230627
230836
231739
232453
232852
233078
233098
233382
234152
234986
235493
235585
235964
236689
237126
237312
237831
238386
238463
239112
239432
239659
240427
240727
241560
242066
242797
243491
244434
244921
245889
246862
247412
247964
248959
249506
249696
250648
251531
251715
252683
253431
254108
255046
255126
255378
256084
256272
256618
257270
258036
258096
258194
258941
259115
259692
260083
261059
261918
262413
262755
263139
263157
263912
264532
265360
265839
266106
266817
267560
267828
268220
268320
269313
269970
270615
271599
272273
272863
273240
273341
274252
274454
274560
275102
275767
276322
277118
277196
277318
278110
278947
279283
279751
279800
280157
281038
281547
281657
282520
282655
283642
283773
283938
284235
284469
284778
285000
285112
285932
286098
286762
287317
287553
288064
288902
289712
289755
289981
290289
291254
292144
292725
293397
294071
294787
295539
295977
296596
296935
297845
298361
299280
299820
299900
300215
301033
301856
302656
303067
303328
303378
303980
304835
305678
306206
307009
307091
308007
308769
309014
309135
309496
309975
310293
310692
311526
312468
312650
313198
313573
314020
314853
315231
315402
316115
316725
316744
317278
317429
318163
318394
318758
319030
319165
319310
319371
319640
320610
320878
321348
322320
322918
322919
322995
323453
324194
324979
325046
325275
325437
326377
326478
326759
327461
328237
328803
328935
329853
330340
330868
331472
331530
332504
332899
333544
334390
334812
334828
335363
335417
335887
336030
337028
337076
337855
338304
339052
339617
340142
341094
341140
341423
342153
342713
343404
343840
344397
345242
346170
347005
347652
347832
348703
348878
349109
349609
350000
350198
351053
351633
351830
352013
352100
352135
352985
353302
353724
354093
354899
355156
356013
356803
357763
358668
358734
359422
360141
360924
361454
361834
361930
362013
362436
362934
363099
363432
364367
365011
365118
365832
365904
366024
366550
366915
367371
368172
369159
369394
369604
369944
370138
370212
370958
371803
371872
372153
373057
373215
373657
374425
375239
376127
376264
376898
377808
377848
378256
378371
379032
379301
380038
380574
380902
381094
381256
382171
382934
383860
384152
384627
385535
385713
386328
387091
387826
388478
389063
389535
390531
391338
391605
392477
392743
393238
394150
394804
395690
396405
396760
397300
398211
398573
399331
400077
400787
400862
401287
401302
402138
402509
403041
403895
404089
404108
404851
405196
405209
405872
406565
407175
407607
407856
408353
409139
409780
410011
410643
410894
411622
412407
413309
414084
414576
415457
415631
416396
417252
418228
418772
419268
419856
420296
420496
421225
421402
421443
422191
422706
422866
423095
423355
423919
424140
424540
424900
425637
426019
426593
426598
426820
427181
427552
427912
428756
428997
429996
430802
431499
432158
432218
432345
433212
433535
433574
434504
434841
435090
435737
435961
436147
436463
436925
437473
438294
439158
439729
440017
440897
441365
441405
441442
441993
442625
443252
443462
444173
444625
444770
444809
445676
446341
447323
447768
448499
448648
448925
449075
449144
449639
449676
450475
450520
451162
451695
452487
453182
454097
454774
455198
455673
456195
456408
456956
457846
458101
458798
458866
459154
459954
460366
461080
461623
462434
463233
463702
463722
464049
464298
465134
465576
465806
466237
466647
467027
467117
468058
468376
469049
469406
470145
470545
470621
471012
471212
471496
471802
472618
472717
473439
474220
475115
475302
476211
476334
477154
478025
478649
479358
479765
480710
481626
482612
482681
483248
483866
484272
485059
486057
486955
487661
488519
488656
489257
489316
490150
490367
490867
491303
492239
492920
493476
494251
494833
495643
496060
496661
496808
497486
498483
498643
499089
499555
500077
500297
500683
501015
501035
501843
502207
502867
503285
503758
504093
505008
505732
505805
506291
506764
506776
506940
507081
507293
507430
508098
508656
509320
509876
510079
510140
510607
510902
511619
512613
512908
513702
513856
514017
514171
514229
514814
515761
516542
516800
517673
518049
518736
519470
519493
520288
520559
521213
521788
522418
522723
523184
523755
524734
525683
525834
526176
526631
527489
528464
529431
529772
530631
531148
531693
532296
533249
533704
533807
534275
535144
535448
536431
536902
537625
537996
538322
539237
539388
540154
540747
541538
541575
541907
542025
542846
542951
543306
543820
544077
544184
544248
544902
545124
545798
546355
547069
548020
548833
549063
549440
549993
550826
551664
552222
552825
553120
553820
554479
555214
556104
556953
557055
557669
557684
557727
558015
558326
559303
560060
560498
560772
561156
562027
562448
562937
563115
563393
564344
564903
565823
566774
567689
567852
568015
568926
569424
569853
570668
571177
571192
571778
571849
572661
572680
573556
573607
574448
574604
574695
575656
576065
576701
577683
578645
579014
579529
580297
580393
580678
580687
581495
581706
582270
582277
583105
583484
584290
584482
584585
584698
585182
585426
586262
586451
586807
587773
588220
588498
589360
589515
589914
590755
591381
591434
591988
591990
592324
593164
593322
593402
593755
594668
594842
595038
595203
596003
596433
597184
597968
598505
598583
598881
598927
599403
600085
600935
601160
601888
602365
602455
602565
603539
603774
604202
604313
604608
605540
606071
606298
606647
607337
607940
608910
609160
609386
609539
610522
611104
611435
611541
611690
611935
612481
612728
612872
613603
614036
614202
614815
615041
615048
615764
616638
617518
618258
618297
618821
619238
619406
619586
619870
620500
620843
621412
622117
622980
623066
623317
623616
623997
624802
625798
626304
627092
627641
628591
628795
629591
629958
630100
630286
630982
631905
632079
632877
633153
633969
634370
635068
635251
635659
636067
636376
637168
637658
638583
639102
639191
639256
640044
640264
640690
641481
641755
642000
642248
642303
642462
643172
643373
643657
644412
645348
645895
646884
647524
648264
648548
648997
649214
650072
650467
651354
651610
652517
652756
652990
653364
654141
654870
655657
656254
656718
656878
657327
657495
657697
658322
659273
659666
660504
660632
660746
660811
660850
661264
662122
662504
662553
662650
663259
663781
663891
664412
664757
665655
666028
667021
667318
667889
668372
668534
669481
669521
669975
670604
671126
671173
672047
672146
672415
673028
673874
674630
674746
675424
676236
677083
677435
678135
678598
679325
679897
680568
681031
681444
681760
681907
681975
682135
683028
683645
684398
684527
685503
685573
686496
686645
687290
687747
688656
688981
689843
690281
690868
691469
691887
692610
693108
693375
693958
694924
695635
695984
696015
696139
696803
697293
697868
698632
699428
700100
700553
700605
700804
701705
702690
702751
703127
703489
703705
704294
704609
705269
705761
706156
706932
706964
707553
708200
709000
709852
710584
710758
711473
712308
712990
713680
714354
714936
715104
715481
715903
716155
716797
716975
717014
717483
718054
718129
718971
719717
720486
721035
721632
721691
721984
722425
722935
723836
724194
725073
725896
726122
726343
726911
726970
727509
728453
728891
729586
729722
730270
730314
731048
731534
731745
732262
733056
733951
734582
734839
735661
735903
736159
736853
736863
737719
738094
739056
739412
739515
740277
740719
741321
742287
742560
743496
744054
744982
745187
745580
746303
747045
747367
748080
748777
748893
749755
750093
750226
750481
751152
752150
753042
753978
754907
755116
755685
755779
756374
756789
757550
757704
758356
758944
759772
760234
760310
760869
761344
761837
762702
763116
763879
764099
764342
765262
765953
766281
766340
767098
767975
768657
769044
769694
770321
771205
771508
772258
773137
773354
773904
774299
775017
775574
775963
776456
776661
777008
777295
778247
779000
779346
779541
780055
780583
780707
780984
781210
782133
782661
783033
784013
784553
785071
785474
785698
785886
785981
786976
787303
787744
787880
788104
788610
789513
790171
791086
791135
791207
791291
791860
792533
793430
793534
793798
794633
795142
795452
795836
796508
797490
798224
799109
799391
799675
800359
801174
802048
802181
802762
802877
803363
803747
803990
804547
805413
805950
805976
806338
806419
807103
808049
808466
808834
808902
808910
809256
809463
809914
810807
811303
812107
812314
813073
813221
813638
814635
815263
816132
816237
816996
817370
817400
817865
817894
818474
818854
819689
819745
819957
820625
821251
821429
821567
822547
823414
823860
824807
824926
825563
826144
826223
826787
826920
827011
828004
828688
829589
830242
830773
831193
831200
832059
832402
832606
833257
833447
833995
834227
835120
836054
836339
836715
836981
837347
838281
838677
839154
839363
839442
839508
839648
840035
840790
840862
841187
841956
842216
842634
843389
843891
844891
845331
845499
846152
847070
848033
848806
849075
849402
849606
850124
850701
851566
851935
852457
852811
853585
854468
855356
856196
857114
857735
857901
858787
859684
859868
860037
860859
861317
862268
863169
863681
864489
864820
865147
865815
866105
866398
867338
867789
867871
868409
868845
869214
869965
870048
871015
871221
871932
872066
872072
872361
872643
873066
873900
874862
875490
876357
876390
876798
877508
878311
879230
879538
880169
881064
881982
882847
883367
883922
884540
884935
885641
885848
886193
886957
887812
888630
888900
889298
889473
890153
890354
890446
890850
891098
891371
892326
893084
893337
893638
894294
894546
895228
895523
896388
896491
896568
896992
897010
897335
898248
898826
898921
899428
900001
900285
900297
900609
901573
901587
902471
903274
903359
904124
904350
904392
905372
905395
906224
906338
906890
906968
907904
908901
909241
909328
909991
910333
910861
911272
911591
911879
912536
913428
913929
914197
914684
915342
915714
916000
916279
916843
917342
918259
918796
919725
920354
921295
921468
922000
922211
922698
923452
923975
924426
925255
925996
926013
926975
927082
927269
927765
927924
928751
929249
929924
930701
930829
931391
931668
931967
932415
933325
934000
934282
935083
935182
935343
935437
935705
936367
936450
937291
937446
937802
938222
938486
938936
939265
939649
940086
940881
941221
941956
942261
942910
943837
943979
944292
945202
945722
946592
946626
947082
947649
948587
949466
950305
950331
950789
951379
951788
951997
952964
953644
953774
954120
954929
955236
955623
955956
956070
957049
957137
957782
958173
958361
958462
959029
959847
960385
960952
961904
962150
962599
963090
963633
964444
964540
964889
965208
965351
965825
965951
966181
966409
967142
967330
968217
968507
969219
969921
970876
971396
971853
972233
972821
973165
973319
973533
974520
974809
975140
975311
975985
976692
977668
978597
979055
979710
979984
980319
981027
981822
982074
982923
983179
983348
983965
984077
984853
985792
986120
986125
986699
987563
987869
987873
988807
989236
989284
989509
990134
991024
991581
992223
992509
993366
993521
993575
994115
994184
994397
995125
995379
995717
995821
996644
997558
998482
999426
