La primera linea indica la cantidad de minutos a considerar (n). Luego vienen n lineas que corresponden a los x_i, y luego los n valores que corresponden a la funcion f(.):
3000
443
382
390
281
378
183
254
396
16
170
272
170
304
148
83
16
220
30
313
404
137
88
32
292
74
244
152
39
113
151
58
485
304
193
248
277
398
219
49
248
378
199
109
251
460
469
143
416
444
487
62
488
475
1
465
48
450
327
237
143
151
62
128
104
316
180
165
411
51
172
375
264
41
72
377
3
409
247
132
120
65
405
122
419
191
10
193
341
497
372
345
469
85
38
38
460
135
359
357
349
57
404
254
272
204
67
161
79
146
202
300
196
261
373
320
215
70
379
340
228
310
415
267
349
416
351
98
500
308
55
454
108
49
306
131
215
244
187
447
176
160
284
141
35
152
293
120
27
451
292
172
39
123
469
302
159
12
210
467
140
58
16
287
126
392
52
162
305
326
380
347
475
407
144
344
99
420
25
54
273
76
256
107
84
326
114
429
209
405
493
108
256
251
255
23
326
280
205
481
329
361
454
439
496
153
260
416
471
18
236
424
494
493
482
259
166
311
411
16
296
116
95
169
429
56
477
69
326
319
177
158
44
170
369
409
470
212
287
20
29
85
335
304
109
206
322
336
435
245
106
444
216
376
188
308
455
360
323
316
271
193
378
228
275
350
467
68
440
55
142
374
106
3
1
374
32
245
478
203
369
462
191
176
375
337
316
80
211
398
433
362
282
366
146
166
275
234
264
349
139
299
139
200
229
57
288
415
325
318
148
261
145
442
403
196
417
113
400
217
83
9
137
128
305
10
281
208
23
273
303
266
90
425
277
83
19
485
242
338
422
484
13
103
416
216
293
386
235
372
16
323
209
138
402
291
287
363
290
235
179
232
47
395
286
500
494
217
375
483
387
62
3
171
489
63
12
117
289
386
163
365
68
399
470
86
364
292
275
247
384
382
158
473
30
135
269
115
302
200
74
76
317
456
339
69
372
374
256
353
354
259
181
342
409
62
474
162
368
132
208
233
346
237
340
62
76
203
24
244
293
65
34
232
262
156
213
82
249
455
243
32
186
406
369
12
448
216
348
111
62
171
325
340
229
119
389
190
353
72
306
421
184
133
221
355
58
270
161
94
374
423
94
22
42
286
401
279
177
100
489
394
86
496
218
441
3
200
244
45
358
237
183
170
55
52
500
299
8
262
362
411
274
229
186
56
14
25
490
379
396
365
176
332
227
379
144
164
321
37
338
456
201
31
282
313
295
20
349
465
98
19
281
224
325
353
12
198
149
75
356
120
157
240
397
14
346
494
402
30
464
380
91
233
71
168
70
173
321
143
48
340
342
297
6
9
251
181
450
189
386
70
384
472
323
90
47
103
338
215
482
304
409
162
278
346
167
154
175
442
50
280
100
287
224
481
401
307
81
309
266
186
126
219
359
322
115
326
237
310
104
233
72
145
432
453
48
334
397
312
423
340
220
87
160
112
2
75
188
46
494
97
64
198
69
321
245
210
92
383
118
21
360
99
155
196
456
478
391
28
105
474
421
385
47
29
280
138
97
399
332
356
194
151
218
262
290
106
13
40
225
163
257
157
77
113
167
482
161
7
188
59
70
241
290
328
195
198
363
276
318
220
455
300
494
234
417
108
76
92
184
291
8
222
157
183
417
206
341
413
243
442
215
80
287
119
136
125
472
239
209
495
62
466
84
257
123
148
146
243
388
353
443
78
415
50
426
370
227
136
15
218
389
438
227
138
51
148
248
466
353
67
11
301
47
422
297
157
250
378
206
315
493
63
300
343
324
49
173
9
275
146
143
438
249
216
186
385
358
50
156
313
72
158
336
318
335
15
300
324
304
186
209
94
235
241
205
241
305
279
163
405
20
159
318
253
306
121
148
422
459
217
361
460
117
389
75
140
156
488
239
101
248
115
105
243
129
97
218
436
286
273
320
39
5
336
419
386
276
6
47
214
422
478
374
163
283
374
184
254
94
443
355
34
260
93
284
394
335
302
137
363
228
257
432
368
233
243
328
355
472
19
490
471
277
329
315
88
97
3
450
499
347
35
135
141
338
413
414
19
69
386
181
424
193
356
423
378
125
254
269
421
49
178
10
222
2
400
293
145
268
316
240
266
148
325
88
358
395
19
95
80
410
458
230
26
131
227
44
471
409
79
11
374
455
15
345
216
460
307
363
349
349
420
353
74
84
100
220
122
203
282
84
12
444
273
155
449
335
379
368
447
290
237
444
303
427
25
257
110
158
318
445
405
249
176
372
95
107
110
399
180
83
15
474
457
249
198
399
26
105
484
25
392
223
164
24
106
22
31
390
109
382
46
369
34
364
159
262
338
338
308
16
442
416
60
290
195
374
248
114
268
136
316
195
203
218
275
429
423
70
252
334
195
298
140
450
429
123
35
130
120
463
494
247
31
226
348
149
38
340
261
438
72
323
459
33
170
18
455
2
489
240
448
37
8
11
283
343
476
460
153
263
331
358
48
374
144
194
407
16
55
335
425
204
475
201
240
419
37
243
373
82
290
13
270
449
154
343
208
45
158
228
445
462
108
470
481
222
193
490
184
352
476
262
12
500
496
123
23
487
213
142
176
70
185
465
93
62
110
386
114
218
438
416
168
426
494
223
333
163
464
338
476
45
7
332
257
186
381
462
412
182
423
280
63
355
395
109
174
411
213
185
198
186
57
218
332
212
171
363
65
447
439
172
228
173
30
164
264
397
178
250
31
89
94
276
155
29
92
19
174
167
206
136
125
362
166
441
83
65
325
8
38
272
137
11
95
332
430
134
44
397
23
429
301
186
207
431
177
88
287
318
112
478
231
23
461
383
42
488
115
190
490
304
420
177
424
483
374
113
483
288
169
486
396
405
138
186
178
75
403
344
256
310
94
403
203
344
453
348
458
14
372
387
481
251
453
74
423
192
45
85
482
287
177
278
295
53
77
204
243
91
158
496
151
351
308
388
146
5
98
299
55
184
229
90
92
157
484
339
282
29
34
489
110
346
39
73
315
214
195
27
497
6
271
243
215
423
411
452
388
15
437
249
273
183
116
214
133
22
267
62
243
17
240
65
472
187
212
153
461
298
182
30
307
397
341
446
73
70
142
413
274
284
149
405
375
74
47
476
489
91
107
10
291
205
285
26
278
215
204
386
441
284
253
478
79
141
12
177
426
280
285
147
405
343
190
301
279
276
410
359
30
428
332
49
486
94
358
153
280
221
9
353
254
304
406
413
413
425
127
366
277
21
89
152
194
259
255
238
307
332
328
90
235
148
28
329
264
378
137
365
249
62
146
329
155
306
156
365
79
37
410
202
462
413
391
18
204
469
184
342
122
246
101
393
296
166
212
253
239
34
299
144
353
16
63
198
292
75
47
265
281
485
424
232
140
207
210
356
4
24
417
135
229
392
176
438
253
157
136
255
491
362
218
37
428
443
439
456
52
124
202
225
351
351
54
181
322
129
232
91
451
407
322
242
130
404
466
266
167
283
158
358
399
41
270
361
241
360
466
6
465
82
438
194
484
418
314
469
376
478
434
212
228
28
104
498
78
495
356
273
56
409
163
24
81
124
407
455
418
297
223
165
206
169
193
109
74
408
287
490
445
414
171
127
122
368
245
269
410
112
314
180
500
161
170
395
398
411
417
409
338
206
389
123
369
450
402
263
72
483
306
122
396
254
131
188
199
6
428
375
493
146
425
34
88
340
206
131
296
57
202
188
74
5
402
54
237
283
116
273
458
312
101
187
80
206
188
188
239
295
241
285
281
163
112
41
434
351
342
468
371
104
127
210
382
415
54
72
437
99
21
356
133
289
402
272
204
10
135
286
7
331
372
186
144
76
31
299
422
208
337
118
385
482
247
297
437
55
130
41
148
440
373
458
65
239
168
368
452
205
79
233
290
494
491
269
442
7
417
293
419
390
93
147
491
197
216
412
372
451
378
157
120
49
301
326
448
51
287
89
286
357
112
151
84
185
207
303
441
481
180
35
267
326
464
426
204
443
425
336
29
202
223
258
26
244
344
418
339
465
346
100
234
55
259
211
40
46
148
295
355
465
75
222
153
333
205
49
373
434
319
55
102
263
452
377
296
319
119
400
251
96
355
432
63
308
246
432
443
436
347
239
208
470
201
332
240
449
305
284
87
14
130
298
215
494
187
378
409
270
18
181
118
8
45
426
141
408
462
489
330
206
45
138
366
201
227
379
438
423
394
293
230
473
408
321
40
316
60
223
299
243
119
462
179
415
319
180
216
373
170
240
69
223
81
118
359
263
282
189
307
391
186
177
454
359
432
294
68
131
484
189
211
470
393
396
185
386
342
50
230
195
287
389
313
262
228
342
68
315
270
491
435
159
193
422
52
43
97
79
495
144
135
44
215
272
364
286
413
335
382
371
134
381
198
311
430
329
280
280
119
322
150
7
395
440
28
173
253
310
437
396
70
234
416
143
239
465
152
493
446
166
346
405
443
420
255
149
215
281
405
299
314
288
38
269
261
186
93
500
477
413
373
302
314
227
215
114
181
421
403
119
242
298
276
86
238
385
446
151
163
64
71
239
218
321
239
95
256
154
413
495
271
233
147
193
222
145
342
3
76
113
171
425
51
184
62
7
151
18
344
365
412
303
11
448
365
181
206
241
487
29
120
422
382
179
120
262
318
313
131
229
417
468
483
485
481
244
204
360
249
98
12
425
153
279
328
162
160
295
463
206
425
229
372
246
172
364
283
233
331
188
120
85
66
179
457
438
119
475
354
406
130
437
474
88
15
125
499
478
311
366
304
235
182
43
164
478
216
255
228
314
131
243
20
98
443
475
188
257
151
279
439
67
352
181
440
411
360
38
106
494
12
93
41
242
307
155
279
398
35
201
26
452
242
100
234
267
452
371
44
413
356
128
166
122
15
381
10
145
187
492
174
165
118
3
170
266
102
478
406
134
479
445
308
321
326
263
301
165
19
262
161
339
253
273
417
54
270
345
159
250
328
45
440
451
176
496
134
251
384
358
444
441
187
81
451
269
79
470
313
72
130
47
218
343
77
57
284
18
25
305
90
340
171
181
462
117
138
232
25
178
62
395
138
10
242
77
221
61
103
404
398
233
18
431
85
150
320
483
146
27
172
61
115
362
109
121
10
175
39
215
457
143
59
207
230
235
123
314
209
135
465
258
60
58
257
398
136
86
16
404
200
178
395
140
211
216
160
287
312
191
120
7
219
239
474
35
282
103
66
294
403
85
363
140
92
71
70
22
208
345
143
195
284
294
376
218
18
94
156
336
278
425
324
333
55
249
300
101
15
144
325
490
220
444
324
30
142
177
23
207
153
207
294
37
338
183
443
112
65
226
400
408
353
394
234
254
374
432
342
154
75
327
23
117
385
226
231
365
107
97
89
286
266
79
483
163
455
404
432
10
354
253
379
188
242
326
427
14
367
65
47
408
105
67
427
281
294
12
500
22
222
233
149
30
495
404
26
388
67
75
433
48
410
164
132
65
368
64
304
56
255
357
259
17
379
21
91
160
468
251
349
45
172
116
401
259
429
334
59
96
415
184
447
36
9
184
99
130
295
321
40
158
240
430
391
424
332
305
425
212
340
414
86
355
186
485
40
491
107
136
471
156
357
349
92
199
421
183
283
404
28
212
275
493
340
88
51
384
41
272
458
186
258
162
272
163
107
230
193
327
172
77
138
365
289
51
7
199
167
32
340
99
303
437
303
361
244
425
274
292
419
301
303
237
344
296
442
364
333
314
52
178
335
368
105
179
127
227
116
391
110
473
323
423
331
95
461
304
20
120
267
109
437
315
448
202
302
41
2
105
168
170
482
109
214
443
287
64
119
325
132
354
403
249
337
109
372
176
196
402
177
205
396
205
81
21
360
366
408
445
116
3
370
22
259
498
261
6
156
291
185
410
338
144
366
9
115
324
40
229
258
27
174
184
392
246
451
500
28
259
170
317
309
267
117
379
422
184
339
160
272
441
155
224
51
201
319
446
152
311
217
412
434
470
310
246
486
308
227
74
271
456
70
450
218
187
81
212
151
318
56
386
158
256
217
425
27
211
76
463
403
106
229
306
441
176
152
64
73
80
92
45
98
444
377
415
467
221
59
455
8
190
134
75
470
97
184
216
20
52
432
464
496
358
295
273
78
371
312
470
366
398
182
430
182
24
123
404
281
248
128
329
403
373
108
128
246
409
126
498
485
88
329
469
37
13
363
403
419
4
322
270
433
49
102
142
16
187
209
325
484
148
314
385
146
71
263
344
486
383
370
460
154
180
391
382
105
447
2
405
498
253
193
292
484
433
477
337
186
16
486
347
99
429
213
233
3
172
371
454
344
475
101
1
145
432
222
290
201
169
332
385
425
315
153
452
63
376
329
324
480
341
389
33
439
475
159
454
325
231
467
495
186
284
350
443
263
151
409
185
269
94
189
81
169
405
24
111
455
315
479
284
352
28
351
25
439
39
391
66
50
482
495
419
111
475
295
13
413
26
36
467
8
373
360
26
178
432
251
415
179
105
83
123
424
392
479
15
411
291
226
22
131
145
447
88
138
433
153
212
215
487
67
372
405
246
343
98
353
151
359
496
347
25
317
177
264
156
406
372
229
242
353
276
365
387
135
483
485
178
397
96
402
199
305
123
431
116
346
450
370
30
496
480
374
91
411
137
195
412
136
41
118
107
308
321
480
117
134
332
128
173
296
62
245
282
7
101
253
92
356
418
176
441
418
216
415
379
1
129
460
246
454
134
477
33
270
373
273
442
113
74
280
393
408
125
180
52
431
72
334
303
339
195
42
72
399
384
143
368
475
251
38
45
125
93
714
787
1063
1676
2343
2597
2854
3634
3758
4756
5604
5657
6256
7224
7909
7946
8005
8462
9423
10142
11005
11470
12068
12952
13460
13863
13927
14861
14882
15570
16130
16931
17688
18002
18645
19471
20182
20516
21033
21470
21607
22302
23213
23484
24134
24647
25315
26138
26371
27124
27951
28944
29262
29992
30718
31224
32029
32613
32853
33461
33656
34490
34786
35098
35199
35236
35816
36560
37065
38018
38820
38997
39222
39372
40222
40966
41139
41765
42417
43132
43369
44273
44868
45591
46101
46503
47398
48049
49011
49489
50377
51050
51698
51716
51849
52031
52992
53189
53910
54708
55007
55322
56219
57086
57490
58354
59044
59474
60394
60700
61127
61533
61906
62833
63618
64274
64960
65345
66158
67041
67147
68002
68164
68599
69266
70249
70337
70502
70892
71355
71700
72523
72906
73218
73764
74518
75190
75773
76688
76872
77460
78371
78641
79167
80134
80196
80444
80841
81190
81192
81291
82126
82535
83342
84027
84322
85208
85585
85968
86796
87660
87906
88522
88545
88681
88717
89430
90011
90310
90393
90490
90544
91345
91812
92738
93526
93967
94840
94857
94869
95522
95719
96160
96769
96978
97511
97878
97929
98273
98922
99000
99612
100486
101181
101190
101492
102064
102623
102846
103320
103982
104080
104975
105125
105727
105796
106365
106846
107611
108252
109066
109683
110020
110474
110978
111936
112564
112612
113125
113985
114857
115321
115691
116521
117067
117366
117476
117915
118642
119440
119855
120523
120751
121644
122338
123084
124019
124781
124859
125428
126199
126873
127109
127173
127332
128271
128972
129299
129743
130264
131258
132142
132394
133002
133762
134581
134705
135656
136438
136441
137337
137583
137840
138695
138986
139921
140349
140793
141487
141562
141657
142417
142863
142947
143558
144304
144351
145138
146125
146808
147374
147597
148488
148819
149465
150107
150971
151293
151817
151982
152439
152817
153322
153826
154332
154608
155072
155562
155913
156768
157171
157544
158266
158506
158809
159202
159483
160211
160530
161376
162372
163368
164224
164646
165380
166147
166366
166705
167202
168188
168781
168996
169046
169424
170061
171012
171179
172076
172376
172888
172945
173397
173440
174023
174699
175544
175621
176508
177096
177322
178307
178321
179281
180115
180814
181095
181582
182368
183061
183803
184652
185026
185720
186311
186616
186805
187700
187939
187995
188221
188578
189519
189622
190574
191161
191751
192576
193175
193897
194852
195343
195892
195959
196713
197694
198006
198662
198746
199086
199143
199444
199525
200251
200404
200903
201409
201956
202673
202961
203247
203649
204064
205032
205404
205409
206263
206462
206624
207377
207523
207877
207907
208464
208534
208635
208690
208693
209600
210246
210852
211780
212160
212909
213474
214226
214906
215127
216026
216468
217279
217763
218523
218903
219414
220355
221251
221907
222149
222298
222739
223080
223800
224101
225038
225707
225792
226381
227194
228084
228164
228709
229600
229823
230400
231312
231758
231786
231840
232047
232696
233534
233974
234179
234896
235373
235592
236541
237517
237755
238402
238802
239464
239633
240195
241017
241791
242704
243216
243602
243882
244175
245025
245039
245314
246100
246561
247444
247502
247885
248359
248796
249231
249692
250107
250977
251288
251362
251448
251594
252130
253005
253518
254064
254818
255055
255545
256504
256864
257826
258400
258676
259525
260056
260424
261098
261715
262076
263048
263121
263183
263731
264392
264940
265747
265957
266305
267007
267237
267887
268531
268818
269710
270311
271197
272131
272741
273211
273428
273611
274279
274935
275676
275907
276491
276735
277495
278061
278895
278921
278944
279762
280657
281006
281434
281441
282417
283213
283570
284164
284749
284984
285386
285729
286417
286967
287196
287328
287493
287766
288432
288838
289728
290391
290752
291674
291843
292703
293537
293829
294407
294835
295576
296074
296516
297158
297420
298089
298739
298821
299668
300056
301051
301201
301938
302614
303179
303703
303784
303868
304632
305019
305170
305594
306344
306549
307212
307621
308391
308803
308840
309569
310307
311099
311707
312584
313452
313659
314052
314916
314928
315697
316567
316914
317134
317328
317409
317698
318555
319431
319711
320056
320580
321559
321879
322305
322795
323197
323483
324209
324260
325146
325678
326163
326933
326964
327550
328370
328791
329301
330031
330912
331540
332214
332502
332655
332792
333303
333969
334729
335353
335892
336595
337217
337768
338163
338825
339602
340602
341242
341509
342271
343140
343537
344443
345190
345996
346260
347050
347694
348354
349091
349586
350367
351233
351633
351988
352592
353426
354346
354945
355402
355432
355638
356119
356928
357849
358827
359228
359431
360211
360288
360899
361656
362511
363360
364182
364935
365888
366370
366462
367442
367654
368029
368261
368974
369131
369939
370865
370866
370931
371916
372557
373155
374136
374300
374963
375814
376434
377125
377797
378471
378722
379599
379798
380726
381218
382166
382998
383881
384661
385156
385208
386065
387058
387761
388416
388922
389175
389776
390553
391116
391863
392708
392926
393691
393861
394450
395208
395719
395756
396555
397251
397844
397991
398872
398964
399329
399731
400135
400381
400574
401437
401766
402002
402051
402225
402849
403806
403899
404239
404935
405771
406146
406657
407503
407997
408178
408263
409210
409548
410399
410571
410940
411314
411850
411927
412505
412772
413283
413587
414459
415052
415629
415809
416391
417120
417365
417929
418250
418778
419262
419321
419556
419681
420122
420652
421136
421344
421943
422616
422732
423157
423810
424227
425183
425253
425764
426517
427424
427471
427900
428370
429267
429917
430749
431613
432006
432967
433913
434220
434232
434509
435055
435390
435799
436505
436620
437107
437904
438397
439323
440204
440235
440351
440686
440986
441249
441326
441558
442397
442770
443261
443519
443998
444053
444201
445137
445626
445932
446063
446642
447428
448309
448599
449027
449934
450132
450863
451765
452329
452950
453074
454031
454712
455005
455304
455356
455475
455575
456380
457154
457644
458383
458653
459402
459783
460674
460864
461074
461102
462089
462946
463635
463783
464733
464994
465516
465636
465741
465973
466739
467426
467891
468214
469003
469477
469870
469948
470706
471600
471669
472238
472591
472966
473466
473639
473650
473772
474442
474633
475268
476169
476947
477442
478066
478705
479644
480250
480262
480300
480560
480927
481171
482111
482797
483411
483745
483875
484230
485063
485790
485829
486641
487048
487131
488001
488703
488766
489709
490263
491174
491796
492056
492269
492972
493957
494207
495169
495261
495860
496341
496719
496749
497731
497895
498188
498332
498751
499079
499794
500278
500874
501493
502194
502351
502673
503157
503333
503853
504125
504505
504692
505461
506114
507064
507916
508154
509084
509551
510223
510545
510962
511238
512097
512393
513113
513128
513524
513570
513746
514526
515187
515454
515673
516024
516867
517609
517846
518478
519219
519376
519532
519805
519973
520341
520581
520787
520931
521212
521634
521899
522266
522655
522888
522898
522990
523837
524713
525098
525982
526178
527054
527448
527911
528104
529063
529438
529965
530153
531032
531720
532338
532509
532534
532788
533404
533638
534256
534720
535485
536227
536842
536897
537362
538041
538514
539014
539324
539556
539899
540884
541316
542122
542391
542819
543292
543905
544304
544328
545022
545739
546537
547300
547573
548085
548254
548568
549217
549917
550913
550933
551160
551691
552152
552660
553286
554133
554365
554828
555332
555842
556336
556430
556710
557236
557368
557718
558322
558463
558531
558996
559022
559191
559737
560360
561149
561529
561799
562580
562734
563233
563417
564149
564383
564918
565265
565982
566855
566954
567084
567847
567862
567990
568849
569620
570118
571092
572033
572725
573198
573487
574368
574488
574520
575166
576093
577010
577095
577553
577929
578226
579064
580044
580277
580390
580946
581373
582270
583187
583383
583709
583711
584400
585331
585691
586436
586885
587268
587693
588376
588573
589047
589431
589831
589878
590526
591512
592079
592648
593378
593848
594409
595146
595915
595955
596182
596490
597183
597381
597986
598561
598659
598831
599484
600286
601068
601838
602384
603003
603949
604382
605233
606159
606907
607519
607882
608240
608694
609096
609626
610559
610560
610882
611072
611161
611742
612387
612398
612433
613217
613973
614237
615043
615441
616320
616576
617266
617823
618373
618771
619540
619731
620695
621693
622460
623017
623521
623664
623817
624812
625622
626498
626535
627307
627829
627987
628559
628790
629457
630115
631051
631057
631658
631844
632821
633032
633241
633928
634702
635180
636111
636305
636896
637612
637723
638014
638387
638857
639531
640076
640885
640991
641105
641775
641817
642658
643186
644159
645092
645988
646405
647045
647609
647913
648514
648580
649075
649197
649294
650071
650727
651436
651560
652388
653247
653755
653923
654519
654985
655062
655258
655894
656239
656875
657061
657388
658108
658469
658621
659422
659878
660389
660747
661120
661687
662443
662675
663349
663700
664669
665029
665240
665820
666484
667282
667643
668440
669299
669906
670865
670934
671369
671765
672572
672862
673184
674019
674460
675291
676266
676553
677260
677360
678145
679087
679761
680189
681012
681426
681983
682852
683425
684209
684846
685801
686290
686880
687378
687738
688240
689003
689085
689137
690129
690497
690697
691429
691587
692069
693006
693540
693853
694042
694992
695647
695849
696660
697039
697931
698423
699126
699990
700483
700869
701437
701793
702668
703203
703325
703566
704323
705164
705781
706548
706760
707172
707947
708462
708847
709441
709648
710353
710540
711402
711873
712021
712236
713121
713625
713731
714044
714561
714978
715916
716335
717145
717975
718861
719065
719699
720008
720538
720552
721319
721430
721735
722144
722307
722313
722570
722931
723142
723192
723674
724666
725026
725292
726186
726845
726971
727924
728495
729309
729774
730536
730933
731156
731701
732045
732071
733065
733754
733886
734812
735442
735538
736490
737348
737747
738192
738345
738846
739201
739319
740199
740434
740828
741143
742111
742968
743125
743412
743771
744410
745134
745634
745728
746320
746725
746933
747646
748550
748986
749345
749680
750048
750684
751201
752116
752384
753323
753785
754018
754132
754962
755562
755600
756146
756392
757128
757209
757743
758046
758134
758631
759597
760381
760676
761570
762514
762563
763027
763904
764247
764613
764648
765646
765857
766825
767564
767896
768417
769328
770178
770837
771077
771217
771619
772241
772799
772887
773274
774109
774112
774348
774666
774769
775016
775315
775585
775701
776167
776860
777399
778158
779149
779941
780275
780555
780760
780915
781729
782052
783018
783288
783420
784099
784450
784586
785451
786227
787158
787372
787416
787585
787926
788771
788902
789708
790497
790827
790894
791275
791927
792367
792395
792891
792993
793445
793534
794124
794677
795565
796086
797036
797587
798014
798721
799537
800473
800895
801875
802301
802947
803289
803696
804057
804284
804331
805039
805176
805192
805483
806340
807091
807900
808213
808666
809428
810058
810759
811692
812682
813655
813860
814139
814885
814970
815013
815710
816635
817292
818073
818424
818862
819383
819874
820789
821298
821504
822486
823113
823854
824631
824752
824795
824970
825434
826164
826344
826754
826882
827637
827862
827948
828137
828443
828933
829777
829911
830891
831802
832240
832995
833052
833294
833321
834262
834996
835195
835280
836145
836515
837213
837758
837928
838331
839081
839130
839797
840409
841302
841547
842243
843078
843728
844558
844587
844853
845270
846086
846418
846695
847600
848506
849080
849118
849673
850352
851100
851203
852102
852571
852884
853553
854209
854259
854577
854909
855629
855852
856515
857096
857844
858127
858711
858790
859546
860186
860904
861472
861986
862465
862586
863472
864168
864561
865172
865473
866053
866604
866801
867326
867998
868863
869797
870613
870683
870908
870944
871224
872011
872107
872492
873134
873398
874290
875139
875871
876215
876806
876903
877033
877285
877447
877943
878256
878674
878902
879305
879437
879955
880325
880984
881775
882430
882702
883011
883247
884105
884141
884520
884744
884996
884998
885117
885690
886452
886468
887366
888024
888165
888175
888405
889114
890043
890713
891423
892041
892605
892764
892765
892992
893806
893875
894533
895056
895639
896564
897121
897329
898254
898812
899586
900003
900773
901736
902178
902228
902253
902948
903708
904238
905079
906046
906746
906894
907069
907436
908351
908530
909328
909473
910328
911279
911602
911603
912279
912767
913303
913632
914102
914733
915364
916007
916751
917374
917424
917693
918527
919279
919498
920213
921024
921731
921892
922194
923103
923488
923825
923872
924130
924821
925598
926446
926810
927384
927612
928045
928839
928993
929921
930729
930823
931160
931180
931537
932042
932116
932928
933143
933611
934045
934901
935063
935602
936465
937451
938216
938377
938932
939274
939908
940539
941302
941925
942706
943458
944403
945071
945306
946223
946421
947251
947861
948499
948573
948862
948980
949304
950298
950836
950912
951111
951464
952020
952355
952678
952842
953239
953876
954273
954369
955268
956253
957230
957701
957834
958282
958805
959652
959700
959757
960105
960536
960852
961518
961966
962437
962965
963632
963697
963926
964516
965238
966141
967057
968021
968151
969061
969542
969723
969813
970027
970821
971226
971269
971659
971679
971689
972182
972816
972909
973566
973864
974403
974867
975485
975654
976261
976991
977367
978150
978444
978788
978965
979110
979132
979243
979473
980302
980408
980884
981495
981920
982627
982691
983173
983475
983717
984042
984263
984531
984635
984721
985296
986038
986586
987235
987402
987875
988676
989307
989792
990586
991463
991888
992075
992113
992267
992905
993357
994318
994365
994603
994801
994957
995727
996026
996995
997159
998018
998080
998779
999023
999896
1000778
1000986
1001893
1002573
1002609
1003002
1003167
1003767
1004700
1004921
1004994
1005334
1005945
1006526
1006651
1006755
1007730
1008075
1008693
1008770
1009130
1009283
1009552
1010122
1010907
1011638
1012551
1013425
1014338
1014960
1015723
1016486
1016988
1017156
1017552
1017893
1018424
1018840
1018948
1019048
1019413
1020131
1020582
1020650
1021242
1022159
1022434
1022762
1023091
1023774
1024713
1025322
1025585
1026340
1027333
1028305
1029206
1030074
1030529
1030651
1030977
1031072
1031918
1032552
1032808
1033717
1034578
1035432
1036117
1036827
1036864
1037264
1038168
1039119
1039652
1040460
1040871
1041546
1041723
1042215
1042927
1043784
1044732
1045644
1046563
1046665
1046670
1047481
1047579
1047667
1048322
1048624
1049048
1049090
1049993
1050255
1051223
1051656
1052277
1053204
1053415
1053976
1054428
1055204
1055683
1055725
1056431
1057359
1057475
1058359
1058572
1059049
1059445
1059696
1059990
1060301
1060704
1061302
1061718
1062175
1063080
1063807
1064531
1065491
1065831
1066314
1066539
1066760
1067493
1067697
1068678
1069219
1069968
1070222
1070662
1070900
1071787
1072043
1072514
1072794
1073314
1073519
1073837
1074382
1074652
1075190
1076095
1076300
1076418
1076484
1077280
1077976
1077983
1078860
1078961
1079300
1080214
1080303
1080436
1080953
1081290
1081769
1082131
1082340
1082616
1083563
1084509
1084600
1085000
1085711
1086062
1086685
1086993
1087714
1088035
1088118
1088136
1088174
1088608
1089417
1089961
1090798
1091471
1091916
1092019
1092462
1092782
1092804
1093650
1094472
1094553
1094707
1095007
1095068
1095872
1096788
1097610
1098325
1098687
1099088
1099800
1100270
1100952
1101866
1102820
1103497
1103764
1104150
1104825
1104968
1105890
1106724
1107149
1107323
1108009
1108659
1109205
1109872
1109992
1110360
1110917
1111502
1111894
1112440
1112647
1113154
1113346
1114064
1114116
1114465
1115210
1115439
1115949
1116252
1117054
1117717
1118170
1118506
1119291
1120150
1120742
1121226
1121432
1121495
1121606
1122356
1122817
1122835
1123683
1124333
1124432
1124501
1125316
1126106
1126792
1126818
1127284
1127285
1127522
1128483
1129122
1129904
1130323
1130618
1131497
1132274
1132554
1133078
1133397
1134081
1134548
1135083
1135110
1135764
1135970
1136317
1136930
1137154
1137157
1137538
1138363
1139349
1139894
1140621
1141239
1141511
1141870
1142392
1142530
1143463
1144449
1144658
1145094
1145422
1145920
1146589
1147467
1148130
1148896
1149198
1149620
1150364
1150399
1150733
1151580
1152136
1152317
1153052
1153398
1153934
1154067
1154806
1155391
1155858
1156824
1157400
1158280
1158283
1159264
1159407
1159855
1160838
1161122
1161348
1162034
1162495
1163447
1164090
1164216
1164521
1165375
1165784
1166359
1167112
1167469
1167701
1168548
1168679
1168758
1169403
1170036
1170761
1171653
1172056
1172178
1172607
1172996
1173903
1174409
1174909
1175549
1175664
1175966
1176788
1176926
1177448
1178243
1178619
1179102
1179409
1180035
1180559
1181271
1181868
1181959
1182015
1182816
1183045
1183154
1183844
1184184
1184281
1184737
1185224
1185519
1185924
1185970
1186384
1186769
1186915
1187339
1187874
1188659
1189488
1190285
1190536
1190642
1191186
1191315
1192022
1192443
1193068
1193620
1193698
1193781
1194462
1194517
1195126
1195259
1195395
1195682
1196223
1197042
1197265
1197494
1198001
1198033
1198372
1199139
1199284
1199412
1200253
1200657
1200727
1201257
1201306
1201437
1201491
1201629
1202224
1203090
1203562
1203938
1204685
1205578
1205926
1205927
1206881
1207687
1208196
1208830
1209246
1209806
1210629
1211079
1211761
1211914
1212606
1213190
1214142
1214349
1215295
1215697
1215722
1216673
1217403
1217583
1218417
1218949
1219342
1220283
1221149
1221885
1222818
1223657
1224139
1224801
1225476
1226049
1226595
1226962
1227288
1228091
1228623
1229149
1229538
1230510
1231145
1231663
1232632
1232754
1233589
1233994
1234273
1235150
1235211
1235216
1236112
1236332
1236858
1237282
1237805
1238270
1238655
1239336
1240186
1240307
1240914
1241625
1242100
1243002
1243436
1244247
1244308
1245227
1245506
1246101
1246487
1246736
1247489
1247805
1247848
1247993
1248513
1248662
1249038
1249259
1249525
1249798
1249967
1250329
1250539
1250835
1251042
1251104
1251458
1251964
1252685
1253138
1253608
1254104
1254243
1254894
1255311
1256211
1256920
1257721
1258395
1259094
1259544
1259592
1259819
1259937
1260774
1261536
1262520
1263072
1263668
1263992
1264581
1264807
1265782
1266170
1266668
1267315
1268262
1268804
1269055
1269097
1269858
1270243
1270373
1270745
1271201
1272078
1272505
1273297
1273968
1274134
1274625
1274691
1274888
1275299
1276266
1276273
1276641
1277222
1277528
1278424
1278890
1279165
1280006
1280776
1281647
1282521
1283172
1283317
1283456
1284347
1284917
1284971
1285956
1286370
1286413
1286687
1286760
1286901
1287572
1288452
1289434
1290069
1290754
1290766
1291542
1291625
1291744
1291795
1291883
1292574
1293226
1293743
1294217
1294648
1295431
1295857
1296680
1296848
1297172
1298027
1298653
1299247
1299954
1300113
1300257
1301070
1301485
1301734
1302503
1303329
1303866
1304190
1304457
1305187
1305898
1306698
1307069
1307752
1308254
1308970
1309173
1310059
1310916
1311911
1312336
1312408
1312449
1312726
1313542
1313654
1314038
1314692
1315390
1316190
1316700
1317125
1317154
1317227
1317871
1318837
1319364
1319868
1320626
1321540
1322206
1322804
1322902
1323102
1323944
1324209
1324427
1324821
1325036
1325591
1326335
1327255
1327887
1327920
1328470
1329284
1330231
1331017
1331761
1332579
1333221
1334078
1335076
1335781
1336095
1336258
1336279
1336352
1336359
1337058
1337312
1337644
1337697
1337857
1338038
1338671
1339566
1339579
1339605
1340429
1340924
1341676
1341940
1341963
1342721
1343084
1343985
1344574
1345215
1346141
1346649
1347467
1348236
1348848
1348979
1349482
1349885
1350677
1350877
1351480
1351810
1352343
1352821
1353363
1354049
1355030
1355058
1355681
1356619
1357081
1357810
1358621
1358802
1358942
1359378
1359822
1360072
1360646
1361281
1361628
1361807
1361916
1362291
1362381
1363344
1363347
1363640
1363644
1363825
1364365
1364732
1365047
1365829
1365908
1366329
1366878
1367313
1368058
1368878
1369011
1369035
1369653
1370502
1371084
1371248
1371977
1372713
1373476
1374020
1374838
1375446
1375631
1375858
1376524
1377215
1377848
1378815
1379108
1380007
1380219
1380923
1381828
1381909
1382881
1382888
1383003
1383447
1384195
1385127
1385776
1385836
1386807
1387177
1388081
1388696
1389583
1389695
1389754
1390500
1390775
1391694
1391858
1392239
1392460
1392780
1393045
1393872
1394506
1395130
1395780
1395890
1396758
1397446
1397556
1398071
1398115
1398612
1399107
1399443
1399868
1400839
1401821
1402815
1403128
1403782
1404682
1405163
1405468
1405536
1405920
1406005
1406041
1406065
1406730
1407580
1408419
1408497
1408787
1409208
1410174
1410867
1411382
1411691
1411752
1412028
1412105
1412995
1413503
1413792
1414159
1415133
1415628
1416610
1416634
1416789
1417490
1418308
1418668
1419137
1419358
1420285
1421129
1421541
1422198
1422251
1423223
1423742
1424702
1424856
1425633
1426611
1427337
1427793
1428523
1429159
1429878
1430462
1431021
1431155
1431294
1431644
1432382
1432937
1433635
1433974
1434597
1435429
1436421
1437022
1437031
1437854
1438440
1438476
1438614
1439342
1439359
1439403
1439426
1439496
1440465
1440655
1441497
1442295
1442989
1443916
1444292
1444515
1444546
1444859
1445102
1445604
1445911
1446642
1447592
1448399
1448859
1449658
1450244
1451189
1451929
1452027
1452877
1453446
1454163
1455107
1455410
1455719
1456148
1456720
1457336
1457613
1457960
1458601
1458726
1459626
1460030
1460061
1460779
1461196
1461573
1462112
1462273
1462771
1463422
1463609
1464557
1464639
1465415
1466100
1467088
1468043
1468075
1468614
1469589
1469917
1470798
1471160
1471922
1472835
1473450
1473732
1474268
1474929
1474953
1475648
1475842
1476576
1477367
1477901
1478023
1478376
1478778
1479376
1480159
1480563
1481014
1481231
1481964
1482071
1483010
1483383
1483812
1484227
1485197
1485783
1485910
1486733
1487567
1487876
1488627
1489096
1489982
1490895
1491092
1491824
1492267
1493263
1493753
1494413
1494626
1494901
1495874
1496223
1496954
1497660
1498256
1498399
1499377
1499859
1500327
1501064
