La primera linea indica la cantidad de minutos a considerar (n). Luego vienen n lineas que corresponden a los x_i, y luego los n valores que corresponden a la funcion f(.):
4000
74
281
492
301
404
92
247
341
335
11
280
27
442
71
427
19
298
16
245
215
205
246
4
410
426
477
174
445
144
128
424
114
200
467
8
483
92
308
339
475
337
167
360
350
405
150
225
147
384
240
129
332
259
414
320
238
128
257
170
182
184
243
175
244
419
438
374
1
411
448
450
337
230
267
109
298
226
431
48
75
409
245
47
285
480
159
199
288
401
38
357
105
98
446
172
446
447
485
479
433
193
432
63
219
274
464
305
399
234
324
328
115
36
114
138
208
117
484
335
340
10
452
352
3
494
139
334
61
337
242
310
120
241
42
471
257
375
198
352
234
43
385
277
66
379
359
368
14
128
161
277
147
225
148
231
143
227
340
248
138
83
235
471
188
467
31
479
490
331
402
145
35
354
375
104
323
91
358
316
404
62
250
210
152
194
411
234
372
155
352
282
268
45
336
394
279
171
106
468
343
409
231
173
391
461
430
157
175
294
192
28
230
213
355
85
268
347
294
91
80
95
481
88
465
405
274
174
412
251
312
354
60
51
487
484
355
164
209
11
9
466
297
453
440
180
226
62
446
240
115
57
174
280
413
419
198
367
245
451
98
129
436
390
148
156
433
406
266
144
242
345
212
125
368
499
168
107
451
297
294
258
178
328
468
348
116
257
247
173
126
72
399
170
97
298
300
299
378
245
329
78
145
396
360
62
172
337
490
394
320
353
304
460
426
64
199
434
18
474
402
476
28
129
316
497
313
290
75
489
118
254
236
409
292
206
464
288
102
326
339
96
164
132
1
28
144
53
270
88
14
108
312
53
264
186
61
86
276
499
50
123
433
291
184
431
487
418
185
384
67
368
99
340
107
55
96
412
8
21
224
144
269
227
124
355
180
479
155
183
322
439
122
494
391
94
288
493
128
212
92
359
313
426
449
311
69
488
212
252
90
121
176
57
370
363
130
433
104
392
137
163
437
339
341
263
492
382
220
111
190
249
121
344
160
374
338
384
341
213
214
14
312
180
464
132
349
49
141
498
189
492
487
223
407
116
137
344
92
147
482
430
313
357
350
300
265
353
174
254
1
407
329
306
132
35
102
57
368
370
342
398
400
157
367
219
281
292
412
140
441
469
419
272
261
426
453
222
289
167
42
310
413
320
387
229
350
42
255
213
152
23
430
279
380
341
214
15
490
79
381
420
163
152
226
345
233
200
242
31
194
170
480
381
113
212
479
127
317
227
359
407
437
157
163
238
207
278
217
130
212
17
266
361
447
91
146
313
409
275
368
441
96
324
455
310
94
492
317
371
483
345
151
479
35
135
46
141
400
243
166
3
136
418
371
232
111
299
322
270
184
225
366
120
151
190
482
284
302
260
215
494
447
475
108
109
396
340
458
224
274
113
283
436
396
183
356
30
81
233
19
72
128
147
39
485
209
271
233
370
77
256
382
67
371
289
279
102
170
327
309
461
341
142
224
271
356
251
418
196
233
428
237
243
494
110
465
227
374
147
185
72
43
288
77
118
408
353
339
88
374
409
380
223
460
177
259
288
84
5
4
27
487
346
104
125
97
220
441
442
385
238
455
280
493
394
232
2
437
275
117
463
218
216
430
328
79
299
210
492
493
260
433
320
347
63
399
455
220
76
143
235
82
321
163
218
454
9
140
179
492
272
83
188
36
2
24
352
120
485
35
106
203
450
329
135
366
56
430
125
175
293
476
262
322
332
158
467
493
346
306
220
38
300
405
203
189
285
111
242
312
327
242
88
40
15
367
265
413
79
26
452
314
63
267
210
61
265
109
315
168
435
240
306
275
230
239
28
358
195
244
53
124
229
384
392
332
396
332
402
498
422
281
338
227
204
433
20
65
195
298
326
68
385
300
214
128
78
302
413
381
241
474
97
37
261
53
445
442
4
189
14
325
387
459
495
419
62
37
375
269
152
269
84
374
442
157
253
68
280
397
307
176
158
240
52
149
452
386
165
460
298
82
395
80
66
458
7
14
298
490
97
13
92
232
292
57
241
466
301
14
280
223
153
269
209
33
275
245
180
248
139
34
374
280
448
253
18
453
32
177
312
12
145
383
171
302
289
343
234
232
60
448
428
214
92
83
39
146
470
437
332
239
4
332
347
17
13
475
257
303
18
329
10
48
40
56
218
204
62
435
314
316
411
448
241
279
141
220
243
181
389
462
300
381
164
360
68
416
441
149
235
382
373
451
105
268
25
372
298
100
477
226
421
494
58
36
88
92
338
316
111
328
366
125
13
304
236
472
162
222
313
444
333
106
93
423
301
133
413
51
97
365
312
91
418
344
54
342
459
477
3
329
30
466
298
282
188
194
210
60
366
10
399
234
459
230
322
126
127
29
402
373
34
196
404
48
263
148
409
379
40
150
291
261
411
31
500
409
235
173
132
391
252
326
500
166
478
408
488
474
121
148
154
160
6
457
459
188
420
161
208
424
182
292
86
309
45
420
92
85
389
142
461
447
70
236
398
161
153
370
119
291
3
225
241
472
463
218
53
226
288
284
275
2
250
487
312
146
416
219
327
143
427
175
177
222
241
5
326
131
163
67
18
62
54
218
160
137
483
306
418
324
98
325
43
163
166
241
449
265
487
28
224
231
425
69
109
194
270
285
29
489
207
320
189
480
349
225
22
244
297
302
354
444
294
373
350
457
2
159
227
30
289
408
243
340
232
165
161
187
283
19
248
201
72
365
424
359
318
419
49
135
387
60
268
175
411
416
206
248
102
498
447
235
427
186
313
163
346
360
179
36
362
16
480
170
440
256
200
382
12
64
87
206
150
132
187
1
405
160
131
58
244
477
209
107
244
7
412
479
234
276
489
258
396
148
360
150
487
164
83
103
473
392
12
96
2
169
353
111
124
447
298
258
461
271
374
230
420
251
35
29
38
499
134
127
42
24
416
163
445
124
176
469
78
199
181
240
355
363
162
98
88
134
391
125
108
455
223
387
275
226
426
22
486
202
468
7
342
464
451
470
143
467
99
39
12
479
482
183
93
384
239
313
312
341
483
28
188
186
308
292
274
75
467
268
153
486
61
257
50
344
453
403
392
17
256
116
357
33
486
159
15
285
369
177
500
50
168
406
68
442
321
367
398
278
113
108
488
187
97
33
333
283
484
343
447
381
414
39
397
487
441
46
460
496
172
301
148
495
229
377
29
466
352
259
399
428
4
376
222
213
348
448
462
385
384
49
491
250
284
229
127
384
204
166
402
267
92
358
403
443
362
499
65
202
254
206
110
211
391
88
380
474
405
133
316
148
419
187
157
343
172
398
414
94
161
460
319
30
446
180
379
41
340
479
438
11
296
447
70
27
308
485
335
386
359
393
16
147
303
436
98
415
221
424
276
125
248
69
146
198
292
281
231
264
262
114
361
148
460
335
303
95
359
448
274
294
268
369
402
474
203
446
157
281
13
71
281
472
472
450
165
251
86
426
81
429
364
184
321
36
388
121
301
342
477
173
368
407
480
358
388
323
417
475
347
308
495
77
56
371
301
470
22
294
8
437
90
132
197
77
148
26
21
454
18
449
317
380
28
63
352
330
190
1
280
230
197
495
312
490
491
268
474
174
240
278
281
381
73
388
35
117
363
11
272
229
34
498
452
201
338
452
91
332
144
220
400
82
47
159
453
251
443
475
226
82
312
33
164
62
482
482
265
32
128
429
193
441
118
471
383
279
236
229
222
463
345
13
444
213
4
183
219
132
255
370
185
412
109
466
38
498
184
348
277
298
147
124
387
191
272
65
344
70
164
26
206
397
203
202
384
315
211
361
272
127
304
388
499
27
376
124
432
471
78
292
29
178
347
164
163
205
350
423
463
70
230
30
382
490
132
85
40
401
320
375
353
290
324
4
355
282
345
294
360
465
309
51
212
224
340
241
396
318
210
4
340
419
94
234
416
378
324
271
457
149
56
405
353
55
402
6
251
97
404
305
428
290
144
353
203
38
53
222
386
485
226
79
164
297
173
15
165
438
231
353
299
300
337
449
417
384
396
288
347
185
158
472
465
14
144
115
291
497
308
257
214
3
223
287
201
9
387
193
365
405
165
447
71
290
37
236
199
385
449
125
324
196
494
269
78
154
191
391
274
53
128
442
247
135
198
341
234
120
67
160
250
298
232
308
92
26
252
26
17
322
128
384
179
110
51
121
48
46
492
166
319
188
248
496
30
414
393
32
334
421
436
97
123
69
447
413
316
480
265
36
133
348
415
185
366
266
463
5
220
146
130
11
179
11
155
149
480
242
384
436
306
370
119
200
138
289
114
53
185
376
487
290
89
238
400
440
396
470
141
28
182
101
110
284
491
266
437
293
28
225
339
311
90
154
259
500
105
40
131
80
467
10
389
86
412
172
1
47
413
364
270
95
200
168
361
172
394
394
54
121
415
122
368
268
172
15
201
20
22
323
44
68
374
154
42
473
92
477
445
50
88
322
320
293
433
490
331
306
121
176
180
194
171
325
194
213
223
236
59
68
412
171
219
83
411
199
446
167
210
487
471
391
121
186
224
244
236
122
119
434
437
66
228
452
207
152
367
252
156
138
391
181
432
42
363
477
278
2
169
454
349
132
429
37
161
6
247
181
239
215
325
71
281
49
210
190
26
89
437
36
77
313
237
83
370
24
137
216
43
349
388
464
75
32
29
478
3
454
42
346
247
276
26
104
223
161
459
302
49
101
378
261
220
496
62
296
293
271
117
412
421
138
188
296
178
25
310
186
398
115
229
169
341
466
477
275
454
45
145
375
354
281
448
86
33
176
24
105
117
369
208
242
470
300
72
238
185
100
463
176
448
296
4
495
419
199
101
343
167
479
170
351
182
301
88
385
103
118
99
474
346
81
43
278
265
493
214
267
435
444
307
423
336
440
383
133
321
119
95
47
338
37
290
134
142
407
167
461
374
218
469
150
198
88
402
176
148
205
352
263
97
133
456
475
474
116
50
16
217
207
172
299
412
247
96
209
494
57
27
409
70
146
381
11
69
453
327
487
451
359
414
167
173
390
255
382
446
46
245
142
87
444
248
412
490
142
373
180
261
69
477
126
12
148
282
11
58
107
373
91
486
113
362
214
238
338
470
19
115
427
405
100
297
347
341
88
383
456
420
165
231
74
149
280
133
130
116
8
109
344
138
6
337
232
237
228
369
366
444
45
320
280
441
347
489
182
486
417
469
237
75
264
361
492
494
412
359
83
257
413
108
91
70
462
238
61
103
119
81
326
435
421
378
468
431
280
450
115
459
350
308
295
469
383
318
6
44
487
176
280
146
369
306
164
255
491
394
294
32
468
282
235
475
114
448
294
128
136
295
11
173
202
425
152
58
279
173
115
241
139
22
280
377
104
152
382
471
352
48
173
405
463
370
193
79
177
493
242
322
482
310
234
189
5
95
398
150
211
130
80
194
85
411
370
351
130
264
378
312
389
474
114
297
241
122
278
397
151
276
301
71
288
144
167
470
440
336
342
315
254
297
178
182
230
313
361
420
329
178
289
151
17
197
335
408
439
401
255
338
144
217
70
284
332
81
314
236
10
115
188
433
83
355
203
449
269
340
35
418
291
167
221
499
44
338
485
100
333
341
293
343
380
433
229
262
163
452
3
110
303
158
9
406
335
438
18
302
382
198
43
271
240
308
500
315
476
130
407
130
142
442
170
83
367
251
299
431
247
278
139
416
255
122
499
67
484
192
302
56
216
193
420
219
91
233
113
416
490
196
144
96
377
474
288
155
156
20
437
20
298
423
118
198
297
180
341
391
73
373
21
425
498
351
436
80
425
354
453
399
4
330
157
366
451
309
88
69
344
69
244
408
11
114
243
382
24
500
391
38
129
33
31
293
59
489
125
150
460
16
107
331
41
114
270
335
292
213
345
487
179
111
470
422
443
402
472
384
12
174
139
229
182
411
492
293
412
32
53
387
359
77
458
245
252
276
129
319
372
271
23
327
200
102
449
73
229
321
147
306
262
47
132
194
243
297
500
133
266
281
227
379
285
109
62
404
437
224
464
125
283
436
297
88
88
272
71
110
18
306
82
72
321
351
57
427
339
359
177
461
460
243
412
294
453
127
119
437
277
151
462
232
378
385
302
344
144
324
427
415
283
58
255
163
448
478
119
209
201
233
229
358
338
75
408
406
304
311
255
139
230
105
235
70
38
428
157
421
159
129
280
160
132
409
251
117
114
287
321
213
213
364
147
197
23
464
63
50
112
156
55
102
294
431
128
448
240
434
45
399
471
324
355
264
104
424
185
362
415
119
466
39
251
321
91
275
187
205
203
90
82
430
36
131
212
484
1
400
48
424
171
352
176
491
451
217
153
21
52
205
270
167
317
212
203
352
437
259
334
202
8
133
371
126
335
30
175
28
98
118
486
480
359
422
41
93
279
417
251
391
53
42
228
207
484
120
126
400
182
165
462
457
36
68
48
20
138
424
98
50
177
199
4
434
335
151
236
375
311
406
54
42
10
155
388
75
230
260
161
280
306
435
123
483
23
208
461
69
469
215
336
180
233
242
90
359
476
497
167
211
185
496
166
455
119
310
78
493
248
153
192
358
330
144
268
460
68
326
381
233
459
363
149
68
467
429
261
206
142
218
394
375
87
217
422
253
135
24
151
208
40
476
238
56
426
362
139
358
246
220
416
454
215
101
361
351
365
378
315
437
153
97
174
18
148
380
324
284
452
261
361
142
32
204
368
36
454
454
497
470
266
83
328
231
61
273
461
281
427
307
463
93
276
384
396
423
154
53
411
142
102
358
239
249
222
280
210
349
19
487
266
496
280
168
353
182
359
355
83
287
207
444
58
428
445
129
360
468
380
285
106
321
262
145
391
355
153
364
63
81
331
137
241
461
290
264
201
376
236
4
334
39
453
277
193
499
159
489
199
143
424
417
441
408
384
412
233
271
373
363
343
173
138
199
391
441
9
233
395
151
277
394
235
491
265
252
394
319
469
235
486
369
444
308
79
360
416
158
324
440
356
482
203
170
48
476
453
338
19
107
448
303
106
264
376
170
125
24
312
297
312
418
202
53
256
461
36
217
471
95
255
114
321
319
49
427
363
353
78
77
224
317
28
159
263
16
48
476
107
188
388
90
220
366
399
50
118
231
307
473
457
419
426
202
284
97
383
367
454
318
72
378
97
201
325
29
196
161
416
57
260
247
383
117
204
357
284
231
421
285
250
250
279
279
36
268
25
129
61
366
433
443
16
136
342
383
274
356
56
115
493
290
138
279
279
46
14
16
167
368
16
124
52
404
25
84
342
457
354
385
221
425
324
448
130
262
269
294
496
115
306
292
394
104
118
460
232
323
236
371
404
410
165
225
183
205
289
74
413
417
453
485
255
325
181
190
56
357
244
57
143
240
74
144
307
283
26
89
322
206
369
168
209
85
401
490
226
489
221
162
262
243
452
322
147
89
358
422
36
376
475
336
437
322
239
383
176
455
494
169
360
357
303
83
180
163
217
147
290
152
102
296
130
50
206
277
175
153
465
444
311
86
179
15
259
72
375
146
43
212
105
323
409
170
252
493
270
498
405
422
358
87
119
60
355
283
195
222
342
431
431
98
122
111
404
478
272
461
2
105
45
362
42
308
174
236
98
198
407
49
395
59
303
185
212
99
218
147
455
356
418
291
346
52
101
148
362
366
146
222
484
146
387
48
293
175
340
154
390
204
412
365
76
488
234
360
22
210
483
136
210
31
328
243
305
389
426
108
482
459
279
193
364
173
455
444
378
152
14
423
292
184
412
247
121
140
93
285
84
410
465
388
400
336
286
401
457
123
317
438
278
219
201
89
294
141
110
313
351
120
266
136
120
364
173
360
251
50
372
466
384
154
364
35
495
339
203
372
146
244
353
490
283
131
110
331
489
326
430
264
465
425
310
491
220
459
439
175
407
89
126
171
325
60
154
472
370
471
206
40
131
328
251
316
223
14
302
307
330
334
22
470
96
234
435
385
455
238
233
411
162
62
444
478
379
498
88
164
387
399
149
218
491
448
407
346
343
40
313
148
197
81
400
13
461
188
96
384
105
50
154
98
491
280
498
433
283
327
139
269
180
78
102
329
16
124
422
130
172
225
237
231
338
117
294
349
50
332
416
418
285
42
375
82
468
174
184
353
389
3
409
58
324
367
139
291
436
380
10
371
141
382
111
181
128
83
468
317
64
435
235
309
494
94
486
101
61
454
292
293
430
180
372
352
380
105
220
327
476
109
72
472
422
438
426
440
185
480
325
172
204
38
314
92
312
242
349
145
288
118
446
271
414
7
442
461
355
267
127
352
268
47
285
281
187
165
44
142
494
433
315
429
57
64
252
132
372
318
491
423
282
404
475
209
476
133
442
185
3
306
245
30
481
71
17
284
242
310
449
62
458
218
420
36
231
44
153
418
393
476
261
339
302
49
82
279
26
165
266
194
247
342
358
118
272
273
222
39
402
250
125
86
1
27
314
278
436
89
389
253
298
26
75
222
169
339
140
249
193
175
227
473
187
212
380
483
248
236
122
33
293
101
192
175
108
491
98
185
119
199
100
367
370
160
7
13
272
189
303
315
387
192
128
274
314
234
95
309
209
365
144
72
370
269
283
44
292
435
290
158
221
71
54
348
9
302
208
322
202
383
49
360
387
491
231
392
363
37
293
50
50
486
117
3
127
357
184
20
309
390
451
332
217
401
240
367
125
281
163
54
278
421
11
438
350
164
350
213
354
200
202
56
258
188
15
279
205
385
453
443
148
46
119
497
299
378
361
494
128
313
76
365
341
427
488
430
340
350
268
357
28
73
346
404
413
141
425
83
439
18
497
466
95
378
387
426
32
31
53
118
28
60
454
119
14
173
362
18
154
455
144
13
190
373
413
445
261
290
354
446
433
414
174
487
214
495
150
475
170
487
276
436
1
159
418
318
420
100
37
381
58
43
399
431
376
199
455
271
493
324
468
183
416
133
87
436
356
141
402
76
151
122
400
245
225
55
457
73
14
206
74
134
120
164
11
398
255
413
436
21
232
333
64
993
1876
2352
2393
3268
3946
4274
4870
5574
6482
7101
7974
7980
8549
9442
9831
10668
11024
11994
12099
12708
12885
13513
14184
15003
15708
16081
16789
17228
18163
18864
19751
20006
20009
20662
21375
22063
22090
22880
23171
24088
24184
24746
25717
26631
27162
27884
28089
28545
29358
29446
29719
29732
29740
30655
30923
31065
31634
31767
31960
32769
33754
34274
34280
35121
35258
35346
35634
36413
36464
36611
37245
37661
38353
38356
38496
38741
39065
39540
40186
40439
41025
41028
41174
41430
41726
42448
42626
43130
43928
44537
45375
46250
46799
47443
47947
48144
48309
49060
49978
50057
50132
50629
51224
51239
51713
51757
52147
53056
53978
54174
54422
55074
55128
55862
55930
56641
57464
57990
58767
59326
60225
61197
62149
62915
62962
63022
63231
63480
64137
64318
64735
64799
65117
65877
66424
66817
66982
67956
68739
69580
70060
70621
71067
71435
71738
72104
72110
72725
73674
74324
74373
74903
74926
75596
75793
75960
76523
77353
77638
78299
78953
79143
79311
80098
81021
81127
81922
81976
82374
83071
83733
84216
84819
85253
85265
85372
85566
86103
87039
87433
87578
88501
88916
89565
90079
90797
91441
92171
92432
92838
92909
93037
93409
93708
93845
93953
94855
95421
96249
96980
97349
98296
98785
99454
100259
100898
101123
101616
102211
102718
103146
103654
104005
104175
104431
105204
105390
105569
106131
107103
107586
108371
108848
109528
110149
111135
111882
112743
113132
113201
113982
114036
114656
115392
115989
116022
116753
117375
118027
118114
118756
119513
120236
120480
120869
121528
121984
122113
122597
122763
123010
123158
123163
123567
124263
124901
124958
125698
125797
125889
126124
126385
126538
127449
128272
129258
129940
130760
131580
132394
132829
133750
134196
134854
135422
136172
136751
137518
138018
138917
138971
139834
140773
140867
140995
140998
141049
141271
141350
142224
142919
143364
144303
144463
144760
145020
145711
146359
147037
147347
148037
148952
149746
150040
150889
151338
151983
152730
153538
153945
154694
154875
155645
156238
156806
157465
157970
158380
158426
158963
159882
160351
160562
161336
162233
163031
163901
164281
164736
165561
165834
166243
166399
166730
166989
167431
168255
169042
169395
170314
171297
171524
171561
172280
173071
174045
174877
175244
175661
176390
176857
177194
177512
177956
177960
178240
178241
178995
179212
179369
179416
180240
180504
181403
181802
182226
183031
183670
183681
183856
184448
185104
185412
186059
186262
186463
187305
188143
188788
188996
189524
189680
189901
190228
190607
191357
192006
192200
192267
192478
192762
193183
193521
193973
194317
194857
195703
195800
196232
196309
196831
197056
197603
197712
198019
198989
199946
200180
200493
200494
200582
200977
201370
201552
201659
201769
202210
203046
203748
204212
205162
205510
206386
207164
208075
208470
209322
209769
209820
209972
210750
210991
211161
211352
211716
212198
212548
213011
213052
213143
213527
214391
214668
215498
216472
217401
217825
218626
219438
219690
220245
220372
220817
221356
222190
222738
222857
222959
223192
223953
224221
225108
225601
225809
226203
226918
227382
228372
228373
228514
229201
229862
229932
230539
231013
231688
231925
232749
233148
233628
234487
235398
235985
236968
237940
238206
239126
239896
240351
240737
241004
241796
242435
242440
242794
243367
244114
244229
244417
244527
245241
245550
245837
246697
247492
248452
248781
249381
249547
250068
250136
250313
250859
251537
251817
252318
253181
254149
254593
255300
256043
256748
257391
258276
258325
259265
259742
260557
261243
262182
262430
262626
263413
263432
263846
264508
264556
264768
265706
266588
266622
267606
267718
268642
269094
269253
270208
270913
271396
271653
272646
273614
273845
274251
274526
275128
275229
275285
275495
275537
275734
276654
276833
277064
277629
277670
278387
278446
278673
279343
280070
280494
281327
281644
281902
282400
283299
284261
285229
285918
285924
285940
286003
286057
286840
287546
288076
288332
288622
289298
290289
290294
291037
291671
291838
292789
293385
294138
294313
294439
294740
295406
296297
297290
297685
297708
298191
298450
298458
299081
299234
299549
299696
300533
301395
301620
301779
302068
302961
303220
303892
304653
304988
305023
305614
305946
306286
306583
307250
307327
307802
308716
309512
310279
310284
310849
311285
312277
313102
313875
314706
315335
316317
316730
316746
317006
317322
317366
317888
318384
318809
319358
320284
321249
321685
322287
322300
322671
323170
324094
324685
325352
325689
326503
327129
327859
328600
329569
329590
330262
330684
331032
331604
332499
333093
333803
334744
335214
335834
336158
336739
336846
337085
337101
337867
337913
338815
339143
339219
339527
339953
340388
340462
341126
341875
342435
342943
343449
344200
344700
344938
345931
346051
346570
347474
348434
349054
349069
350021
350628
350644
350883
351345
351610
352345
352783
353207
353711
353865
354399
354574
354893
355142
355458
355897
356891
357749
358678
359354
360142
360859
361141
361685
362438
362547
362943
363194
363694
364589
365449
365954
366064
366849
367429
368315
369285
369439
370368
370866
371567
372513
373006
373400
373950
374934
375343
376137
376487
377424
377617
378487
378625
379333
380142
380808
381009
381054
381168
382080
382352
383206
383993
384095
384946
385435
385658
386108
386316
386843
387594
387872
387957
387979
388845
389623
389903
390041
390262
390351
391122
391469
391826
392642
393547
393686
393821
394086
394137
394917
395722
396559
396997
397574
397629
398221
399107
399909
400863
401006
401551
402154
402320
402623
403496
404124
404307
405218
405862
406027
406257
406388
407326
408174
408272
409204
409916
410046
410275
411089
411924
412831
413565
414455
414517
414738
415583
416555
417208
417422
418038
418664
419374
419541
419933
420749
420801
421169
421192
422105
422364
422419
423024
423734
424725
424910
425829
426767
427413
427856
428025
428144
428507
429196
429560
430310
430871
431147
431763
431792
432615
433608
434556
435294
435441
436074
436804
437342
438107
438920
439092
439485
440395
441243
441276
442205
442408
442727
443421
443760
444083
444884
445866
446164
447158
447631
447650
447939
448389
448422
448793
449503
449773
450729
451011
451761
452237
452453
452880
453737
454160
455082
455709
456240
456339
456819
457170
457480
457782
458398
458909
459375
459765
460455
461029
461372
461501
461895
462668
463420
463587
463591
463640
463862
464261
465174
465411
465647
465786
465812
465867
466080
466198
466416
466616
466912
467187
467821
468028
468828
469745
469747
470068
470203
470552
470659
471514
472255
472507
472965
473145
473960
474596
475022
475820
476768
477470
478279
478427
478570
479146
479828
480369
480772
480969
481043
482013
482399
482929
483918
484048
484072
484228
485013
485049
485784
485825
486196
486203
486520
487189
487885
488775
489343
489540
490433
491005
491189
491422
491864
492271
492760
493255
493936
494743
494853
495101
495813
496629
497494
498489
499098
499932
500147
500271
500514
501327
501372
501912
502433
503175
504006
504675
505199
506177
507010
507565
507717
508041
508044
508750
509252
509751
509844
510809
511550
511663
511754
512025
512972
513679
513723
514148
514428
514656
514776
515070
515271
515964
516296
516507
516788
517003
517768
518113
518639
518644
518927
519127
519319
519709
520114
520731
521446
521581
522422
523377
524321
525085
525874
526678
526825
527664
528181
528323
528411
528840
529442
529463
530223
530570
531184
531489
531851
532249
532648
533226
534162
534999
535186
536171
536890
536974
537909
538694
538798
538961
539843
540468
540636
541533
542492
542843
542922
543224
543278
544216
544985
545748
546730
547089
547913
548083
548648
548931
549833
550138
550209
550993
551071
551531
552052
552226
552758
553328
553500
554313
554737
555414
555734
556133
556497
556773
556854
556931
557220
558028
558511
559440
559827
559829
560606
561422
562246
562439
562946
563654
563860
564078
564389
564796
565248
566082
566116
566186
566484
567023
567841
568550
569117
569629
569758
570666
570897
571257
572062
572132
572606
573038
573291
573830
574714
575051
575087
575502
575674
576292
576764
577716
577729
578087
578414
579061
579933
580539
580863
581725
581739
581950
582705
582860
583170
583578
584288
584708
585079
585949
586478
587387
587487
587529
587653
587779
588039
588348
589066
589559
590339
591033
591949
592656
593275
593639
593793
594541
595423
595868
596859
597701
598285
598603
599517
600253
600265
600396
601147
602059
602885
603400
603486
604369
604838
605299
606177
607031
607341
607467
607946
608439
609308
609342
609650
609998
609999
610784
611522
612354
613073
613175
613479
613934
614873
615252
615262
615344
615937
616745
616768
617702
618594
618768
619303
619477
620008
620853
621757
622658
623500
624056
624530
624601
625146
625607
626390
627285
627349
627942
628515
629087
629695
630119
630838
631582
632503
632938
633580
634207
634788
635045
635904
636896
637049
637214
637269
637308
637796
638652
638707
638758
639305
639545
640426
641404
642279
642462
642533
643428
643937
643975
644972
645169
645863
645985
646969
647508
648339
649062
649464
649778
650745
651176
651672
652661
652953
653825
653977
654814
655293
655304
655813
656560
656695
656934
657658
658231
658722
659360
659565
659629
659729
659871
659988
660762
660896
661207
662182
662269
662898
663679
663700
663919
664441
664481
664782
665466
665913
666250
667020
667613
667631
668374
668462
669289
669833
670733
670938
671762
672345
673265
674265
674539
675530
676294
677210
677718
678149
678902
679025
679608
679933
680089
680608
681506
681537
681851
682009
682904
683162
683754
683961
684771
684887
685084
685662
685789
686714
687264
688111
688718
689533
689773
689899
690700
691035
691546
691741
692045
693043
693613
694392
694622
694985
695124
695919
696122
696911
697312
697481
698313
698661
699270
699930
700527
701224
701894
702894
703064
703220
704163
704355
704455
704461
704737
705571
706432
707176
707618
707674
708061
708223
708558
709180
709967
710744
711705
712074
712500
713209
713410
713691
713709
713933
714311
714731
714945
715908
716033
716065
716763
717190
717608
718220
718433
718712
719025
719511
720085
720791
721529
721904
722369
722435
722748
722992
723275
723421
723806
724429
724869
725013
726006
726998
727865
728057
728081
728977
729352
730270
730448
730962
731909
732724
732725
733017
733955
734585
734906
734949
734992
735658
736376
737034
737379
737685
738187
738944
739885
740252
740364
741214
741806
741940
742226
742829
743019
743083
743920
744018
744394
744615
745004
745239
745795
746724
747409
748101
748852
749720
750219
750643
751022
751035
751241
751592
751738
752479
752979
753267
754081
754566
754661
754736
755236
755556
755814
756293
756506
756854
757204
757717
757938
758792
759445
759835
759938
760118
761108
761287
762097
762179
762580
763533
764526
765263
765346
765437
766244
766522
767162
767964
768029
768638
769115
769834
770746
771111
771598
772359
772425
772449
772693
773016
773443
774239
775176
775386
775892
776712
777234
777517
778001
778994
779776
780162
780831
781443
781542
782367
783062
783541
784380
784560
784656
785057
785536
785596
786230
787093
787799
787952
788925
789000
789485
790057
790293
791186
792152
792936
793747
793953
794260
795061
795251
795417
795814
796071
796702
797686
798490
798797
799630
800015
800195
800585
800958
801232
802019
802982
803276
803703
804164
805112
805673
805689
805735
806510
807364
807424
807691
807902
808750
809665
809735
809746
810673
810816
810869
811434
811563
811566
812294
812440
813315
814286
814376
815250
815542
816250
816879
816929
817564
818059
818218
818828
819536
820371
820783
821617
822018
822436
823159
823194
823342
824042
824396
824654
825259
826058
826923
827644
828621
829589
830301
830638
831298
831388
832351
832824
833546
834034
834344
834949
835311
835453
835804
835822
836102
836745
837384
838134
838955
839948
840237
840874
841388
841985
842097
842897
843332
843741
844114
844587
845218
845389
845999
846446
847125
847727
847963
848135
848539
848900
849791
850581
851421
851506
851926
852038
852652
853293
853443
854119
854995
855649
856626
857208
857478
858073
858577
858708
859383
859609
860358
860584
860992
861249
861473
862089
862305
862828
863007
863480
863693
864226
864560
865523
865732
866391
866930
867585
867869
867883
868258
868601
868882
869826
870595
871163
871946
872577
873124
873900
874103
874303
874896
875763
876468
876988
877564
878443
878768
879054
879642
880050
880729
881671
882380
883349
883919
884675
884873
885676
885996
886083
886327
886618
886842
887499
888480
888489
889135
889688
890488
890789
891605
892140
893125
893786
894198
894871
895268
895716
896311
896590
897056
897397
897437
897747
898745
899544
900436
901114
901783
902269
902710
903369
903525
904190
905106
905850
906833
907345
907417
908248
909150
909378
909985
910897
911653
912627
913235
913996
914991
915011
915935
916505
916744
917013
917019
917206
917836
918363
918641
919195
919860
919947
920917
921649
922485
923116
923554
923756
924175
925088
925575
925996
926841
927338
927913
927914
928215
928921
929279
929930
930656
930993
931853
932229
933008
933592
933941
934034
934258
934409
934417
935112
935653
935979
936826
937315
937799
938091
938973
939082
939592
940176
940960
941257
941636
942513
943192
943493
944194
944536
944927
945492
945669
946644
947433
947957
948659
949182
949521
949774
950535
950836
950892
951040
951584
952163
953090
953886
953980
954525
954758
955219
955706
956326
957323
958181
958223
958787
959742
960485
960921
960947
961001
961231
961377
962375
963030
963688
964303
964922
964952
965075
965232
965371
965664
965958
966266
966597
967336
967804
968349
968583
968682
969001
969991
970677
971131
971220
971764
972092
972512
972578
972619
972723
973007
973659
974019
974583
975460
975715
975951
976718
977069
977105
977232
977819
978012
978695
978720
979016
979734
980415
981167
982137
982229
982778
983154
983964
984340
985032
985603
985649
986131
986965
987813
988473
988750
989325
989784
989872
990805
991396
991541
992301
992861
993686
994509
994571
994815
995361
995704
995888
996549
997045
997710
998375
998599
999326
999646
1000256
1000387
1000587
1000859
1000877
1001450
1001815
1002343
1002871
1003553
1003673
1004453
1005383
1005524
1005760
1006232
1006579
1007379
1007536
1007961
1008119
1008204
1008381
1009044
1009438
1009758
1010593
1011043
1011132
1012011
1012841
1013163
1013826
1014635
1015217
1015404
1016225
1016922
1017532
1017931
1018053
1018489
1019138
1019878
1019957
1020891
1020989
1021799
1021903
1022317
1022948
1023608
1023807
1024620
1024766
1025016
1025200
1025478
1026160
1026311
1027257
1027814
1028574
1029472
1029734
1029836
1030465
1031261
1031857
1031997
1032184
1033039
1033287
1034086
1034971
1035178
1035785
1036290
1037285
1037595
1038295
1038517
1039021
1039183
1039788
1040285
1041270
1042110
1042436
1042723
1043040
1043511
1044178
1044683
1045494
1046397
1047095
1047765
1048322
1048445
1048459
1049135
1049956
1050142
1050263
1050610
1051022
1051570
1052389
1052730
1052837
1053097
1053888
1053893
1054207
1054418
1054960
1055029
1055278
1055538
1056494
1057321
1057885
1058047
1058660
1059558
1059828
1060572
1061222
1061412
1061804
1062036
1062583
1062992
1063211
1063647
1064155
1064818
1065757
1066096
1066781
1066847
1066965
1066967
1067965
1068400
1068583
1068715
1069250
1069484
1069809
1070037
1070705
1070710
1071310
1071616
1072613
1073297
1073635
1073938
1074389
1074838
1074982
1075693
1075933
1076834
1077200
1077753
1078001
1078149
1078633
1079150
1079607
1079693
1080669
1081637
1082356
1082973
1083337
1083504
1084038
1084112
1084329
1084754
1085360
1085953
1086335
1087053
1087394
1087890
1088457
1088666
1089635
1089865
1090618
1091265
1091930
1092890
1093348
1094106
1094394
1095030
1095692
1096675
1097369
1098356
1099322
1099477
1099932
1100716
1101554
1102087
1102893
1103662
1104344
1104406
1104823
1105624
1106256
1106326
1106679
1107191
1108169
1108911
1109603
1110046
1110370
1111326
1111693
1112067
1112372
1112712
1113385
1114045
1114388
1114937
1114940
1115266
1115909
1116566
1116784
1117201
1117579
1117881
1118855
1119643
1120477
1121245
1121929
1122032
1122716
1122838
1123215
1123230
1123744
1124646
1125640
1125677
1126466
1126896
1127512
1127701
1128665
1129539
1129837
1130257
1130875
1130945
1131195
1132021
1132105
1132807
1133463
1133929
1134581
1135113
1135549
1136030
1136430
1136531
1137146
1137969
1138958
1139604
1140418
1140449
1140651
1141257
1141495
1142423
1143346
1143444
1143964
1144729
1144791
1145328
1145803
1146219
1146259
1146491
1147120
1147122
1147798
1148041
1149027
1149859
1150782
1151171
1151858
1152681
1153618
1154452
1154603
1155414
1155966
1156891
1157630
1157770
1158672
1159560
1160063
1160687
1160797
1161102
1161841
1162666
1163557
1163769
1164583
1164940
1165255
1165952
1166786
1167231
1167413
1167566
1167734
1168704
1168943
1169844
1170079
1171021
1171135
1171659
1171922
1172344
1172751
1172941
1173451
1174021
1174351
1174763
1175360
1176311
1177209
1177406
1178063
1178263
1178268
1178990
1179347
1180165
1180506
1180549
1181328
1182031
1182723
1182894
1183481
1184422
1185381
1185699
1186531
1186665
1186774
1187500
1187798
1188368
1188629
1189424
1189547
1189566
1189803
1190606
1190914
1191107
1191801
1192565
1193196
1193539
1193787
1194518
1194776
1195344
1195411
1196374
1196869
1197582
1198429
1198815
1198937
1199802
1200661
1201112
1202012
1202774
1203262
1203972
1204484
1205267
1205665
1206036
1206768
1206966
1207953
1208625
1209034
1209628
1210372
1210669
1211105
1212048
1212705
1213009
1213377
1214239
1214830
1215720
1216357
1217312
1218178
1218899
1219370
1219456
1219680
1219807
1220512
1221229
1221421
1221545
1222198
1222561
1223525
1223859
1223973
1224259
1225035
1225084
1225163
1225634
1226125
1226672
1227003
1227405
1227889
1227935
1228658
1229518
1229846
1230783
1231492
1232321
1233045
1234031
1234251
1234298
1235117
1235404
1235568
1235868
1236734
1237052
1237302
1238123
1238697
1238904
1239464
1239767
1239851
1240282
1240852
1241836
1242551
1243305
1244014
1244459
1244682
1245045
1245734
1246065
1246160
1246381
1247203
1248194
1248686
1249550
1250249
1250800
1251771
1252131
1252140
1252333
1252819
1253682
1253796
1253867
1254410
1255242
1255651
1256284
1257128
1257660
1257739
1258570
1258659
1258760
1259392
1259510
1260496
1260585
1261286
1261320
1261648
1262399
1262504
1262724
1263355
1263797
1263864
1264141
1264176
1264831
1265331
1266069
1266700
1267626
1268438
1268543
1269257
1269714
1270702
1271371
1271433
1271479
1272201
1272725
1272961
1272971
1273494
1274073
1274180
1274905
1275759
1276079
1276260
1277173
1277633
1278515
1279184
1279477
1280446
1280448
1281223
1281906
1282679
1282739
1282776
1283213
1283731
1284672
1284969
1285453
1286338
1286607
1287111
1287277
1287619
1288056
1288741
1289338
1289901
1290138
1290594
1291519
1291974
1292941
1293542
1294286
1294658
1294834
1295623
1295787
1295898
1296770
1297418
1298101
1298863
1299457
1300137
1300422
1300703
1301424
1302140
1302652
1302903
1303804
1304197
1304551
1304841
1305103
1305804
1306044
1306211
1306933
1307581
1307843
1308313
1309154
1309210
1309294
1310018
1310891
1311410
1311528
1312193
1312337
1312982
1313506
1313778
1314272
1314999
1315582
1315906
1316423
1316892
1317427
1317571
1318109
1318315
1318711
1319027
1319849
1320160
1321037
1321564
1322072
1322497
1322634
1323057
1323422
1323550
1324141
1324291
1325211
1325644
1326375
1327285
1327435
1327960
1328583
1328868
1328870
1329561
1330258
1330466
1331183
1331331
1331785
1331866
1332545
1333411
1334067
1334623
1335292
1335780
1335956
1336346
1337055
1337661
1337739
1337875
1338054
1338731
1339358
1340010
1340351
1340504
1340779
1341718
1341981
1342144
1343141
1343651
1344585
1344699
1345132
1345338
1345581
1346295
1346965
1347848
1348635
1349270
1350199
1350224
1351009
1351203
1351334
1351963
1352378
1352820
1352915
1353865
1354283
1354675
1355317
1356242
1356246
1356621
1356891
1357336
1358143
1358798
1358909
1359712
1360519
1361149
1361925
1362168
1362243
1362704
1363554
1364096
1364464
1364638
1365527
1365796
1365858
1366427
1366647
1367581
1367821
1368356
1369309
1370043
1370898
1371588
1371662
1372197
1372654
1372783
1372986
1373648
1373930
1374284
1374291
1374325
1374923
1375222
1375311
1376112
1376766
1377594
1378529
1378989
1379168
1379208
1379806
1380152
1380689
1381521
1382377
1383203
1383218
1384204
1384460
1384790
1385612
1385645
1386274
1386402
1386865
1387515
1387960
1388306
1388657
1389144
1389647
1389807
1390166
1390847
1391768
1391788
1392349
1392811
1392935
1393079
1393164
1393200
1393580
1393637
1393721
1393947
1394100
1395007
1395406
1396037
1396621
1397451
1397472
1397493
1398187
1398631
1399027
1399407
1400144
1400329
1400636
1401319
1402128
1402610
1403491
1404338
1405183
1405358
1405476
1405571
1405618
1405710
1406692
1407365
1407732
1407994
1408920
1409741
1409757
1410074
1410618
1411472
1411709
1411801
1412147
1412424
1412816
1413275
1413493
1414034
1414434
1414847
1414978
1415838
1416572
1417087
1417851
1417904
1418014
1418563
1419172
1420144
1420435
1421068
1421182
1421686
1421790
1422685
1422721
1423536
1423896
1424203
1424452
1425282
1425961
1426483
1426806
1426810
1427155
1427382
1427676
1427698
1428310
1429141
1429932
1430147
1430765
1431145
1431606
1432029
1432970
1433761
1434224
1434397
1435169
1436040
1436528
1437156
1437539
1438408
1438474
1438802
1439115
1439403
1440175
1440344
1441151
1441518
1442428
1443195
1443783
1444153
1444815
1445719
1446074
1446343
1446414
1446644
1447613
1448298
1448685
1449418
1450291
1450779
1451221
1451841
1452525
1452727
1453512
1454326
1454964
1455360
1455750
1456440
1457210
1457521
1457554
1458252
1459022
1459328
1459588
1459881
1460198
1460335
1460707
1461619
1462274
1463097
1463607
1464209
1464835
1465005
1465950
1466224
1466244
1466648
1467456
1468394
1468579
1468908
1469042
1469794
1470427
1470606
1470643
1471391
1471708
1471761
1472179
1473055
1473722
1473977
1474807
1475001
1475101
1475254
1475687
1475744
1476498
1477469
1478290
1478724
1479545
1480187
1480487
1481172
1481738
1482249
1482457
1483042
1483956
1483991
1484702
1485169
1485880
1485905
1486743
1487427
1487514
1487703
1488179
1488477
1488923
1489480
1490450
1491018
1491216
1491848
1491982
1492594
1493091
1494071
1495029
1495785
1496113
1496442
1496874
1497068
1497174
1497464
1497632
1498537
1498863
1499709
1500573
1501205
1502053
1502975
1503234
1503530
1504202
1504947
1505177
1505777
1506581
1507269
1508262
1508672
1508936
1509407
1509434
1509560
1510412
1511394
1511982
1512186
1512271
1512735
1513452
1513645
1513908
1513965
1514133
1514967
1515537
1515915
1516768
1517142
1517849
1518707
1519701
1519706
1520518
1520846
1521168
1521750
1521768
1521799
1522138
1522644
1523427
1524154
1525084
1525494
1526359
1526584
1526962
1527043
1527255
1528108
1528132
1528809
1529634
1530543
1530888
1531704
1532189
1532936
1532979
1533469
1533600
1534545
1535360
1536177
1536317
1537229
1537347
1537360
1538295
1538482
1539248
1540200
1541188
1541661
1542362
1543301
1543940
1544617
1545358
1545490
1545854
1545898
1546391
1546871
1547239
1548129
1548691
1549544
1550450
1551332
1551720
1552434
1553118
1553755
1554504
1554648
1555444
1555645
1556547
1557052
1557682
1558335
1559038
1559895
1560109
1560244
1560323
1560580
1561571
1562305
1562718
1563300
1563669
1564257
1565161
1565832
1566406
1566813
1567574
1568125
1568601
1569377
1569801
1570107
1570847
1571666
1571689
1572439
1572828
1573199
1573264
1573890
1574687
1575537
1575730
1576526
1577113
1577599
1577929
1578063
1578282
1578375
1579191
1579280
1579809
1580491
1581018
1581220
1581858
1582769
1583664
1584504
1584822
1585764
1586124
1586610
1587226
1587987
1588176
1588550
1588900
1589301
1589821
1590382
1590823
1591184
1591546
1592517
1592873
1593256
1593500
1594493
1594510
1595492
1595651
1595769
1596442
1596943
1597006
1597571
1597790
1598445
1598861
1599761
1599985
1600037
1600043
1600822
1600925
1601412
1601769
1602485
1602571
1603340
1603842
1604129
1604380
1605175
1605335
1606040
1606394
1607011
1607279
1608048
1608605
1609073
1609265
1609621
1610324
1610530
1610835
1611243
1611492
1611549
1612453
1612935
1613099
1613871
1614453
1614599
1615549
1615668
1615935
1616255
1617175
1617500
1618418
1618726
1619434
1620218
1621129
1621594
1621752
1622230
1622776
1623160
1623987
1624537
1625511
1625650
1626152
1626637
1627096
1627809
1628743
1628925
1629219
1629433
1629449
1629960
1630578
1631208
1631335
1631795
1631934
1632269
1632814
1633244
1633940
1634193
1634401
1634830
1634941
1635339
1636216
1637144
1637464
1638266
1639011
1639388
1640169
1640205
1641128
1641242
1641970
1642677
1643557
1643616
1643954
1644554
1644705
1645196
1645665
1646536
1647294
1647396
1648186
1648328
1649032
1649084
1649589
1650564
1650688
1650704
1651567
1652137
1652362
1652868
1653340
1653667
1654343
1655040
1655691
1655958
1656741
1657124
1657595
1657695
1657942
1658380
1659370
1659573
1659645
1659681
1660242
1660290
1660344
1660762
1661388
1661862
1662761
1663429
1663445
1664091
1664466
1664473
1665429
1666217
1667124
1667711
1668476
1668550
1668560
1668779
1669386
1669962
1670359
1671234
1671875
1672604
1673352
1674283
1674992
1675123
1676063
1676776
1677037
1677396
1678032
1678509
1679432
1679774
1680718
1681429
1681752
1682741
1683680
1684405
1685267
1685959
1686567
1687389
1687818
1687861
1688415
1689322
1689335
1689518
1690133
1690608
1691230
1691617
1692079
1693053
1693600
1693751
1694735
1695606
1696208
1696888
1697303
1697670
1697968
1698532
1699180
1699658
1700552
1700563
1701285
1702235
1702402
1703325
1703443
1703763
1704434
1704772
1705363
1705477
1705983
1706900
1707688
1708304
1708778
1708891
1709664
1709792
1710331
1711003
1711998
1712617
1713078
1713237
1713476
1714023
1714028
1714252
1715102
1715401
1716202
1716925
1717491
1718118
1719080
1719336
1719671
1720514
1720938
1721900
1721983
1722091
1722175
1723081
1723407
1723575
1724326
1724852
1725114
1725690
1726541
1726959
1727690
1728458
1729091
1729554
1729844
1730599
1731370
1731849
1731862
1732741
1733586
1733718
1734000
1734237
1735171
1735636
1736513
1736552
1737217
1737970
1738371
1738533
1738781
1739037
1739387
1739666
1740074
1740972
1741056
1741366
1741450
1741544
1742000
1742708
1742759
1742860
1743345
1744071
1744556
1744660
1745391
1746026
1746378
1747245
1747356
1747463
1747734
1748239
1748747
1749437
1749765
1750167
1750343
1751036
1751284
1751450
1751739
1752195
1752900
1753182
1753832
1754674
1754986
1755577
1755861
1756668
1756768
1757480
1757628
1758223
1758297
1759261
1759875
1760857
1760864
1761807
1761892
1762650
1762812
1763407
1763794
1764059
1764929
1765859
1766371
1766615
1767104
1767355
1768171
1768343
1769124
1770081
1770417
1771068
1772029
1772341
1772536
1773351
1773615
1773729
1774438
1775342
1775597
1776429
1776891
1777723
1778136
1778926
1779502
1779570
1779977
1780845
1781197
1781720
1782188
1783004
1783333
1783848
1784491
1784900
1785541
1786435
1787086
1787121
1787127
1787203
1787792
1787841
1788563
1789517
1789605
1790424
1790697
1791122
1791822
1792298
1793085
1793823
1794080
1794699
1795187
1796067
1796468
1797149
1797937
1798174
1798980
1799822
1800370
1801143
1801579
1802157
1802860
1803537
1803598
1803864
1804328
1805177
1806006
1806888
1806947
1807039
1807194
1808041
1808574
1809386
1809775
1810622
1811383
1811875
1812256
1812919
1813202
1813663
1814421
1815404
1815955
1816731
1817169
1817679
1818073
1818639
1819002
1819780
1820644
1820696
1821031
1821276
1821353
1821965
1822514
1823271
1823768
1824036
1824437
1825004
1826001
1826537
1827488
1827673
1828462
1828568
1829420
1829980
1830290
1831042
1831308
1831853
1832513
1832795
1833100
1833375
1834045
1834282
1835152
1835952
1836499
1836830
1837140
1837336
1837866
1838127
1838722
1838877
1838910
1839617
1840338
1841211
1841398
1842092
1842417
1843169
1843204
1843585
1843660
1844552
1845356
1846332
1846714
1847449
1848412
1848598
1848836
1849438
1850301
1851001
1851083
1851363
1852203
1852773
1853109
1854031
1854451
1854520
1855446
1856192
1856963
1857888
1858125
1858669
1859593
1859880
1859927
1860114
1860234
1860448
1860801
1861239
1861508
1862039
1862901
1863865
1864369
1864507
1864619
1865589
1866334
1866953
1866989
1867438
1867866
1868563
1869484
1869875
1870057
1870909
1871762
1872621
1872747
1873270
1874252
1874409
1875018
1875092
1875752
1876741
1877150
1877618
1877920
1878448
1878614
1879046
1879221
1880152
1880714
1881450
1881555
1882032
1882599
1882952
1883047
1883470
1883938
1884092
1884749
1885284
1885855
1886557
1887013
1887536
1887625
1888105
1889055
1889300
1889894
1890727
1891340
1891700
1891849
1892809
1893688
1893866
1894448
1895445
1896445
1896975
1897517
1898329
1899322
1899424
1900268
1900666
1900950
1901247
1901365
1901564
1901930
1902433
1902632
1903454
1904141
1904608
1904835
1905201
1906127
1906877
1907356
1908343
1909276
1909459
1910191
1910812
1911673
1912481
1913161
1913677
1914294
1914544
1914682
1915398
1915821
1916754
1917536
1918395
1918401
1918656
1919349
1919656
1919960
1920241
1920469
1920549
1920561
1920935
1921138
1921537
1922323
1922857
1923250
1923745
1924594
1924821
1925194
1925343
1926128
1926375
1927148
1927306
1928199
1928458
1928634
1928893
1929085
1929239
1930029
1930235
1931172
1931473
1931648
1931671
1932487
1933058
1933520
1933892
1933984
1934858
1934967
1935766
1936646
1936859
1936943
1937043
1937485
1937748
1938673
1939075
1939964
1940278
1941041
1941073
1941180
1942116
1942141
1942751
1943102
1944069
1944338
1944786
1945102
1945771
1945797
1946790
1946990
1947014
1947603
1948564
1948796
1949272
1949911
1950579
1951204
1951558
1951648
1952085
1953004
1953197
1953730
1954260
1954521
1954710
1955351
1956043
1956097
1956512
1956694
1957037
1957788
1958506
1958519
1958554
1958749
1959500
1959586
1960307
1960635
1960663
1961372
1961418
1962016
1962254
1962839
1962866
1963436
1964399
1964805
1965256
1965417
1965660
1965817
1966344
1966732
1966755
1967557
1968529
1969510
1970020
1970156
1970841
1971289
1971332
