La primera linea indica la cantidad de minutos a considerar (n). Luego vienen n lineas que corresponden a los x_i, y luego los n valores que corresponden a la funcion f(.):
5000
322
342
67
188
296
165
73
440
72
198
372
477
405
27
109
25
50
263
199
195
428
308
480
493
128
79
286
432
141
332
338
109
150
210
320
15
192
323
132
178
397
438
210
376
347
336
178
493
145
145
477
113
451
116
425
360
485
47
321
358
424
415
197
207
164
246
108
293
286
111
222
443
225
15
142
281
314
138
65
12
478
281
18
442
238
495
355
337
285
483
92
302
441
346
280
493
327
180
41
202
6
214
336
228
40
331
363
457
319
311
308
371
123
308
491
241
325
19
216
355
467
304
8
179
20
2
311
493
325
77
495
370
194
386
481
418
486
351
48
241
181
252
240
41
174
330
255
224
462
499
304
475
30
172
68
287
35
349
352
404
439
180
478
171
16
35
195
408
120
317
118
4
21
327
445
224
47
20
247
456
232
406
427
208
292
260
471
394
357
235
129
119
239
476
385
456
474
390
427
28
322
428
310
385
99
127
413
213
268
345
363
382
78
208
447
14
365
99
208
100
401
423
241
272
476
278
456
44
343
414
151
293
265
352
3
431
198
218
320
486
281
82
399
344
201
463
9
456
130
86
187
271
262
464
342
456
304
443
482
290
343
235
50
248
297
21
313
255
83
253
220
442
460
355
226
367
85
446
452
183
43
73
385
475
378
292
139
98
478
349
255
87
195
207
49
109
5
12
416
350
390
181
81
451
235
384
83
430
145
418
138
86
53
92
409
495
281
128
96
340
86
67
376
343
83
121
61
240
56
369
141
99
461
395
45
320
268
129
230
429
173
461
223
146
402
324
225
431
455
462
94
434
86
176
314
118
231
319
28
399
290
262
223
214
431
231
113
289
370
410
414
290
80
87
193
442
147
445
486
337
330
55
422
5
451
386
186
220
426
346
349
331
95
109
18
290
112
8
485
329
485
74
135
170
448
201
310
58
299
169
105
359
312
213
356
187
158
309
308
187
267
73
157
292
91
494
488
170
407
132
289
300
489
94
326
278
314
128
77
179
98
216
125
381
371
196
201
1
196
460
226
468
380
274
494
468
285
144
351
375
403
224
102
278
319
404
284
467
445
161
329
38
220
139
157
225
117
189
271
68
306
355
217
38
282
214
199
149
486
452
454
441
90
104
156
72
124
309
483
475
218
342
314
72
455
205
171
302
432
12
394
496
413
88
73
327
236
274
76
302
443
425
319
246
109
329
213
260
178
457
426
127
140
230
195
412
49
248
104
248
268
196
351
264
20
133
211
386
447
308
287
59
60
156
8
156
130
68
143
348
254
351
329
178
459
84
377
225
341
123
233
3
467
302
79
240
316
383
475
215
178
240
153
19
218
472
107
324
75
130
368
201
63
287
219
276
213
412
259
244
236
119
438
136
205
138
51
463
155
475
324
275
125
72
492
404
115
263
267
155
473
4
431
472
124
440
323
388
298
496
222
282
86
99
243
319
233
423
177
106
36
87
281
390
382
314
299
205
353
104
109
434
119
380
181
374
439
327
357
178
33
23
77
428
305
481
417
291
171
323
159
269
436
298
116
160
229
224
189
3
17
492
331
352
149
375
428
62
44
315
137
33
423
352
372
332
364
175
453
44
336
209
386
381
26
38
250
4
185
500
110
166
422
272
181
476
70
223
421
91
149
50
243
342
337
61
81
140
248
363
363
185
55
400
428
397
251
121
149
474
345
424
246
179
156
83
416
299
345
194
155
454
238
116
40
365
351
66
255
336
23
252
443
385
383
327
343
359
494
34
9
440
247
233
422
266
66
468
361
70
355
296
392
490
99
85
357
58
412
393
216
83
302
49
405
310
87
346
193
381
411
469
17
283
175
62
313
492
237
374
271
427
292
399
180
291
230
376
298
64
337
73
312
495
448
473
495
101
71
190
370
116
160
294
390
386
98
372
345
248
182
158
29
277
172
367
52
367
275
22
213
437
210
129
487
345
491
304
240
208
309
9
42
374
186
286
302
263
209
330
234
476
435
326
347
356
460
31
122
445
79
69
283
14
438
416
342
200
174
121
287
146
81
48
327
176
95
300
485
86
60
317
204
38
152
273
417
483
226
385
196
258
304
393
463
458
327
465
151
128
186
351
234
289
393
62
417
259
411
129
35
227
37
496
260
118
228
168
124
483
431
96
383
242
224
148
131
145
408
61
380
50
186
180
421
234
218
445
160
35
30
197
469
256
296
238
264
243
33
31
497
328
359
175
321
79
314
122
294
130
427
128
245
267
334
466
172
291
354
134
239
290
361
30
103
486
464
195
436
487
353
485
421
362
151
215
381
458
379
430
106
31
155
498
270
2
490
128
26
170
407
22
374
423
174
366
107
216
250
199
416
337
173
83
128
278
307
143
467
172
72
450
206
293
69
465
491
386
286
36
320
124
288
331
299
359
263
92
345
332
389
472
195
278
95
230
22
487
402
246
325
398
310
200
356
161
293
140
96
257
31
131
448
36
99
482
458
29
389
241
474
293
203
367
87
83
489
111
490
253
195
446
413
499
73
257
462
239
209
350
18
407
370
113
110
325
299
43
468
87
350
130
461
472
459
308
64
105
397
417
4
264
308
334
150
6
299
479
40
228
64
354
433
367
421
65
116
68
151
336
430
321
224
7
431
134
169
397
441
358
207
188
129
243
405
326
226
33
152
274
423
26
298
415
214
226
67
44
429
173
63
131
5
261
286
257
61
211
70
155
249
75
68
248
343
305
7
302
499
132
55
99
292
394
476
23
98
444
400
473
324
404
41
12
300
492
196
429
480
464
394
66
363
71
148
161
450
360
77
477
368
66
242
453
63
146
7
6
144
430
169
364
130
158
413
344
342
246
386
461
127
406
326
314
247
297
311
487
386
214
59
478
452
7
306
211
185
257
37
158
100
463
468
169
346
200
191
55
264
481
156
204
277
101
376
98
185
81
457
380
136
119
71
229
372
395
157
213
207
332
411
161
14
248
338
133
206
177
441
456
184
296
100
190
276
157
348
135
58
386
96
93
398
338
89
200
346
240
90
14
275
396
158
430
212
338
6
478
1
361
483
109
256
50
123
76
356
98
186
47
280
379
366
483
211
219
165
137
457
258
330
320
429
443
229
24
234
374
208
38
243
194
253
36
271
452
296
96
414
221
313
26
13
356
446
416
302
497
236
438
1
303
53
192
286
406
488
368
258
232
439
328
151
142
132
358
483
407
443
262
466
410
237
236
484
391
270
326
440
212
295
277
8
369
456
189
462
114
424
22
252
47
19
193
245
275
300
431
379
480
452
136
51
120
388
313
425
394
148
428
349
2
460
86
303
99
30
264
249
277
295
466
137
497
403
116
458
500
206
132
118
232
58
412
234
244
231
36
65
165
33
329
476
24
51
287
339
484
453
497
16
470
130
187
327
12
87
270
162
220
474
438
64
252
227
109
265
33
396
343
86
87
419
240
364
60
189
91
424
418
498
345
393
233
90
448
432
490
465
271
282
427
156
229
212
366
11
102
164
233
435
14
107
252
364
131
59
37
129
205
86
63
427
70
209
400
211
480
454
421
97
497
467
334
206
341
375
272
384
23
351
65
487
66
75
177
107
35
289
249
319
13
207
245
351
188
146
318
131
318
270
317
220
215
363
354
76
469
435
16
412
207
270
262
141
280
38
258
350
140
243
8
134
196
334
407
246
164
90
196
429
257
85
216
5
127
117
148
192
7
235
457
240
11
145
403
107
229
203
219
47
85
356
218
25
302
364
335
122
452
5
404
276
352
339
457
220
63
363
21
322
254
389
322
104
317
52
248
276
88
343
244
129
472
104
33
460
17
463
347
191
51
460
163
213
254
106
327
379
207
97
240
246
69
156
304
211
74
432
178
267
425
223
109
22
326
190
165
164
412
323
370
101
365
368
155
315
214
345
464
324
228
405
480
7
311
300
280
231
88
203
198
308
63
457
297
267
299
69
461
177
128
86
292
380
233
122
362
312
416
32
389
184
135
150
113
27
189
348
235
194
169
323
83
12
369
139
93
11
206
132
76
313
444
54
294
463
85
450
362
447
388
408
455
482
311
441
66
178
63
99
215
331
106
94
416
196
191
357
462
444
397
131
62
9
393
422
263
478
143
192
40
301
174
257
313
217
496
400
315
473
95
137
431
444
217
64
415
217
258
123
449
218
12
402
388
155
442
284
89
139
276
109
162
152
417
346
415
72
146
473
182
81
195
465
380
62
257
378
447
352
2
292
138
157
87
91
400
59
127
494
54
429
15
391
163
322
240
53
373
332
161
327
325
166
473
388
394
413
402
365
448
90
441
435
498
295
107
143
111
425
151
469
256
250
351
357
147
10
275
236
487
450
219
485
149
469
193
432
85
498
260
355
50
240
109
475
305
397
478
142
285
201
466
37
443
193
363
343
235
115
108
428
85
37
357
373
334
68
399
337
27
67
319
43
425
338
32
345
197
142
48
475
185
66
261
455
3
439
345
288
230
439
86
260
374
303
160
155
413
359
485
40
493
155
496
162
93
1
158
433
349
321
353
50
327
400
39
22
422
431
348
12
61
445
31
334
434
253
208
94
305
29
423
3
176
267
449
137
353
469
158
99
12
446
130
377
320
201
171
65
375
146
466
16
337
61
213
154
378
330
232
289
238
84
81
125
416
158
252
492
91
23
122
11
259
68
317
463
215
174
203
265
89
43
79
146
301
355
327
37
434
302
19
214
285
392
408
413
115
446
193
441
298
417
391
331
211
235
439
412
284
182
241
149
249
217
409
179
298
388
142
455
452
45
422
375
54
107
285
400
256
36
107
163
132
117
469
473
284
479
14
61
401
487
443
158
344
120
461
412
109
146
366
384
321
160
47
80
411
261
364
492
181
114
475
370
386
146
445
231
119
257
479
448
468
35
480
341
21
319
40
182
36
145
104
444
219
3
58
496
452
366
410
397
456
497
355
362
490
409
394
66
72
442
150
475
21
453
189
217
19
285
6
29
164
39
181
143
470
271
332
381
229
292
324
419
480
227
415
92
291
214
214
407
64
254
281
124
10
486
102
216
33
192
43
316
83
289
179
166
307
90
437
403
127
79
333
329
431
308
33
18
96
492
250
258
255
410
35
376
313
252
475
371
333
485
133
281
174
238
84
253
220
179
98
299
134
20
116
204
434
382
90
486
35
468
37
124
295
6
189
65
465
26
64
477
345
189
441
360
5
316
34
47
74
362
460
408
458
236
191
70
464
59
148
348
387
21
45
180
82
309
459
185
153
74
80
338
187
353
491
408
56
4
267
180
475
320
36
462
486
401
375
135
334
110
155
357
339
321
171
478
453
46
286
497
383
150
183
268
98
228
118
263
78
372
119
495
361
31
343
431
203
294
197
127
276
220
66
203
451
81
288
148
245
88
144
71
348
212
47
343
104
193
19
402
128
398
454
105
49
220
260
356
7
17
399
299
105
340
462
208
169
483
35
204
296
303
172
490
319
144
113
88
16
354
319
200
347
31
142
223
59
397
372
399
87
256
142
127
240
462
472
50
186
284
26
21
485
259
324
162
373
316
422
298
440
109
481
405
286
267
367
22
204
227
136
417
209
322
146
256
472
318
362
279
101
417
257
107
398
380
195
470
492
235
478
267
27
121
331
384
88
282
165
73
337
342
410
91
459
404
476
104
451
360
67
356
371
137
118
290
142
94
153
490
188
83
6
303
110
402
430
360
242
318
489
279
242
9
182
127
197
430
59
362
65
392
160
261
69
273
132
192
396
393
149
27
98
367
237
439
94
175
167
58
365
267
286
190
116
349
339
41
272
386
223
362
398
240
475
326
135
402
357
41
69
451
354
448
81
386
70
83
487
364
234
162
139
163
159
39
73
83
34
240
314
440
305
187
341
248
193
391
374
73
37
490
368
48
9
482
163
401
477
166
161
251
34
486
385
207
333
486
144
168
436
440
189
114
417
287
240
268
77
98
212
199
367
231
75
429
157
187
240
260
377
80
11
379
356
315
72
7
85
69
387
100
314
267
115
120
329
327
165
81
110
495
363
425
237
239
21
26
144
401
236
18
128
164
224
487
188
275
389
93
293
492
477
53
287
459
83
433
480
204
269
35
374
451
30
17
423
264
468
444
28
316
128
235
214
217
305
125
173
499
324
208
260
448
62
370
31
325
330
485
470
356
132
86
20
70
296
462
426
403
63
303
214
482
347
101
410
499
198
225
165
152
69
208
422
260
243
455
221
427
485
167
151
69
138
110
87
92
449
205
145
332
431
384
388
384
166
488
304
337
466
368
142
230
485
428
495
489
205
304
201
430
58
397
19
461
256
226
188
378
193
227
245
170
352
497
208
155
461
406
293
95
10
222
384
18
207
136
44
335
108
462
481
381
234
466
50
49
284
463
331
231
116
16
344
232
203
196
286
87
13
394
284
73
169
437
449
53
375
191
29
184
224
243
324
169
98
155
335
219
139
256
230
246
209
366
338
481
334
188
456
387
85
222
161
428
374
490
407
411
253
291
200
56
253
322
242
486
308
243
231
78
156
366
17
6
140
455
95
14
155
461
296
116
254
330
493
146
62
192
70
167
33
314
116
110
5
35
190
171
362
393
64
301
159
209
186
151
98
34
15
456
445
427
498
329
53
439
127
136
16
19
3
400
162
143
271
97
126
500
241
249
51
296
438
181
262
218
213
176
282
397
152
377
77
288
455
198
285
40
283
107
299
457
99
220
389
283
148
153
230
293
173
444
290
342
273
304
375
473
212
354
151
284
290
64
467
382
355
492
258
224
10
257
203
130
483
412
390
434
190
185
450
42
17
327
257
459
387
140
206
139
327
348
109
484
224
236
367
104
208
390
111
289
61
282
390
310
176
329
276
350
143
41
319
61
435
320
363
283
454
322
491
245
461
382
234
405
488
331
101
219
377
85
68
12
424
274
280
372
116
392
461
317
39
318
244
194
202
347
281
350
389
345
146
317
297
157
465
74
326
279
489
25
426
95
312
79
304
416
414
257
496
416
397
191
447
112
85
324
487
292
285
241
52
314
76
276
500
204
258
145
466
227
103
245
4
80
491
261
116
277
300
97
33
294
357
122
145
365
22
4
238
20
255
482
19
166
275
474
353
309
481
79
385
19
209
116
31
198
330
340
83
482
334
294
118
3
123
171
423
468
340
390
211
189
66
367
431
435
341
237
114
483
356
83
365
188
375
41
145
375
101
57
465
414
107
26
306
202
149
223
13
229
50
325
59
255
357
411
56
117
333
287
247
162
136
370
282
321
193
233
325
379
248
176
383
293
487
404
69
121
426
412
91
477
283
75
265
462
5
272
295
386
291
42
303
85
455
390
205
58
175
177
20
495
379
382
28
438
159
75
112
35
187
125
375
26
181
273
26
144
110
359
380
434
196
476
219
201
440
29
473
182
132
193
245
101
107
429
408
323
362
487
337
276
199
470
470
439
192
213
161
75
397
141
94
386
451
377
88
84
313
403
181
35
313
195
322
28
356
163
267
482
111
408
102
418
257
58
107
374
232
307
466
329
147
357
92
476
465
222
374
94
477
237
331
310
71
218
383
359
272
107
125
395
51
252
339
488
367
219
130
385
26
9
450
222
338
20
254
385
232
258
427
117
260
147
61
289
139
355
494
307
421
451
309
390
232
218
83
39
117
71
365
353
153
467
187
491
289
172
287
275
409
159
27
57
414
188
265
36
171
52
399
299
141
240
398
266
26
448
344
123
39
239
388
155
32
32
81
302
219
143
174
181
288
403
114
480
320
32
386
108
272
23
51
384
161
218
159
297
6
321
302
451
430
115
302
44
296
109
145
491
136
97
41
363
115
167
90
278
411
151
77
281
439
343
425
180
207
16
253
440
446
476
280
459
421
448
287
468
112
383
478
386
169
482
360
320
396
84
198
259
161
355
5
183
302
122
109
381
467
442
232
359
116
77
117
455
71
412
297
121
74
94
317
88
88
125
105
45
163
404
455
238
220
95
500
45
86
379
24
291
141
32
82
218
469
395
191
146
475
247
487
155
412
237
348
388
165
269
337
137
30
298
220
377
487
343
296
217
90
365
476
493
491
452
249
484
102
101
469
163
275
188
85
202
253
123
218
123
12
112
41
102
390
136
305
254
499
2
420
430
277
339
464
239
499
165
331
119
401
64
446
270
331
57
429
303
325
331
386
440
462
163
132
39
97
155
348
149
321
426
105
259
422
334
95
125
386
81
269
242
68
269
292
210
114
332
253
15
233
96
405
231
66
215
62
479
97
247
220
45
371
348
362
110
219
4
283
6
149
18
90
41
167
23
149
30
418
240
156
250
233
22
433
431
187
278
372
462
393
379
128
323
368
104
49
15
448
62
110
269
400
297
239
366
159
494
199
376
371
32
123
443
32
213
300
420
222
15
288
142
322
100
64
177
98
423
58
3
17
154
170
124
328
486
274
296
79
321
431
122
204
183
475
113
170
160
369
14
173
210
106
310
88
408
94
401
318
370
406
66
227
65
426
353
160
378
292
346
414
378
161
219
314
174
59
110
90
157
177
70
331
249
261
396
93
85
451
379
279
47
294
102
99
117
281
56
77
26
237
148
192
32
299
222
398
408
491
142
98
357
109
416
230
96
413
256
203
465
282
376
323
296
362
468
3
18
339
466
290
177
2
420
455
178
67
373
465
115
42
52
145
42
400
150
132
450
255
50
31
262
337
456
198
350
492
19
333
170
252
455
454
102
480
266
174
243
378
137
389
367
93
205
297
116
97
108
362
269
101
323
458
313
230
469
369
70
89
83
4
46
445
81
27
320
473
162
285
6
370
311
128
412
359
333
302
341
270
437
333
412
19
488
196
28
197
30
169
464
432
111
97
18
37
490
404
28
353
449
446
330
484
17
124
480
32
404
291
471
371
191
159
69
310
497
222
451
163
277
430
303
125
137
335
131
489
481
224
289
432
387
67
92
247
423
349
173
79
349
488
402
5
72
401
329
148
410
4
90
137
130
344
272
324
405
34
48
242
360
467
62
314
295
152
135
287
391
36
354
380
240
9
394
82
391
420
360
282
356
415
319
220
135
254
216
156
384
435
381
175
285
108
488
471
226
338
350
302
435
1
187
488
482
172
177
471
78
227
92
198
301
228
106
365
368
160
454
354
411
314
463
89
424
6
278
407
484
235
371
195
337
71
137
405
215
152
426
294
63
26
474
3
71
34
386
223
207
371
289
297
210
278
278
339
169
20
461
463
142
492
304
436
396
426
478
272
215
107
137
217
238
453
94
169
190
181
420
158
300
343
280
120
2
110
256
158
476
258
153
378
129
444
175
341
92
416
424
443
291
56
257
118
230
210
64
472
51
45
227
285
318
90
361
111
294
468
159
98
439
254
393
374
203
317
46
423
32
418
337
217
81
413
195
483
383
203
450
306
308
311
166
41
479
342
169
64
481
482
267
342
500
276
423
196
227
149
63
399
307
296
50
358
431
81
492
334
111
11
335
75
270
23
484
399
236
193
353
207
19
401
369
361
141
74
346
164
145
470
158
411
65
364
367
175
47
287
285
61
354
140
114
306
317
355
498
25
363
65
409
24
475
117
70
219
120
187
127
322
222
303
180
326
411
357
56
452
172
234
180
178
456
320
147
168
4
443
266
490
91
386
408
290
108
183
20
190
453
470
174
352
211
283
73
113
62
219
488
223
138
269
130
326
98
147
193
106
242
489
448
80
403
217
185
211
49
67
213
365
128
1
126
61
186
152
132
170
12
239
383
47
309
450
443
333
368
419
225
44
242
331
491
213
366
169
184
447
332
143
96
205
316
77
207
236
218
416
35
152
53
10
232
160
390
116
421
300
59
363
78
186
273
67
277
43
93
73
16
219
135
182
68
193
84
404
12
474
3
226
282
302
429
466
353
116
345
151
335
114
102
152
266
456
460
255
291
366
339
25
3
434
92
159
240
469
350
97
446
294
161
270
305
308
225
337
285
185
74
453
310
411
101
81
180
404
461
317
212
11
9
288
395
89
219
81
26
187
450
381
116
390
459
16
322
411
207
63
173
61
144
269
341
259
317
119
139
224
328
240
444
64
117
37
431
39
290
188
114
97
134
482
116
174
265
203
414
242
393
118
264
353
93
282
25
191
423
19
141
495
72
239
234
61
468
171
441
427
395
11
123
85
171
410
498
477
271
362
263
139
322
108
91
101
279
334
94
79
106
471
7
393
473
401
87
20
189
196
474
341
473
225
411
199
137
356
249
298
404
49
13
196
386
333
239
93
482
200
483
116
219
33
451
330
387
297
200
445
126
271
86
483
269
113
254
89
485
219
3
495
49
172
135
227
265
331
408
500
448
207
447
114
125
208
116
43
400
188
250
144
290
235
453
115
180
5
54
4
333
143
262
62
114
328
458
279
63
309
497
188
189
239
402
435
225
409
449
84
183
475
169
326
200
460
180
141
147
174
468
301
14
118
165
153
4
36
338
443
269
41
144
431
290
90
58
448
160
364
12
61
291
1
337
372
235
392
74
92
352
450
175
167
368
11
390
440
447
224
234
172
489
312
255
472
4
477
307
423
178
443
456
322
276
190
195
93
450
93
356
267
335
65
257
243
222
275
148
194
316
471
499
252
88
306
234
351
84
490
119
491
466
425
169
55
32
163
361
255
326
266
142
244
18
101
270
98
231
215
489
419
173
106
5
217
247
393
17
25
196
395
49
235
290
147
328
188
12
66
244
434
236
8
413
440
381
280
271
210
143
351
177
86
273
150
66
79
58
156
292
120
388
194
170
71
124
188
67
305
117
53
383
237
124
6
389
60
206
185
176
141
103
50
60
356
42
388
493
110
251
369
257
110
260
179
315
71
122
317
10
410
470
496
102
454
411
445
238
218
43
42
268
380
186
492
9
409
463
266
108
18
406
276
213
405
345
146
323
190
91
357
228
178
429
421
323
429
303
138
385
208
70
453
83
274
159
407
52
44
90
467
382
226
62
20
465
82
171
494
423
189
57
494
324
142
200
329
290
414
148
119
283
343
426
391
163
486
409
201
207
478
352
458
294
204
331
215
202
69
493
410
331
42
120
38
343
426
373
5
87
346
105
48
44
65
413
122
139
244
324
91
144
158
126
267
48
245
433
69
242
471
326
360
331
463
124
16
324
365
466
444
318
129
271
118
303
33
405
433
45
426
442
358
492
309
142
360
224
85
123
371
224
283
22
84
329
277
437
61
118
218
459
490
59
242
49
341
61
174
211
164
70
283
430
188
428
198
421
407
87
483
412
63
261
109
3
34
489
477
72
318
228
155
387
149
240
66
176
174
191
90
172
57
800
920
1659
1678
2364
3284
3539
3662
4033
4305
4956
5639
6625
6930
7097
7372
8013
8861
8916
9395
9800
10737
11439
12168
12247
12320
13207
13582
13613
14297
14728
15145
15732
16581
17557
18112
18151
18861
19506
20032
20286
20665
21454
22342
23235
23970
24363
24958
25488
25543
26081
26158
26841
27047
27239
27441
27499
28078
28325
29091
29679
29913
30418
30797
31459
31615
31788
32218
32807
33355
33446
33941
34939
35245
35254
36249
36634
36709
37196
37932
38894
39527
39805
40070
40677
40952
41791
42283
43085
43389
43892
44827
45128
45191
46090
46550
46683
47321
47769
48129
48541
49147
49820
50482
51162
51883
51969
52955
53795
54702
54717
55359
55567
56208
56988
57104
57525
57601
58144
58363
58594
58598
58636
59105
59886
60112
61052
61419
62081
62474
62740
63481
63637
63684
64594
64878
65462
65592
66001
66802
67142
67389
68068
68842
69398
69914
70854
71434
71476
72017
72254
72943
73240
73291
74098
74599
74760
74850
75783
76654
76703
77230
77620
78202
78478
78501
78743
79165
79829
80737
81538
82258
83128
83550
84127
84704
85446
85850
86787
87316
87717
88174
88346
88500
88799
89320
90080
90419
91296
92026
93015
93322
94157
94699
94993
95162
95892
96339
96631
97071
97724
98506
98882
99389
99946
99987
100881
101754
102696
102980
103147
103450
104197
104625
104732
105120
105342
105647
106574
106914
107762
108574
109289
109306
109964
110831
111555
111727
112247
112442
113368
113972
114684
114816
115549
116130
117118
117468
117947
118668
119546
120149
120177
120630
121372
121378
121700
121772
122274
122966
123062
124035
124715
125638
126270
126637
126928
127483
128273
128431
129008
129044
129694
130210
130874
131624
131795
132333
133140
133519
134193
134592
134623
135521
136382
137264
137276
137706
138427
139131
139788
139890
140100
140928
141048
141978
142365
142473
143066
143561
144381
144816
145257
145819
146105
146723
147653
148438
149342
149828
150487
150930
150962
151471
151662
151723
151948
152492
152543
152876
152948
153725
154317
154666
154854
155571
156346
157116
157234
158185
158691
159029
159475
159710
160347
160438
161145
161383
162174
163036
163419
163780
163967
164791
165430
165525
165631
166289
167141
167575
167895
168655
168938
169798
169851
170089
170988
171038
171282
171342
171679
172079
172880
173068
173383
173846
173943
174496
174552
174735
174845
175742
176468
176750
177636
178169
178706
179649
179694
180608
181385
182270
182428
182713
183162
183759
184166
185084
185623
186053
186089
186831
187064
187260
187702
188403
188978
188981
189447
190392
190957
191943
192801
193375
194145
194474
194956
195878
196150
197049
197569
198113
198969
199879
199913
200662
201505
201791
202485
202782
203743
203967
203982
204054
204416
204603
205123
205678
206042
206975
206993
207716
208534
209218
209290
209577
210153
210749
211443
211681
212464
212855
213576
214240
214579
214674
215666
216055
216655
216727
217478
218031
218145
218703
218744
219702
219870
220654
220840
221796
221809
222083
222267
223212
223283
224074
224222
224439
224919
225676
225885
226367
226894
227722
228620
229180
229663
230332
230543
230958
231366
231578
231613
232281
232618
233091
233577
234417
234486
235414
235629
236372
237331
237602
237700
238415
238614
239050
239958
240450
240603
241204
242157
242392
242895
243244
243452
244360
245184
246013
246050
246229
246246
246581
247246
247791
248356
248707
249289
249930
250691
251532
252024
252373
252686
252960
253452
253499
253914
254449
254727
254804
255241
255791
256521
256791
256898
257396
257788
258297
258328
258675
259084
259833
260375
261237
261559
262459
263065
263079
263875
264377
264628
265528
265859
265896
266511
267188
267506
267524
267719
267992
268176
268572
268839
269082
269337
269815
270036
270556
270582
270609
270670
271145
271562
271845
272669
273292
274000
274444
275015
275814
276145
276563
277110
278079
278535
278628
278993
279258
279885
280867
281148
282076
282927
283570
284466
285278
285697
286221
286540
286716
287667
287845
288643
288919
289828
289943
290771
291095
291827
292008
292475
292642
292893
293292
294172
294637
295012
295044
295730
295886
296084
296483
296827
297396
297598
298249
298865
299750
299866
299984
300352
301350
301443
301845
301903
302182
302362
302364
303337
303800
303824
304601
305061
305388
305754
306377
306665
307642
308636
308800
308807
308893
309764
310394
310616
311251
312080
312304
313063
313370
313398
313701
314018
314173
314685
315034
315550
315745
315747
316082
316320
316797
316949
317271
317506
318301
318919
319197
319385
319687
320067
320826
320852
321117
321393
321510
321515
321752
322510
322908
322936
323745
323844
323903
324116
324971
325605
326525
327491
327598
328032
328329
329020
329854
330765
331186
331437
331596
332359
332497
332627
333176
333964
334133
334165
334494
334943
335621
336548
337109
337379
338253
338817
339809
340644
340845
341215
342134
343031
343946
344488
344622
345528
345596
345800
346102
346113
347055
347774
348746
348908
349571
350422
351337
351663
352629
353313
354065
354602
355020
355396
355611
356277
357023
357412
357796
358381
359237
359734
359939
360759
361588
362298
363001
363636
364547
365345
365364
366174
366912
367192
367485
367835
368260
368891
369033
369958
370731
371690
372027
372669
373076
373971
374212
374269
374720
375118
375994
376454
377252
377989
378736
378837
379466
380322
381056
381170
382006
382435
383214
383741
383980
384446
384935
385007
385364
386277
386960
387531
388092
388515
389103
389722
390531
391469
391797
392553
392638
392922
393089
393962
394477
395392
396041
396232
396614
397217
397482
398182
399070
399480
399848
400270
401163
401240
401697
402380
402655
403597
404071
404464
404984
405973
406866
407100
407214
408068
408388
409265
409740
410251
410842
410932
411844
412016
412518
412711
413179
414047
414302
415300
415443
415947
416522
416789
417269
417880
418773
419312
419951
420777
421328
422162
422434
423330
423759
423854
424199
424366
425293
426130
426668
427442
427623
428604
428782
429659
429932
430176
430515
430734
431029
431284
431473
431529
431866
432728
433555
434117
434452
434749
435681
436538
437344
438299
438573
439173
439182
439894
440179
440931
441391
441774
442388
442621
442635
442976
443153
443781
444777
445178
446068
446913
447886
448117
448176
448421
448966
449018
449703
449826
449952
449968
450781
451510
452294
453120
453933
454499
454869
455747
455917
456382
456678
456842
457594
457814
458123
459112
459542
459546
460176
461142
461941
462561
462638
462748
463473
463876
464468
465314
465906
466581
466753
467321
467391
467489
467888
468597
469489
470465
470802
471300
471797
472484
473251
473896
474463
474769
475564
476386
477099
477759
478380
478847
479305
480080
480817
480959
481416
481492
481800
482708
482780
483757
483764
483768
484419
485055
485545
486525
487278
487978
488351
488714
489113
489517
489539
489883
490647
491614
492003
492857
492876
493331
493465
493650
494305
494954
495314
495640
496481
496949
497780
498548
499458
499935
500760
501560
502237
502346
503167
503692
504420
504436
504870
505712
506409
506943
507711
508245
508626
509415
510290
510840
511665
512403
513182
513883
513994
514967
515102
515934
516179
516478
516854
516855
517272
518082
518434
519249
519411
519915
520547
520592
520928
521591
522286
522604
523157
523233
523589
524191
524327
524787
524837
525659
525720
526202
526501
526874
527811
528229
528771
529700
529974
530063
530980
531437
531823
532211
532971
533590
534421
535406
535845
536505
536603
537212
538175
538296
538465
538733
538778
539442
539736
539754
540408
541239
541978
542855
543199
543803
544319
544325
544933
545802
546492
547437
547596
548230
549119
549319
549440
550330
551328
551979
552043
552484
553376
554339
554543
555212
555542
556230
556806
556915
557194
557286
557911
558542
558636
559603
560233
560447
561187
561546
562525
563067
563486
563821
564572
565327
565698
566575
566944
566988
567792
567944
568353
569150
569603
569704
569744
570361
571095
571099
571877
572430
573383
574196
574440
574885
574970
575232
576032
576350
576733
577540
577928
578402
579004
579371
579425
580136
580992
581490
582244
582771
583588
584057
584220
584614
585273
586095
586364
586461
586959
587955
588101
588257
588276
589135
590116
590175
590384
590623
591130
591910
592719
593251
593324
593535
594323
595217
596145
597113
597690
598668
599318
600149
601064
602018
603017
603856
604560
605202
605441
605600
605928
606144
606670
607331
607338
607993
608149
609000
609615
609917
610030
610787
611723
612168
612777
613115
613396
613972
614611
615499
616178
616981
617299
618110
618802
619489
619566
619877
620617
620874
620919
621162
621170
621433
622291
622905
623201
623833
624046
624590
624672
625042
625190
626093
626742
626769
627112
627483
628196
628500
629447
630427
630637
630709
631419
632262
632378
632973
633795
634720
635496
636317
636673
637329
638050
638543
639040
639384
639541
640431
640542
641104
641716
642056
642600
643289
644207
644741
644884
645592
646486
647108
647537
647838
648545
648992
649096
649668
650237
650888
651683
652505
652752
653056
653373
654237
654569
655242
655944
656539
657138
657916
657958
658877
659487
659781
660443
661131
661923
662311
663090
663570
664327
664408
665292
665474
665790
666081
666512
667510
667666
667796
668678
669567
670293
671137
671809
671946
672183
672323
673005
673541
674215
674857
675025
675126
676068
676878
677617
678160
678867
679268
679611
679981
680614
680719
680978
681297
682197
682679
682895
683285
684075
684772
684989
685263
685967
686076
686850
687591
688398
688515
688823
689750
690348
691331
692149
692818
693366
694366
695246
695616
695657
695754
696701
697332
698124
698643
698912
699328
699682
700306
701209
701545
702069
702377
703099
703973
704764
704901
705116
705424
705880
706535
706901
707145
707303
707393
707526
707987
708368
708846
709614
709918
710754
710981
711469
711502
711827
712622
713353
713794
714727
715076
715765
716147
716720
717055
717628
717865
718245
718585
718660
719545
720321
721221
721307
721989
722964
723224
723688
724239
724340
725152
725187
725243
725350
725925
726226
726801
727647
728050
728091
728558
729326
730204
731094
731239
731926
732570
733317
733335
733926
734647
735051
736033
736150
737064
737162
737794
738122
738168
738991
739820
740387
740599
741418
742351
742459
743310
743884
744037
744500
745087
745987
746585
747281
747286
748002
748353
748854
749395
749873
750766
751235
751695
752488
753390
753774
754182
754439
755178
755590
755774
756704
757330
757924
758090
759045
759278
760275
760623
761178
761607
762290
762810
762977
763121
763955
764848
765133
765905
766845
767436
768281
768505
769307
769655
770113
770716
771293
771877
772864
773192
773464
773616
774212
775184
776128
777047
777817
778587
779048
779973
780961
781531
781717
782673
783460
784328
784677
785606
786133
786227
787075
787912
788147
788344
789282
789558
790159
790917
790962
791485
792259
792312
793274
794068
794489
794612
795455
796105
796366
796951
797744
798130
799055
800039
800814
801580
801921
802433
802625
803160
803844
804417
805296
805625
806044
806426
807404
807990
808790
809151
809998
810779
811768
812179
812799
813173
814092
814647
814819
815709
815953
816525
816894
817787
817912
818899
819605
820573
820900
821581
821770
822143
822751
822884
823405
823993
824435
825095
825181
826082
826462
827125
827248
827946
828249
828873
829331
829545
829715
830531
831355
832016
832082
832862
833129
833286
834261
835198
835646
836120
836963
837350
838325
839091
839890
840142
840423
840453
840719
840856
841167
841974
842927
843661
844460
845149
845447
846052
846756
847259
847733
848565
849124
849531
850421
851068
851232
852077
852949
853793
854630
855084
855753
856304
857272
858133
858656
859421
859818
860195
860734
861022
861286
861814
862303
862941
863306
863533
864433
864693
865089
865519
865817
866531
867351
867630
867683
867760
868339
868496
868827
869345
870126
870140
870328
870521
870707
871373
871430
872242
872710
872975
873511
873699
874299
874468
874688
875687
875996
876321
877312
878237
879101
879789
880426
880517
881061
881457
881683
882157
882924
883527
883571
883585
883698
884515
884666
885091
885478
886214
886426
886599
887116
887801
888234
889177
890075
890753
891578
892022
892361
892416
892913
893335
894172
894470
895158
895281
895739
895749
896516
897388
898231
899078
899111
899168
899709
900205
900432
901247
902010
902550
903218
903243
903904
904122
905122
905269
906175
906808
906974
907106
907427
907495
908015
908907
909211
910011
910818
911590
912519
913411
913492
913854
914029
914607
914737
915224
916142
916714
917488
917862
918599
919494
920470
920952
921903
922227
922437
922788
923712
924071
924920
925694
926675
927298
927711
928710
929390
930383
930501
930962
931654
932480
933348
933401
933769
934148
934329
934403
934630
935585
936353
936798
937327
938217
938404
939037
939497
939769
940322
941232
941267
941958
942911
943030
943115
943833
944445
944947
945239
945623
946594
947034
947721
948300
949207
949634
950077
950265
950899
951182
951443
952367
952421
952960
953497
954218
955179
955479
956410
956417
956774
957605
957772
958025
958364
959051
959794
960327
960679
961157
961781
962150
962665
962829
963163
963313
964224
964309
964547
965160
965501
966284
967256
967780
968738
968988
969551
969754
969933
970707
971523
971838
972096
972654
973193
973389
973468
974414
975062
975433
976402
977019
977284
978040
978907
979254
979549
980197
980380
981235
981452
981781
982040
982525
983172
984149
984609
985214
985767
986296
987174
987417
987487
987899
988507
988555
988716
989298
990219
991093
991099
992000
992709
993224
994025
994046
994543
995217
995510
996435
996480
996493
997363
997822
998694
998999
999880
1000691
1000848
1001058
1001379
1001820
1002056
1002167
1002426
1003150
1004119
1005060
1006000
1006928
1007210
1007560
1007614
1008096
1008168
1009144
1009996
1010911
1011678
1012088
1012219
1012998
1013473
1014046
1014560
1015181
1015536
1015554
1015954
1016730
1017119
1017460
1017711
1017748
1018312
1018705
1019453
1019624
1019886
1020641
1021017
1021523
1021997
1022210
1022771
1022998
1023896
1024299
1025049
1025963
1026300
1026595
1027122
1027348
1028040
1028135
1029068
1029095
1029701
1030531
1030592
1030816
1031108
1031454
1032023
1032414
1033046
1033270
1034235
1034889
1035509
1036198
1036754
1037152
1037548
1037832
1038005
1038646
1039183
1039716
1040108
1040407
1040463
1041100
1041503
1041823
1041960
1042092
1043013
1043957
1044415
1044788
1045034
1045399
1046324
1047125
1047735
1047967
1048363
1048515
1049275
1049818
1050317
1050496
1051417
1052280
1052598
1052912
1053702
1054198
1055049
1055423
1055582
1055887
1056815
1057748
1058416
1059415
1059717
1060330
1061290
1062246
1063226
1063363
1064342
1065095
1065768
1066757
1066795
1066983
1067171
1068023
1068730
1069160
1069811
1070140
1070819
1070821
1071813
1072487
1072787
1073261
1073685
1074313
1074887
1075825
1076256
1076289
1076477
1077034
1077322
1078270
1078494
1078527
1079307
1079373
1079997
1080387
1080847
1081220
1081297
1081643
1081994
1082130
1082997
1083041
1083175
1083908
1084707
1084718
1085260
1085438
1086147
1086903
1087632
1088253
1088375
1089026
1089063
1089389
1090090
1090120
1090572
1090663
1090771
1091255
1091384
1091634
1091839
1092702
1092827
1093022
1093335
1094259
1094468
1094942
1095601
1096155
1096908
1097638
1098312
1098654
1098929
1099119
1099123
1099227
1099298
1099644
1099941
1100663
1101533
1102185
1103024
1103354
1103647
1104143
1104546
1104860
1105244
1105978
1106843
1107506
1108231
1108361
1109334
1109757
1110147
1110390
1110503
1110778
1111448
1112081
1112995
1113048
1113407
1113776
1114234
1114728
1115512
1115548
1116155
1116554
1117064
1117387
1117417
1117834
1118546
1118864
1119543
1120112
1120828
1121353
1121757
1122345
1123150
1123810
1124054
1124450
1125126
1125223
1125230
1125916
1126798
1127269
1127668
1127837
1128044
1128456
1129064
1129642
1130160
1130855
1131452
1131996
1132694
1132832
1133656
1134616
1134735
1135045
1135119
1135395
1135682
1136132
1136222
1136290
1136815
1137791
1138516
1138579
1138585
1139401
1139619
1140430
1141044
1141502
1141773
1142468
1143114
1143385
1144162
1145082
1145477
1146182
1146306
1146683
1147359
1148129
1149115
1149901
1150571
1150798
1151777
1152707
1153014
1153622
1154583
1155297
1155924
1156407
1157213
1158117
1158204
1158675
1159297
1159813
1159990
1160540
1160929
1161368
1161955
1162791
1163081
1163950
1164808
1164933
1165172
1165906
1166261
1166348
1167219
1167355
1168035
1168336
1169102
1169478
1169985
1170778
1171325
1171818
1171838
1172140
1172969
1173952
1174651
1175137
1175771
1176724
1176923
1176954
1177500
1178169
1179084
1179948
1180041
1180721
1181684
1182220
1182944
1183234
1183608
1183683
1184394
1184874
1185482
1186198
1186215
1186455
1186578
1186589
1186681
1187488
1188004
1188033
1188942
1189931
1190309
1191306
1192263
1193070
1193284
1193575
1194174
1195146
1195219
1195409
1195493
1196174
1196413
1197348
1197966
1198675
1198716
1199225
1200085
1200096
1200691
1200744
1200903
1201832
1202664
1202843
1203793
1203865
1204540
1204861
1205582
1206144
1206970
1207116
1207508
1208072
1208787
1208936
1209795
1210585
1210928
1211455
1211811
1212761
1213478
1214309
1214512
1214794
1214826
1215296
1215322
1215535
1215777
1215814
1216258
1216594
1217009
1217157
1217937
1218595
1219263
1219365
1219749
1220478
1220978
1221110
1221271
1221882
1222052
1222451
1222452
1223168
1223535
1223580
1223816
1224695
1225082
1225818
1226440
1226690
1227246
1227813
1228763
1229127
1230007
1230649
1231306
1231373
1231465
1232081
1233049
1233860
1234789
1235551
1236395
1236991
1237958
1237987
1238227
1239041
1239945
1240701
1241038
1241185
1242097
1242712
1242975
1243268
1243838
1244000
1244676
1245670
1246360
1246491
1247172
1248000
1248671
1249458
1249573
1249902
1250068
1250332
1250423
1250590
1251222
1251555
1251755
1251998
1252612
1252691
1252954
1253724
1254550
1254673
1255042
1255131
1255537
1255889
1256058
1256619
1257523
1257830
1258027
1258512
1258812
1259431
1259705
1260378
1261136
1261500
1261644
1262135
1262539
1263518
1263714
1264652
1265268
1265611
1266474
1267042
1267296
1267609
1268557
1268936
1269604
1270216
1270910
1270976
1271424
1272203
1272881
1273809
1274132
1274447
1274932
1275259
1276162
1276176
1276942
1277841
1278248
1278315
1278953
1279455
1279553
1280146
1281111
1282027
1283026
1283773
1284262
1284616
1285333
1285929
1286131
1286828
1287694
1288518
1288793
1289311
1290067
1290815
1290887
1291066
1291117
1291823
1292239
1292948
1293171
1293509
1294331
1294612
1295591
1296229
1297151
1297598
1298203
1298226
1298807
1299626
1300444
1300527
1301245
1302010
1302109
1302801
1303455
1304225
1304720
1305028
1305652
1306268
1306522
1306874
1307762
1307909
1308387
1308628
1308848
1309289
1309687
1310524
1311384
1311927
1312763
1312818
1313566
1314128
1314636
1315467
1315583
1315614
1316261
1316482
1317026
1317499
1318028
1318938
1319298
1319497
1319604
1319665
1320126
1320810
1321133
1321632
1322328
1323199
1324151
1324744
1325703
1325994
1326078
1326723
1327700
1328389
1329223
1329777
1330239
1330427
1330839
1331512
1332185
1332776
1333160
1333393
1334190
1334780
1335720
1336286
1337166
1337614
1338017
1338409
1338895
1339793
1340436
1341237
1341874
1342362
1343088
1343125
1343983
1344743
1344769
1344960
1345441
1345812
1346780
1346960
1347576
1348073
1348803
1349426
1349918
1350543
1350703
1351166
1351944
1352848
1353173
1353230
1353526
1354420
1354430
1354435
1354742
1355170
1355824
1356764
1356810
1357068
1357978
1358173
1359051
1359755
1359990
1360561
1361272
1361714
1362470
1362743
1363637
1364460
1365155
1365825
1366735
1367358
1367652
1368129
1368386
1368565
1368951
1369426
1369945
1370790
1370847
1371343
1371816
1372724
1373308
1374067
1374492
1374568
1374664
1374761
1375076
1375415
1376052
1376082
1376417
1376817
1376988
1377813
1378721
1379495
1380495
1380781
1380843
1380887
1381046
1381171
1381730
1382257
1382429
1382654
1383420
1383843
1384645
1385486
1386322
1386734
1387659
1388288
1388758
1389618
1390513
1391088
1391362
1391672
1391817
1392236
1393207
1393948
1394831
1395787
1396736
1397563
1398313
1398662
1399056
1399374
1399542
1400243
1400643
1401378
1401496
1401769
1401842
1402144
1402455
1403334
1403450
1403546
1403758
1404621
1405241
1405495
1406045
1406659
1407432
1408286
1408364
1408482
1409023
1409564
1410393
1411294
1411510
1412488
1412550
1413293
1414239
1414492
1415147
1416124
1417017
1417093
1417973
1418688
1419277
1419553
1419618
1419774
1419966
1420713
1421005
1421719
1422549
1423087
1423169
1423761
1423819
1424137
1424688
1425518
1426471
1426510
1426964
1427312
1428085
1428898
1429198
1429255
1429321
1429814
1429909
1430823
1431193
1431807
1432259
1433071
1433764
1434198
1434436
1435175
1435553
1435566
1435768
1436360
1436615
1437469
1437703
1437791
1437958
1438228
1438347
1438596
1438965
1439130
1439193
1440170
1440203
1440337
1440648
1440835
1441779
1442466
1442683
1442767
1443737
1444519
1445056
1445092
1445252
1445768
1446269
1446568
1446892
1447566
1448463
1448535
1449250
1449794
1449936
1450209
1451104
1451105
1451551
1452461
1452574
1453531
1453875
1454456
1454498
1454709
1454813
1455452
1456126
1456910
1457295
1457874
1458007
1458686
1459022
1459348
1460261
1461060
1461109
1461171
1461270
1461903
1461958
1461999
1462688
1462856
1462952
1463457
1464135
1464488
1465010
1465572
1465912
1466108
1466699
1467244
1467554
1468129
1468757
1469389
1469696
1469712
1469864
1469898
1470253
1470428
1471355
1471803
1472153
1472538
1473495
1474290
1474621
1474857
1475357
1475673
1475949
1476663
1477657
1478454
1478894
1479249
1479784
1480648
1480762
1480827
1481669
1482535
1482559
1483184
1483808
1484487
1485251
1486028
1486749
1487326
1488123
1489077
1490000
1490708
1491479
1491847
1492698
1492749
1493403
1493531
1494066
1494500
1495275
1496159
1496618
1497573
1498462
1498628
1499507
1500052
1500273
1501088
1501483
1501695
1502648
1503478
1504168
1504265
1504482
1504763
1505152
1505239
1505325
1505551
1505829
1506820
1507601
1508503
1509003
1509924
1510837
1511676
1512473
1513364
1513925
1514408
1515190
1515373
1516048
1516935
1517391
1517590
1518217
1518768
1519389
1520344
1521161
1522011
1522231
1523131
1523939
1524355
1525148
1525623
1525674
1526169
1527046
1527449
1528408
1529075
1529625
1529936
1530212
1530678
1531233
1531369
1531407
1531893
1532608
1533569
1533838
1534348
1535340
1536225
1536772
1537368
1537966
1537976
1538266
1539124
1539667
1539744
1539871
1539960
1540362
1540842
1541540
1541930
1542420
1542461
1543159
1544050
1544256
1544496
1544516
1545468
1545772
1546691
1546786
1547020
1547095
1548041
1548088
1548671
1549253
1549404
1549930
1550013
1550213
1550605
1551348
1552233
1552358
1552916
1553069
1553213
1553995
1554901
1555115
1555705
1556336
1556470
1556896
1557506
1557845
1558768
1559645
1560184
1560621
1561292
1562052
1562065
1563035
1563756
1564300
1564499
1565274
1566081
1566736
1567735
1567796
1568453
1568671
1568762
1569533
1570438
1570891
1571375
1572021
1572863
1573587
1573808
1574778
1575426
1575588
1575795
1575893
1576612
1577248
1577346
1577620
1577844
1578305
1578886
1579355
1580238
1580467
1581134
1581628
1582496
1583253
1583825
1584357
1584998
1585667
1586085
1586919
1587858
1588295
1588592
1589177
1589929
1590732
1590820
1591620
1592158
1592658
1593610
1593700
1594341
1594665
1594965
1595744
1596022
1596039
1596445
1596633
1597010
1597919
1598615
1598839
1599494
1599698
1600305
1601046
1601556
1602109
1603038
1603553
1604365
1604899
1605149
1605316
1605335
1605726
1605728
1606019
1606202
1607081
1607336
1607413
1608223
1609024
1609816
1610482
1610869
1611600
1612190
1612859
1613451
1613727
1614349
1615213
1616117
1616451
1616662
1616983
1617510
1618450
1619365
1619531
1620432
1621172
1622039
1622611
1623277
1623576
1623721
1623732
1623841
1624726
1625409
1625591
1626512
1626527
1626834
1626860
1627541
1628122
1628950
1629696
1630353
1631324
1631786
1632112
1632553
1633328
1633492
1633899
1634439
1634564
1635395
1636018
1636894
1637624
1638557
1639298
1640226
1640359
1640440
1641092
1641690
1641697
1642489
1642777
1643602
1644433
1645317
1645984
1646155
1646479
1646842
1647343
1647558
1648301
1648910
1649247
1650036
1650613
1651431
1652139
1652344
1652800
1653677
1654565
1655504
1656290
1656394
1657235
1658126
1658918
1659509
1659965
1660834
1661470
1662231
1662717
1663710
1664557
1665170
1665837
1666325
1666922
1667110
1667340
1668031
1668287
1668532
1668566
1669367
1669592
1670552
1671364
1671676
1672315
1673184
1673737
1674452
1674579
1675510
1676123
1676291
1677022
1677387
1678025
1678843
1679570
1679685
1679886
1680675
1680916
1681500
1682268
1683220
1683604
1684136
1684595
1685264
1686096
1686513
1687303
1687385
1687510
1687896
1687971
1688176
1688536
1689079
1689934
1690201
1690893
1691354
1692286
1692304
1692679
1693419
1693657
1694213
1694893
1695775
1695894
1696658
1696699
1697015
1697899
1698265
1698306
1699228
1700171
1701146
1701813
1702469
1702932
1703265
1703443
1704374
1704728
1705660
1706179
1706459
1707332
1707590
1708193
1708734
1709018
1709972
1710631
1710837
1711410
1712080
1712105
1712882
1713533
1714454
1715317
1715518
1716247
1716454
1716592
1717041
1718033
1718209
1718801
1719059
1719292
1720219
1720620
1721147
1721609
1722511
1722907
1723601
1724379
1724588
1725359
1725672
1726312
1726663
1727329
1728084
1728596
1729061
1729574
1730357
1730906
1731480
1731606
1732266
1732950
1733492
1734458
1734898
1735276
1735640
1736185
1736354
1737312
1737612
1738480
1739121
1740085
1740282
1740867
1741236
1742003
1742620
1743554
1743952
1744472
1745231
1745386
1745556
1746253
1746523
1746631
1746707
1747331
1747382
1748339
1749143
1749727
1750056
1750946
1751367
1751707
1751951
1752368
1752902
1753388
1754199
1754551
1755542
1756304
1756990
1757621
1758280
1759184
1760065
1760887
1760996
1761351
1761673
1762369
1762484
1763397
1763769
1764535
1765254
1765699
1765946
1766273
1766708
1767454
1768320
1768793
1769024
1769893
1770424
1771242
1771850
1772159
1772446
1773222
1773259
1774182
1775081
1775119
1775862
1776322
1776985
1777961
1778666
1779166
1779553
1779917
1780247
1780989
1781253
1781902
1782321
1782977
1783772
1783985
1784793
1785148
1786131
1786532
1787219
1787628
1788339
1788729
1788983
1789724
1790498
1791083
1791825
1792166
1792321
1792331
1792401
1793202
1793285
1793682
1794435
1795111
1795741
1796583
1797351
1797883
1798805
1799375
1800050
1800242
1800530
1801355
1802341
1802658
1802882
1803746
1803766
1803845
1803890
1804254
1805149
1805414
1805894
1806539
1807392
1807443
1807545
1807891
1808554
1809479
1809495
1809726
1809801
1809864
1810818
1811184
1812183
1812737
1812860
1812914
1813707
1814256
1814535
1814613
1815180
1815768
1816038
1816488
1816509
1817282
1818212
1818608
1818785
1819137
1819797
1819926
1820433
1820587
1821430
1822293
1822429
1823006
1823261
1823589
1823740
1824249
1824638
1824741
1824896
1825090
1825850
1826639
1827008
1827555
1828093
1828285
1828590
1828937
1828988
1829661
1829952
1830056
1830244
1830751
1831131
1831778
1832459
1832612
1832823
1833350
1833412
1833761
1834626
1835016
1835967
1836217
1837027
1837722
1838545
1838858
1839303
1840300
1840666
1841081
1841643
1842378
1842862
1843754
1844564
1845063
1845498
1845951
1846734
1847423
1847516
1848407
1848501
1849094
1850004
1850989
1851206
1851486
1851916
1852510
1852698
1853345
1854223
1854692
1854718
1855681
1856329
1856881
1857795
1857873
1858164
1858794
1858881
1859352
1859917
1860538
1861510
1861952
1862272
1862853
1862921
1863604
1863648
1863937
1864130
1864789
1865232
1865612
1866136
1866172
1866971
1867288
1867792
1868593
1868717
1868924
1869016
1869924
1870496
1870804
1871264
1871622
1871750
1872652
1873239
1873569
1874091
1875072
1875948
1876432
1877334
1877677
1877876
1878753
1879079
1879643
1879652
1879701
1880542
1880907
1880960
1881080
1881671
1882456
1883428
1883894
1883950
1884825
1884879
1885628
1886592
1887559
1888101
1888704
1889187
1889393
1890028
1891026
1891116
1891847
1891983
1892146
1892622
1893193
1893726
1894172
1894530
1895171
1895655
1895837
1895988
1896293
1896889
1897438
1897468
1897598
1898483
1899276
1899323
1900140
1901090
1901341
1901539
1902409
1903302
1904193
1904339
1904905
1905719
1906366
1906801
1906899
1907600
1908403
1908903
1909542
1910115
1910310
1911232
1912060
1912938
1912951
1913051
1913807
1914438
1914844
1915191
1916022
1916532
1917449
1918029
1918419
1919331
1920223
1921051
1921468
1921831
1921876
1922823
1923658
1924624
1925615
1925910
1926015
1926900
1927555
1927943
1928381
1929235
1929457
1929656
1929970
1930013
1930027
1930399
1930890
1931080
1931980
1932509
1932795
1932896
1933485
1934217
1934501
1935402
1935760
1935809
1936488
1936615
1937006
1937936
1938141
1938542
1938908
1939818
1940130
1940457
1940923
1941180
1941904
1942002
1942017
1942495
1943106
1943277
1943776
1944197
1944842
1944853
1944989
1945481
1946425
1947006
1947605
1948000
1948401
1949180
1949789
1950112
1950172
1950933
1950980
1951553
1951801
1951973
1952084
1952280
1952959
1953603
1954484
1954656
1955614
1955754
1956442
1957109
1957977
1958976
1959118
1959607
1959657
1959750
1960162
1960367
1961241
1961956
1962750
1963123
1963969
1963984
1964516
1965215
1965800
1965863
1966799
1967174
1967329
1967576
1968073
1968382
1968539
1969044
1969799
1970350
1971189
1971775
1972659
1973510
1973597
1974246
1974502
1975010
1975157
1976015
1976370
1976743
1977122
1977836
1978325
1979101
1979562
1980178
1980228
1980327
1980721
1981341
1981664
1982374
1982968
1983789
1984680
1985407
1986076
1987064
1988002
1988839
1989319
1989391
1989716
1990437
1990990
1991492
1992025
1992685
1993112
1993142
1993938
1994043
1994057
1994405
1994628
1995339
1995753
1995770
1996751
1997425
1998408
1999284
1999521
1999570
1999958
2000915
2001323
2001566
2001644
2002139
2002715
2002743
2003523
2003922
2004891
2005165
2005409
2005997
2006799
2007583
2008490
2008890
2009870
2010334
2010537
2011181
2011781
2012357
2013257
2013702
2014157
2015103
2015118
2015508
2016296
2016796
2017528
2018076
2018974
2019721
2020147
2021136
2021204
2021695
2022065
2022268
2022973
2023602
2023698
2024081
2024155
2024794
2025653
2026247
2026573
2026890
2027205
2027299
2027584
2028162
2028716
2029302
2030069
2030225
2030451
2031200
2032008
2032921
2033489
2033577
2033601
2034100
2034367
2034672
2034677
2035517
2035658
2035747
2036608
2036609
2037230
2037606
2037761
2038599
2039461
2039941
2040204
2040554
2040899
2041609
2042350
2042457
2043323
2044266
2045130
2045878
2046358
2046508
2047176
2047299
2048132
2048523
2049179
2049344
2049917
2050674
2051536
2052098
2052851
2053253
2053897
2054264
2054376
2055275
2055300
2055882
2056618
2057092
2057218
2057509
2058353
2059302
2059670
2060025
2060554
2061293
2061778
2062241
2062243
2062582
2063130
2063672
2064472
2064578
2064631
2065485
2066111
2066486
2067155
2067439
2067587
2068450
2068683
2069120
2069330
2069922
2070820
2070879
2071065
2071529
2071702
2071814
2072610
2072613
2073305
2074276
2074867
2075071
2075518
2075915
2076594
2076605
2077586
2078336
2079275
2079702
2080666
2081292
2081935
2082777
2083320
2084083
2084389
2084892
2085366
2085837
2086527
2086997
2087084
2087893
2088638
2089448
2090310
2090506
2091231
2091388
2091949
2092910
2092954
2093672
2094240
2094554
2094802
2095626
2096217
2096399
2097221
2097823
2098789
2098877
2099353
2100328
2101282
2101436
2101493
2101815
2101936
2102819
2103018
2103321
2103739
2104014
2104788
2104879
2105787
2106247
2106248
2106467
2106824
2106927
2107581
2108362
2109094
2109975
2110351
2111139
2111811
2112353
2113098
2113389
2114157
2114346
2115340
2115574
2116465
2116750
2117684
2117927
2118745
2119673
2120577
2120674
2120841
2121050
2121209
2121885
2122747
2122756
2122861
2123430
2123774
2124653
2125116
2125673
2126072
2126883
2127450
2127902
2128437
2128673
2129116
2129830
2130751
2131177
2132055
2132450
2133092
2133113
2133148
2133728
2134095
2134143
2134184
2134966
2135162
2136162
2136209
2136325
2137201
2137240
2138044
2138646
2139105
2139463
2139610
2140516
2140786
2141621
2141736
2141910
2142901
2143326
2143896
2144484
2145113
2145296
2146145
2146999
2147227
2147455
2147940
2148429
2149305
2149945
2150138
2151051
2151778
2151813
2151902
2152057
2152556
2153477
2153649
2154364
2154830
2154937
2154940
2155797
2156557
2156614
2156835
2157005
2157767
2158004
2158041
2158855
2158882
2159706
2160125
2160717
2161591
2162433
2163150
2163941
2164401
2165004
2165671
2166067
2166139
2166737
2167309
2167907
2168691
2169601
2169665
2170328
2171021
2171972
2172687
2173296
2173905
2173952
2174088
2174728
2174772
2174775
2174780
2175751
2176012
2176042
2176889
2177278
2177916
2178485
2178596
2179368
2179667
2180519
2181318
2181469
2181585
2182574
2182755
2183241
2183887
2184525
2185275
2185987
2186403
2186866
2187037
2187419
2188163
2188205
2188267
2188504
2188863
2189518
2189645
2189740
2189957
2190212
2190359
2190431
2191262
2191736
2192285
2192467
2192968
2193794
2194666
2195552
2196120
2197103
2197195
2197261
2197635
2197687
2198457
2198877
2198998
2199763
2200577
2201575
2202401
2203005
2203280
2203630
2204215
2204296
2205091
2205451
2206445
2207018
2207234
2207917
2208836
2208873
2209448
2209686
2210404
2210418
2210883
2211342
2212033
2212484
2212543
2212593
2212841
2213062
2213922
2214379
2214470
2215058
2215677
2216052
2216869
2217379
2217707
2217747
2218014
2218188
2218254
2218779
2219183
2219887
2220438
2220703
2221081
2221174
2221277
2221837
2222694
2223064
2223224
2224049
2224752
2225573
2226214
2226613
2227523
2228280
2228549
2229087
2229147
2229957
2230608
2231574
2232124
2232953
2233454
2233692
2234015
2234093
2234898
2235122
2235397
2236109
2236237
2236871
2237287
2237916
2238807
2239716
2240293
2241233
2242069
2242388
2242535
2242564
2243173
2243325
2243612
2244317
2244904
2244919
2245201
2245727
2245972
2246617
2246677
2247437
2247493
2248468
2249256
2249558
2249680
2249692
2249717
2250508
2251112
2252089
2252730
2253022
2253554
2253569
2254518
2254521
2255405
2256015
2256869
2257509
2258105
2258790
2259620
2259704
2259959
2260226
2260645
2261348
2262244
2263027
2263878
2264123
2264782
2265631
2266545
2266629
2266795
2267093
2267244
2267609
2268079
2269053
2269271
2269430
2270063
2270889
2271689
2271844
2272592
2272749
2273090
2273125
2273203
2273622
2274331
2274415
2275382
2275674
2276228
2276485
2276497
2276874
2277312
2278212
2278635
2279236
2279961
2280829
2280965
2281067
2281226
2281484
2282357
2283341
2283606
2284588
2284685
2285087
2285335
2286311
2287311
2287861
2288551
2289155
2290100
2290776
2291011
2291474
2291857
2292411
2293100
2294036
2294727
2295622
2296577
2296645
2296796
2297572
2298202
2299151
2299830
2300133
2300258
2300412
2301388
2301777
2302154
2303110
2303171
2303853
2304254
2304899
2305256
2305727
2306210
2307040
2307875
2308103
2308926
2309697
2310657
2310851
2311022
2311029
2311498
2311805
2312540
2313403
2314044
2314710
2315053
2315553
2315857
2316742
2317496
2318381
2318712
2318821
2319136
2319564
2320447
2320481
2321010
2321082
2321442
2322423
2322623
2322731
2323561
2323797
2324734
2325187
2325693
2325957
2326502
2326690
2327078
2328002
2328355
2329318
2329813
2330295
2330814
2331737
2332097
2333036
2333868
2334618
2334753
2335109
2335767
2336332
2336911
2337693
2338541
2338837
2339453
2339776
2339806
2340025
2340049
2340165
2340225
2340656
2341166
2341351
2342007
2342892
2343398
2343870
2343959
2344401
2344656
2345346
2345922
2346627
2347582
2348492
2348848
2349269
2349398
2349408
2349575
2350228
2351142
2351181
2351565
2352313
2352736
2353609
2354526
2355516
2355925
2356448
2356955
2357502
2358407
2359339
2359742
2359821
2360358
2361103
2361913
2362692
2362758
2363691
2363782
2363850
2363920
2364809
2364962
2365411
2365566
2366517
2367363
2367398
2367980
2368067
2368431
2369091
2369595
2369978
2370726
2371725
2371788
2371874
2372451
2373406
2373433
2373781
2374774
2374893
2375194
2376105
2376576
2376606
2377249
2377283
2377959
2378654
2378675
2379257
2379384
2379748
2380645
2381048
2381053
2381742
2382135
2382595
2382751
2382930
2383532
2383922
2384569
2385274
2385972
2386015
2386804
2387064
2388007
2388191
2388855
2389627
2389707
2390170
2390670
2391568
2392059
2392732
2392857
2393703
2394534
2394657
2395572
2395744
2395974
2396445
2396536
2396990
2397942
2398138
2398994
2399450
2399681
2400308
2401136
2401601
2401926
2402810
2403585
2403853
2404142
2404251
2404453
2405235
2405943
2406802
2407411
2407894
2408117
2408985
2409040
2409904
2410453
2410928
2411852
2412522
2412668
2412892
2412898
2413396
2413673
2414276
2414556
2415178
2415821
2416218
2416355
2416900
2417512
2418176
2419067
2420027
2420478
2420714
2421358
2422097
2422816
2423539
2424251
2424579
2425045
2425052
2425216
2425278
2426209
2426523
2426969
2427486
2428055
2428096
2428163
2429128
2429476
2429571
2430281
2430771
2431757
2432287
2432778
2433149
2433436
2433495
2433972
2434470
2435323
2435483
2436371
2436784
2437066
2437188
2437562
2438499
2438918
2439080
2439945
2440765
2440974
2441649
2442341
2442640
2442801
2443287
2443508
2444108
2444798
2445094
2445333
2446012
2446549
2447435
2448355
2449125
2449163
2449752
2450065
2450889
2451498
2452319
2452349
2452682
2453564
2454214
2454568
2454689
2455274
2455716
2456536
2456596
2457084
2457511
2458361
2458780
2459725
2460439
2460444
2461259
2461730
2461773
2462178
2462443
2463142
2463559
2464064
2464441
2465025
2465130
2465643
2465952
2466768
2467754
2467980
2468841
2469465
2469755
2470469
2471255
2472205
2473154
2473187
2473405
2474243
2475160
2475486
2475930
2475981
2476172
2476316
2476866
2477613
2478095
2478199
2478421
2479025
2479259
2479548
2479768
2479931
2480688
2481500
2482259
2482906
2483456
2483813
2484803
2485225
2486039
2486834
2487309
2488270
2488361
2488831
2489069
2489446
2490162
2490892
2491625
2492334
2493329
2494284
2495125
2495289
2496286
2497209
2497310
2497766
2498295
2499163
2500088
2500432
2501402
2501737
2502055
2502720
2503470
2503521
2504386
2505271
2505735
2506093
2506631
2506707
2507482
2507500
2507635
2507993
2508614
2509069
2509480
2509771
2510072
2510314
2510381
2510854
2511719
2512102
