La primera linea indica la cantidad de minutos a considerar (n). Luego vienen n lineas que corresponden a los x_i, y luego los n valores que corresponden a la funcion f(.):
6000
490
309
130
400
65
121
218
457
439
467
228
267
275
75
277
84
446
211
319
241
478
377
377
477
334
262
148
186
331
149
349
491
24
142
141
416
409
386
152
355
160
38
113
67
66
239
497
135
173
72
295
41
165
134
158
253
315
362
414
30
435
306
246
46
75
24
362
470
127
188
377
442
316
351
422
105
196
315
34
161
389
34
309
207
44
386
145
104
101
379
435
265
281
192
292
196
137
105
447
484
399
193
293
469
354
255
231
18
78
115
378
115
468
90
438
311
309
403
293
166
449
114
438
363
195
374
370
203
484
151
77
238
45
484
236
266
224
100
459
153
274
111
479
40
45
119
31
339
343
417
432
217
203
45
409
285
318
192
270
68
416
235
437
495
195
98
313
11
193
119
267
130
298
494
303
453
441
23
434
433
355
76
340
477
206
157
307
86
489
81
411
310
4
399
295
490
75
123
456
421
199
303
56
68
265
134
452
475
378
326
269
279
145
314
485
4
252
6
138
20
273
103
215
398
206
477
296
448
8
371
417
100
172
211
252
390
302
101
348
187
439
69
227
165
206
240
373
212
436
393
141
295
72
312
243
121
150
223
479
173
147
366
35
111
100
374
79
228
112
17
448
484
453
334
223
107
217
143
92
423
113
143
308
301
157
240
411
463
83
215
356
382
113
218
275
27
460
330
167
82
56
446
26
20
450
133
417
26
479
249
87
299
9
182
499
181
386
334
491
158
420
127
184
319
266
312
138
439
123
114
406
431
338
398
411
415
477
5
393
242
83
419
11
332
34
224
106
28
12
59
354
138
267
189
268
181
188
12
102
433
130
419
68
90
296
289
82
327
429
332
217
192
436
22
296
130
374
125
383
244
71
168
487
29
65
323
95
340
46
276
180
428
311
473
233
456
35
468
316
132
249
234
445
274
474
450
410
274
89
19
499
93
106
128
393
221
51
496
456
393
125
392
293
280
330
357
111
216
172
393
407
284
297
234
87
140
262
487
159
217
274
331
117
427
56
164
227
396
218
267
65
254
184
483
217
498
439
97
144
280
498
190
407
475
208
128
59
131
365
353
188
263
118
314
489
163
140
102
200
263
92
489
280
390
46
105
423
371
222
8
192
82
362
33
450
143
278
146
142
159
318
71
293
321
281
248
96
404
154
287
7
385
84
17
157
190
6
206
497
410
203
279
298
99
450
395
289
109
39
102
166
131
154
439
259
437
400
66
73
140
414
388
235
447
30
484
213
285
354
363
261
95
331
440
443
447
455
377
442
231
337
119
430
304
483
359
311
154
48
319
107
192
360
448
493
260
261
233
333
292
420
123
452
492
108
227
469
396
225
232
194
119
475
397
167
20
269
133
390
102
439
205
487
345
431
471
497
269
222
31
257
117
486
334
266
225
157
470
259
295
258
250
70
499
326
342
352
91
17
20
235
483
326
413
111
333
283
445
475
185
337
334
474
202
481
334
26
395
134
8
279
388
109
259
469
462
409
93
288
410
155
33
371
384
52
418
371
349
290
300
155
64
175
78
498
194
409
89
43
422
130
45
481
68
389
227
19
226
401
114
32
412
71
408
222
179
242
298
284
238
102
357
92
137
470
236
414
118
407
220
447
349
290
334
304
429
402
249
500
455
6
398
351
138
188
60
226
137
381
246
182
14
472
206
245
400
149
84
469
210
362
153
362
49
240
306
33
486
444
95
132
100
268
83
11
208
151
467
206
396
376
178
134
350
478
470
305
281
106
285
448
405
428
337
99
158
326
331
434
479
430
273
47
81
180
222
192
486
237
425
362
76
46
319
189
64
63
469
492
378
186
142
295
342
420
105
459
58
277
149
74
144
76
257
175
7
244
459
432
215
302
380
284
15
190
197
383
84
78
373
268
403
281
41
244
393
52
110
139
20
244
484
324
388
59
39
154
145
30
438
89
312
449
480
288
275
420
87
377
344
248
97
472
303
409
427
178
332
68
150
322
52
128
304
102
94
424
78
276
367
91
409
257
14
242
384
385
56
203
316
18
425
212
407
52
160
394
391
466
120
169
88
266
424
265
69
397
116
392
425
359
185
116
84
396
379
74
12
220
309
186
417
249
320
474
333
15
227
238
325
272
493
82
69
356
146
88
186
390
195
213
311
347
329
297
124
232
310
76
185
97
359
266
466
98
426
334
417
114
269
158
161
83
135
469
197
171
240
286
349
131
411
372
389
30
316
366
143
444
96
66
208
101
145
217
65
86
474
117
189
40
21
84
416
347
465
97
123
34
325
469
447
146
339
352
106
293
292
137
117
476
253
309
464
359
234
26
24
405
227
139
191
190
92
350
334
385
265
255
269
35
103
336
178
450
416
111
136
3
285
169
382
304
111
100
436
95
359
332
480
204
10
182
173
397
112
271
39
445
136
239
157
209
393
277
423
357
382
350
200
39
42
79
345
191
96
197
94
357
255
459
459
59
497
460
151
199
479
236
143
314
492
101
392
7
388
421
461
191
240
140
180
351
250
435
339
119
297
273
431
81
345
115
312
430
312
455
338
336
341
283
360
278
19
397
392
147
118
338
303
55
69
328
196
419
103
43
369
339
326
329
271
282
386
78
226
121
132
444
283
344
76
372
302
499
408
358
86
399
5
473
473
281
152
91
30
280
10
462
352
188
79
144
59
242
500
467
427
398
300
385
240
468
311
474
177
220
279
446
268
64
239
41
167
156
357
241
456
341
126
489
373
401
469
314
28
406
276
443
335
429
52
342
86
452
317
293
293
371
212
396
428
110
212
375
472
304
252
80
399
263
33
221
336
128
476
248
252
441
418
451
378
479
107
156
24
382
34
56
439
281
449
281
346
279
384
316
64
338
176
334
129
295
103
407
331
290
193
142
75
78
72
84
53
222
83
484
354
468
384
53
469
83
133
367
400
482
140
456
333
296
214
472
468
497
283
465
466
281
253
66
487
383
212
150
385
95
489
428
391
409
345
245
121
191
94
258
270
457
380
441
434
67
255
66
417
440
162
8
197
100
7
259
263
197
25
374
466
273
3
286
375
365
206
50
304
246
20
275
210
478
347
31
242
427
216
205
403
485
41
209
6
168
316
481
246
46
237
161
46
305
412
466
346
293
370
326
294
348
41
27
80
211
81
183
356
436
403
74
436
215
398
443
415
57
232
119
330
298
362
85
108
205
203
406
188
215
109
384
244
326
401
324
246
237
381
245
482
69
31
176
328
127
128
282
169
77
401
110
316
483
145
268
238
250
404
443
489
498
334
287
297
431
158
110
191
74
207
127
139
29
404
173
268
187
409
129
183
425
355
83
64
62
195
67
464
240
353
379
155
331
123
322
342
280
317
208
173
96
216
20
301
410
30
452
362
227
296
425
260
344
142
35
226
348
303
2
37
308
189
483
312
119
390
307
384
364
228
149
180
399
17
420
193
224
157
177
57
202
60
2
332
154
431
331
106
492
368
88
288
372
459
475
89
224
480
406
70
110
182
120
315
341
253
439
176
193
263
350
235
18
448
36
7
367
33
396
177
408
317
434
136
481
257
349
122
442
318
288
195
355
438
328
389
3
492
339
382
343
337
365
464
483
424
210
474
195
46
442
102
75
363
136
494
1
109
207
326
4
292
248
59
164
69
221
468
332
172
468
499
188
35
276
40
14
388
332
387
283
331
47
188
209
78
372
413
146
293
187
6
298
129
192
113
192
337
232
136
441
16
491
154
35
449
318
227
378
365
483
166
225
41
493
421
451
266
201
424
430
464
326
76
190
456
290
463
301
135
215
126
76
65
202
142
313
411
171
14
266
473
82
154
62
300
268
278
216
485
461
113
359
70
306
380
376
60
155
299
115
440
383
71
474
373
294
452
334
30
472
168
71
353
359
234
332
437
245
216
105
287
306
4
301
365
301
481
85
149
408
121
12
359
159
144
216
154
94
274
61
2
494
180
380
146
441
212
467
94
439
476
80
286
250
330
50
250
138
47
60
2
77
326
396
149
291
74
374
279
159
154
145
160
428
232
437
68
351
215
103
182
353
490
200
126
61
383
450
156
220
305
146
423
298
437
201
119
252
323
480
475
293
9
264
268
229
243
487
234
58
223
228
211
166
282
205
274
445
196
86
480
385
446
46
59
488
44
342
455
212
288
269
384
206
159
67
303
229
360
87
410
393
383
248
346
30
180
327
292
181
394
48
118
37
312
495
465
71
433
467
434
14
303
394
113
130
125
495
335
54
85
213
462
327
218
292
289
436
280
223
106
33
78
129
187
424
135
360
442
494
268
500
154
138
82
154
237
39
206
48
373
359
241
329
71
211
43
14
361
277
23
344
271
345
283
243
492
227
415
192
74
400
122
179
459
326
95
295
285
14
498
466
85
193
157
205
94
321
98
173
445
293
53
34
439
422
314
284
30
240
416
138
92
226
33
184
417
20
308
221
329
429
82
320
445
322
445
129
219
65
21
130
415
100
499
269
42
428
366
28
308
237
449
282
456
369
273
272
9
175
300
76
382
117
253
217
194
65
343
494
381
274
2
83
255
392
69
255
75
112
63
227
456
462
114
79
347
479
334
97
305
108
257
340
348
82
194
342
175
205
410
115
158
128
117
123
485
137
73
55
368
219
245
279
285
131
421
66
225
416
267
451
157
451
241
125
235
131
347
127
152
481
190
210
117
443
472
448
172
441
41
268
256
402
296
340
247
344
240
94
96
64
460
96
339
108
466
378
353
280
342
270
382
486
337
63
7
115
446
187
79
473
260
51
272
149
232
22
295
226
459
115
264
240
200
355
62
196
180
257
73
167
221
191
321
370
444
220
416
156
61
336
124
66
24
202
420
116
177
24
77
276
84
300
325
8
149
431
165
445
150
33
155
216
138
302
447
226
200
83
322
379
459
447
66
260
72
472
370
317
212
192
163
126
266
312
398
64
88
39
216
117
312
159
112
122
279
111
250
136
176
120
403
326
214
466
1
192
479
492
183
140
260
466
230
358
16
113
117
125
451
387
32
427
106
468
323
108
243
257
61
65
139
365
27
491
369
173
329
16
78
122
456
252
419
8
178
11
292
380
93
381
210
285
461
332
421
223
289
173
300
64
215
388
185
380
97
185
250
388
231
54
43
416
381
436
471
307
404
222
138
430
391
211
361
329
294
227
87
160
1
251
144
189
175
315
84
430
303
415
366
25
239
412
49
16
295
183
414
109
181
95
369
485
265
500
346
295
161
466
201
371
15
306
33
25
132
274
2
482
60
328
125
174
444
360
63
368
148
209
72
428
346
324
81
151
146
410
463
202
23
228
199
467
88
71
338
83
353
150
73
476
60
342
484
319
60
331
184
470
479
209
114
438
419
366
9
209
432
168
96
14
32
443
189
64
465
286
69
188
142
255
161
156
238
115
380
123
205
293
140
91
291
251
272
440
147
97
426
350
295
153
306
284
354
295
99
385
34
191
97
190
90
171
46
184
165
110
267
467
211
265
117
11
309
206
90
335
229
240
98
431
315
200
455
73
337
10
188
235
320
258
463
328
67
107
335
482
72
91
124
313
450
323
127
442
255
464
1
150
458
491
303
282
268
184
169
458
432
456
426
376
55
243
496
50
446
183
332
156
309
122
468
360
84
96
278
406
1
161
248
405
291
185
132
280
386
197
48
422
475
251
308
377
260
254
349
309
130
277
184
451
216
66
130
239
331
155
400
351
278
321
236
436
255
218
243
258
457
320
157
352
90
333
20
263
150
210
262
327
46
335
228
78
179
425
44
448
146
186
183
467
160
8
88
443
66
337
6
215
61
118
174
5
12
360
79
63
352
303
370
290
14
37
277
194
134
150
462
472
208
207
137
415
160
231
401
204
265
221
439
212
389
212
405
300
184
263
189
30
314
225
335
389
301
359
13
427
478
256
107
142
60
317
14
259
463
48
142
423
284
387
85
83
217
331
348
308
347
25
236
109
477
123
183
267
68
238
432
88
279
390
201
78
26
285
464
491
359
471
118
44
420
229
158
434
435
215
90
463
316
203
242
375
494
171
317
428
255
263
487
121
335
12
473
102
248
114
198
472
4
306
67
423
488
329
397
82
489
272
342
304
165
311
258
231
58
182
383
237
2
363
451
105
178
95
256
280
142
144
494
420
82
79
300
83
323
112
108
431
479
220
230
471
201
158
190
396
106
16
474
441
388
143
164
95
372
156
156
93
435
245
86
141
135
185
52
293
204
297
316
142
347
130
498
316
58
229
132
345
434
129
484
448
163
209
19
406
304
178
340
372
225
302
146
351
413
460
197
343
255
489
405
8
372
375
147
348
318
181
498
340
486
89
184
70
281
344
469
186
302
423
355
242
399
330
443
217
488
196
273
114
56
456
52
114
293
391
354
24
324
403
69
308
372
110
13
387
495
185
17
258
228
369
125
93
138
16
448
306
187
48
308
167
87
24
337
259
156
59
98
85
285
316
117
108
270
162
194
29
337
253
355
355
198
482
441
30
267
24
404
107
69
293
480
77
9
459
344
89
159
260
455
240
201
113
359
467
119
256
53
291
328
146
14
70
8
35
229
17
96
434
97
416
43
344
185
391
57
451
140
105
410
280
132
236
107
89
446
16
377
170
390
237
100
496
353
471
112
370
77
112
411
480
419
229
217
83
434
458
416
346
352
83
435
195
70
351
99
461
209
71
221
497
83
209
128
340
244
441
183
354
203
356
24
2
190
461
423
186
175
150
119
14
176
459
236
64
25
240
69
315
224
98
3
484
346
237
399
387
138
2
450
388
214
283
238
363
380
260
417
221
221
327
399
455
114
314
131
268
276
238
362
51
227
358
324
346
17
224
414
16
457
101
499
247
308
213
49
90
312
271
144
409
184
428
257
95
454
214
291
344
456
474
416
422
425
153
335
321
356
439
270
222
51
87
198
265
90
43
452
362
435
104
91
429
307
113
404
398
146
337
246
350
171
394
148
341
14
29
381
317
240
107
460
369
251
143
89
340
17
496
295
74
247
232
206
488
92
112
371
243
303
344
212
215
298
13
40
437
352
499
374
79
404
465
272
334
316
471
234
255
270
171
343
459
11
488
259
144
135
273
323
460
472
79
268
413
188
283
463
500
302
327
243
103
478
446
169
105
75
343
338
262
110
149
337
500
124
290
39
208
330
484
189
77
223
103
210
297
319
340
460
181
373
345
122
172
71
242
376
29
164
230
200
191
337
182
402
280
323
232
113
126
307
231
255
64
36
59
325
283
192
51
455
250
134
125
67
467
423
168
206
403
172
257
236
7
176
87
378
224
401
416
101
324
487
159
18
226
281
1
68
113
19
498
382
243
423
314
362
175
221
316
412
385
195
277
117
402
445
339
455
258
32
476
222
140
475
459
84
242
473
250
466
126
235
497
80
108
52
336
378
112
378
100
87
306
294
143
207
446
312
153
448
309
398
262
118
117
282
203
245
123
253
42
123
122
286
211
429
187
373
218
377
59
309
356
8
252
300
18
362
390
427
484
205
268
367
176
454
114
350
53
152
191
69
195
301
130
483
365
450
33
439
25
23
487
65
97
176
123
310
241
262
395
421
397
444
269
149
496
16
321
154
327
173
418
78
168
130
266
382
365
47
417
243
103
172
265
113
409
443
234
443
6
379
438
463
252
244
116
455
164
162
397
263
271
500
319
181
204
315
341
455
228
491
417
262
159
1
295
168
276
277
97
56
481
444
212
419
60
13
227
19
144
204
270
490
458
494
404
455
180
136
199
408
19
283
150
119
152
451
125
132
285
462
231
75
131
238
206
100
154
500
32
397
315
376
9
57
234
92
82
494
311
17
94
347
379
246
394
120
368
444
240
82
457
198
86
473
12
295
403
328
184
339
56
311
406
136
447
371
483
410
323
346
244
372
387
481
341
264
329
360
473
109
306
397
250
465
279
153
316
268
429
126
420
374
63
461
446
348
424
176
401
236
74
371
328
294
7
101
307
68
214
189
366
309
260
114
402
283
256
79
243
26
63
160
192
139
493
457
421
299
81
131
117
21
398
69
380
358
475
24
442
3
163
116
147
406
131
87
330
309
118
140
480
55
71
451
273
114
135
122
387
3
124
222
310
354
274
403
123
122
489
494
221
273
305
389
306
463
375
150
300
416
6
46
204
315
153
191
437
470
334
229
172
397
338
156
167
14
452
479
261
325
427
79
389
332
69
474
58
204
429
67
317
38
188
480
276
494
6
243
381
53
487
414
23
183
19
218
421
44
155
399
432
201
240
169
57
271
252
366
356
293
139
215
76
32
206
284
391
142
201
99
5
308
157
57
287
300
10
255
169
263
137
407
352
14
374
120
346
250
33
169
166
95
101
134
314
308
224
216
219
128
143
308
121
211
278
131
366
420
93
302
488
252
479
53
306
492
453
80
271
10
87
225
23
137
291
481
219
425
25
306
232
420
92
422
385
445
35
307
120
218
224
476
433
81
237
475
487
49
37
308
347
230
188
169
440
368
322
420
77
248
240
288
424
64
482
92
279
270
377
412
423
235
161
275
187
417
69
196
303
145
461
445
91
417
119
378
79
472
469
167
294
159
404
304
290
39
191
358
295
3
409
413
86
442
193
200
464
352
288
199
34
99
152
358
368
174
323
403
487
301
52
305
151
392
471
130
260
300
271
365
91
283
92
153
76
119
305
366
437
361
317
192
185
297
197
350
160
3
345
170
344
127
327
342
83
32
368
188
38
327
485
150
58
221
334
256
274
207
264
90
187
151
431
193
461
119
178
28
39
342
468
113
42
53
320
479
341
410
397
65
14
493
91
171
493
496
10
40
222
420
468
376
73
219
35
415
79
104
412
213
123
123
259
234
245
55
385
364
261
371
485
42
234
128
472
267
5
378
174
469
436
304
353
375
240
107
445
277
61
1
434
287
322
413
320
17
307
239
223
193
500
426
315
40
146
265
26
361
304
49
456
499
401
372
97
66
77
496
317
468
451
391
92
164
403
421
372
313
109
137
207
151
334
180
283
38
55
350
160
457
94
332
194
210
160
202
93
231
39
277
317
298
284
424
129
99
197
120
484
206
337
33
139
289
303
85
447
426
43
342
228
161
58
149
268
379
46
221
333
384
115
410
148
227
139
481
88
383
290
201
19
217
299
294
312
435
243
213
452
272
79
204
2
45
267
125
379
130
210
375
408
455
487
68
161
466
485
116
387
108
454
247
452
249
286
345
353
334
257
12
421
244
293
72
375
443
118
46
325
483
144
254
197
340
190
267
201
491
301
489
248
181
334
318
442
432
377
484
425
88
108
436
107
255
437
126
5
232
198
285
12
443
170
374
253
381
499
496
282
301
332
320
290
325
72
269
272
240
102
371
44
15
7
299
11
382
420
62
392
426
272
486
382
336
166
253
235
429
9
341
306
275
323
237
435
160
283
196
251
109
288
486
373
165
293
334
269
416
1
371
418
108
93
94
121
363
167
336
298
403
317
115
185
115
98
313
298
379
229
49
43
12
460
304
403
253
480
56
331
275
457
470
406
356
473
207
371
411
334
256
297
381
60
292
476
291
242
211
19
290
415
344
366
204
263
379
411
80
217
270
185
70
415
318
297
114
284
459
151
481
484
438
98
144
466
96
302
330
169
332
182
79
29
400
201
395
424
29
207
58
458
228
441
153
66
473
477
192
472
458
422
235
325
32
62
356
354
102
312
287
430
194
95
218
111
362
241
475
107
245
470
46
381
288
295
38
21
202
72
101
224
453
235
81
103
252
300
237
451
355
335
396
310
81
58
153
88
185
63
29
208
453
414
245
230
99
481
128
230
127
384
88
157
28
225
436
148
276
237
313
145
165
304
126
239
131
312
249
394
253
274
384
348
259
178
150
436
33
275
373
293
254
116
58
118
231
66
52
306
163
288
84
195
345
498
460
478
455
390
84
125
2
401
1
139
328
146
119
397
422
34
288
455
95
322
261
407
247
213
461
312
40
495
433
165
464
346
290
388
195
45
475
12
474
116
333
4
499
215
30
421
486
360
145
275
261
167
223
391
239
52
115
460
428
118
256
199
205
68
224
293
33
445
339
348
248
393
452
139
214
197
489
483
93
189
141
281
355
99
499
42
486
120
425
345
418
328
309
209
302
425
207
415
139
323
429
156
483
358
228
269
222
464
452
56
399
445
110
270
55
21
240
471
470
118
202
469
13
168
478
160
250
48
468
457
101
483
116
178
387
457
157
8
286
115
7
129
66
81
467
304
406
248
167
71
163
444
174
404
127
131
92
410
415
374
156
174
18
414
187
266
72
71
155
284
228
56
163
381
183
480
316
28
19
390
498
124
369
283
348
421
166
27
183
420
168
465
342
50
110
181
160
242
264
160
212
385
425
302
265
309
244
242
272
493
351
168
333
354
274
248
261
322
494
349
474
7
230
425
347
117
430
151
21
65
318
28
238
118
222
154
485
143
422
298
458
112
342
5
186
423
308
454
396
280
101
78
493
465
441
432
450
233
96
17
297
125
347
294
432
332
87
95
492
30
45
261
145
233
192
458
152
62
17
185
46
375
180
458
279
449
424
212
291
327
197
174
378
331
168
60
185
324
465
457
64
395
417
380
74
277
189
58
336
330
425
451
453
482
245
266
39
112
281
364
154
479
399
365
280
480
336
232
184
394
107
490
276
398
121
212
310
339
302
182
23
482
119
170
210
493
492
326
362
127
103
188
309
198
262
21
62
163
399
36
282
456
449
164
25
498
387
454
316
492
163
408
190
301
456
230
431
164
423
382
31
250
13
105
220
320
156
305
170
188
75
69
355
259
95
237
178
60
372
1
143
22
399
373
119
233
130
279
411
338
340
154
30
16
348
110
120
179
222
104
262
282
397
402
161
16
461
253
180
277
236
201
79
60
235
278
172
135
385
321
431
363
407
66
484
22
246
139
218
27
498
276
383
189
41
260
465
165
409
349
333
364
139
191
470
427
287
452
304
488
494
312
329
225
378
491
139
340
4
126
296
323
497
195
299
10
318
262
487
457
162
202
10
451
293
378
4
224
21
97
476
190
106
125
416
50
439
247
269
169
297
178
39
371
427
196
303
455
128
114
200
69
244
67
249
130
455
330
378
83
231
302
14
141
409
385
470
436
190
322
103
455
363
472
314
306
228
49
100
1
379
442
114
227
424
462
197
210
397
188
334
261
331
313
351
416
284
181
476
328
257
459
158
231
398
84
24
232
256
37
260
225
395
246
99
458
70
235
321
491
317
220
411
74
236
428
274
434
246
452
1
14
472
246
275
216
267
168
44
219
113
34
69
396
232
353
481
49
237
344
128
289
41
433
203
374
290
15
444
84
439
38
492
193
231
387
168
285
112
352
383
341
13
180
323
430
322
104
455
478
268
72
343
220
396
93
441
168
356
231
33
436
167
122
494
237
50
497
346
74
92
118
268
85
70
215
282
396
211
199
342
254
147
292
460
10
240
388
481
347
343
441
460
386
230
214
126
30
300
285
343
13
360
332
316
304
36
56
177
164
83
148
373
206
404
71
170
252
289
487
162
480
430
36
135
391
163
446
459
249
86
299
351
45
124
5
410
371
178
45
21
444
65
73
290
239
491
45
19
404
402
324
229
256
347
104
28
382
109
173
391
490
236
163
15
227
319
414
253
99
434
130
50
472
220
456
415
254
357
475
200
76
226
71
14
184
90
180
68
170
245
242
399
312
449
178
189
463
37
401
48
178
140
117
424
423
420
271
490
413
378
167
449
58
7
169
290
57
103
133
12
460
110
376
77
270
130
65
383
236
187
282
190
235
345
273
256
279
138
142
259
473
124
216
239
420
248
328
435
122
212
378
262
59
191
500
270
217
355
452
176
482
162
263
340
467
143
459
5
271
288
232
135
347
439
74
481
107
50
364
4
180
477
499
313
344
78
52
251
65
201
185
274
288
36
15
150
99
215
384
192
329
187
195
296
91
420
197
444
288
77
302
448
335
246
181
92
70
466
324
473
437
86
202
197
259
339
39
99
134
185
488
115
370
207
351
340
146
393
8
149
275
74
116
67
461
264
452
354
375
147
451
372
244
173
189
112
299
40
287
165
162
428
41
339
491
356
475
18
44
16
317
174
94
242
137
397
430
489
256
411
426
455
371
487
207
443
413
456
110
224
411
101
115
378
216
272
452
334
148
379
92
20
23
429
46
300
78
372
92
442
498
220
137
277
376
115
422
484
284
435
210
138
88
364
355
319
114
362
229
223
499
463
427
234
107
478
154
391
237
332
31
150
450
87
323
473
184
294
155
403
115
178
176
19
339
100
492
313
297
434
375
155
82
328
335
376
458
396
304
288
24
289
304
344
492
236
298
61
120
201
157
365
439
205
388
59
292
189
131
231
50
50
361
32
372
49
56
7
288
300
322
407
56
402
465
196
481
100
115
53
110
251
89
287
357
180
236
92
270
124
356
101
49
104
26
40
107
143
221
66
9
409
402
379
425
295
449
85
256
141
303
149
421
96
405
339
91
82
34
88
491
231
349
478
46
309
167
414
55
231
374
64
339
334
205
332
129
113
449
354
335
217
39
312
335
281
216
479
492
474
335
219
363
347
312
140
339
455
28
375
368
391
399
450
116
8
76
393
416
303
257
460
416
267
338
381
379
15
326
459
302
445
347
121
149
434
354
39
61
108
113
327
192
150
261
282
421
471
220
92
6
112
123
227
199
79
351
438
115
181
91
414
336
180
263
489
97
71
78
108
462
9
40
290
133
143
91
364
35
46
226
269
61
154
229
130
325
278
312
330
179
312
22
197
22
384
244
388
243
67
276
486
183
78
373
328
131
305
434
468
64
110
413
6
70
123
377
90
350
374
130
102
78
15
468
170
326
471
74
121
450
120
491
81
268
297
87
68
18
311
490
319
290
420
156
487
162
453
487
304
264
499
360
397
215
14
136
12
112
257
489
468
350
48
340
101
269
16
440
92
40
156
37
467
348
190
110
178
82
433
336
363
389
476
58
75
155
61
235
346
438
318
44
462
159
148
59
481
166
75
133
214
415
263
197
71
419
140
222
179
427
98
126
235
185
3
419
309
348
497
393
444
8
425
404
224
33
415
441
197
16
361
376
425
176
298
134
210
72
179
332
344
499
336
357
197
402
371
331
67
92
434
216
400
360
64
412
182
319
348
285
32
223
306
379
278
155
178
340
265
261
338
444
252
357
341
52
392
130
149
238
379
202
409
190
152
82
253
15
34
283
239
185
151
27
376
415
103
207
87
81
493
236
130
111
9
326
326
175
18
29
59
153
161
38
353
291
294
80
354
492
180
322
57
311
374
333
26
473
296
324
33
211
481
300
350
68
425
334
304
55
492
213
327
360
32
244
101
299
274
416
274
88
62
473
139
87
496
242
410
200
153
126
419
47
156
415
77
137
189
356
12
370
367
300
309
114
500
417
418
47
3
193
192
290
472
333
248
413
491
19
19
414
340
167
228
315
240
448
378
256
404
459
297
61
418
201
375
142
265
487
74
395
172
5
240
1
140
252
384
99
395
437
426
348
282
468
391
403
20
422
348
414
194
354
294
426
307
407
647
994
1695
1729
1792
2319
3260
3717
3973
4952
5428
6011
6541
7194
8172
9019
9381
9976
10738
10753
11099
11764
12506
13364
14281
14956
15279
16227
16584
17118
17430
18175
18879
19536
20375
21158
21887
22027
22038
22893
23700
24510
24661
25314
25708
25889
26145
26493
27027
27772
28296
28621
29201
29240
29603
29971
30072
30129
30903
31080
31760
32524
33279
33921
34454
35427
35901
36103
36767
37227
37447
38099
38717
38782
39124
39380
39759
40193
40535
41191
41313
42051
42962
43439
43943
44761
45305
46118
46186
46435
47112
47944
48787
49184
49280
49738
50287
50462
51347
51930
52282
52785
53603
54310
54372
54802
55734
56448
56742
57412
58139
58597
58733
59503
59640
59841
60266
60900
61201
61508
61529
61814
62772
63341
63626
63792
64016
64105
64555
65317
66268
67134
67311
67877
68730
69468
69861
70215
70801
71100
71865
72599
72780
72979
73491
74089
74234
74375
75141
75486
75645
76543
76559
77108
77571
78067
78193
78704
79598
80051
80621
81301
81429
82399
83196
83894
84532
84667
84922
85566
86489
87159
87995
88406
88507
89474
89801
90571
91100
91295
92209
93052
93504
93568
94229
95151
95319
95847
96172
96856
97419
98322
99148
99854
100224
101084
101106
101489
101578
101626
102339
102466
102828
102966
103282
104126
104523
105039
105724
105754
106325
106858
107558
108028
108677
108977
109149
109558
110508
111275
111712
112507
113415
113920
114879
115385
116259
116871
116873
117105
117781
118523
119184
119544
120423
121326
121788
121926
122053
122523
123219
123510
123663
123684
124578
124624
124680
125014
125894
126125
126450
126951
127077
127676
128046
128191
128911
129647
130330
130575
131358
131881
132244
132350
133314
133392
133445
133772
134369
135245
136173
136608
136809
136837
137644
138263
139159
139717
140059
140915
141698
141902
142151
142711
142848
143507
144468
145037
145736
145951
146630
147216
147760
148344
149234
149830
150261
151103
151382
151923
152054
152482
152773
153334
154279
154713
154752
154764
155299
156226
156646
157030
157379
157850
158257
158769
159100
159264
159509
159667
160007
160102
160899
161280
161824
162469
163341
164258
164872
165696
166176
167138
167475
168462
168784
169525
170252
170542
170570
170585
171368
171929
172893
173118
173758
174582
174711
175203
175772
176191
176944
176987
177407
178247
178615
179380
180263
180602
180627
181096
181264
181269
182034
182606
183058
183976
184752
185289
185694
186070
186347
187204
187805
188616
188903
189774
190418
191374
191791
192041
192899
192917
193183
193677
193692
194206
195038
195526
196489
197472
198006
198649
199186
199882
200438
200693
201243
201355
201565
201575
201664
201794
202150
202779
202781
203368
203910
204391
204815
205324
205817
206307
206716
206876
207438
208101
208858
209369
210253
211244
211410
211705
212587
213246
213583
214218
214720
214855
215436
215743
216697
217347
218201
218809
219046
219643
220063
220114
220177
220499
220742
220870
221869
222452
223059
223749
224285
224471
224979
225529
225736
226044
226902
227465
227988
228161
229063
229958
230718
231396
231526
232328
232949
233674
234475
235048
235670
236187
236762
236778
237550
238224
238579
239159
239939
240010
240404
240571
241522
241769
242581
242602
243033
243599
244240
244955
245256
245767
246044
246683
247306
248169
248361
249071
249715
250687
251112
252056
252585
253119
254080
254485
254904
255774
256449
256793
257543
257901
258322
258477
258904
259157
260077
260562
261103
261893
262264
262715
263591
264508
264730
265602
266030
266665
266725
267125
267240
267353
267461
268182
269110
269542
270533
271255
271906
272365
272560
273326
273676
274329
275076
275496
275877
276590
276959
277924
278834
279674
280166
280720
281089
281183
281966
282760
283206
283567
284126
284966
285174
285421
286230
286733
287224
287944
288658
289447
290121
291118
291746
291904
292200
292471
292898
293062
293897
294511
294758
295132
295990
296169
296389
297015
297611
298472
298501
298677
299011
299237
300130
300268
300295
300565
301206
301383
302182
302269
302817
303049
304029
304180
304676
304992
305622
305916
306577
307503
307975
308650
308710
309512
310447
310755
310820
310870
311407
312012
312464
313375
313789
314344
315258
315751
316568
316760
316828
317356
317734
317992
318628
319211
319230
319283
320077
320758
321109
321326
321745
322706
323358
323928
324106
324782
324908
325694
326635
327197
327432
327911
328031
328721
329620
330124
331042
331965
332859
333028
333155
333934
334073
334762
335503
335706
336317
336663
337515
337650
338132
338334
338953
339856
340407
341326
342294
342963
343920
344075
345034
345790
346204
346613
347036
347552
348474
349088
349816
350204
350548
350864
350915
351709
352653
353587
354324
354382
354771
355434
355758
356714
357272
357752
357754
357942
358127
358959
359496
360135
361057
361232
361364
362006
362415
362472
362630
363415
364146
364466
365171
365672
366588
366649
367227
367928
368916
369345
369719
370273
370618
370913
371048
371968
372501
373491
373872
374460
374975
375917
376020
376452
377065
377224
377595
378394
378584
378782
379317
380199
380562
381132
381828
382377
382655
383331
384047
384948
385582
385681
386677
386918
387745
388520
388979
389427
390145
390876
391136
391153
391325
391800
392494
392852
392871
393273
393796
394344
394948
395749
395977
396589
397439
397957
398793
399169
399241
399381
400342
400393
400688
400693
401574
402566
403077
404046
404574
405558
405700
406455
406819
406928
407473
407756
407879
408434
409222
409503
409893
410572
410913
411479
412222
412265
413111
413133
413479
413532
413876
414390
414446
414762
415031
415065
415755
416547
417228
417488
417979
418579
418701
419043
419239
419866
420085
420651
421118
421585
422507
423285
423357
424251
424492
425020
425063
425189
425748
425860
426025
426171
426407
426756
427401
428032
428164
428951
429885
430193
430358
430586
430910
431675
432007
432916
433058
433976
434255
434910
435044
435678
436518
437057
437934
438588
439272
440055
440263
440296
440870
441255
442251
442414
442614
442718
443239
444153
444853
445324
446206
447156
447282
447368
447595
448294
448882
449582
450200
450381
451067
451580
451822
452413
452641
453364
454121
455036
455599
455662
456463
456695
457004
457617
458303
458925
459204
459310
459637
459953
460692
461107
461766
462171
462377
463109
463931
464055
464422
464674
465161
465985
466247
466964
467819
468159
468592
469341
469526
470332
470428
470606
471468
472124
472670
472814
473780
474179
474256
474312
474323
475163
475749
476064
476291
476953
477765
478700
479561
479796
480392
480593
481396
482240
482822
483054
484038
484185
484409
484836
485356
486027
486479
486516
486769
487741
488119
488562
489467
490192
490919
491479
491914
492598
492994
493197
493577
493732
493828
494245
494603
495503
495721
496094
496151
497137
497841
498567
499100
499973
500121
500347
500969
501732
501745
502306
502882
503698
504405
505239
506142
506659
507515
507747
508562
508858
509709
510642
510720
511711
512144
512865
513370
514134
515043
515728
516388
517072
517238
517544
518134
518565
518859
519622
519844
520600
521477
521830
522685
522966
523399
523935
524010
524983
525892
526354
526853
527289
527969
528536
529136
529558
529932
529995
530175
531077
531149
532105
532279
532868
533734
534263
534827
535537
536433
536770
537366
537826
538287
538672
538838
538927
539552
539601
540491
540713
541206
541821
542493
543080
543669
544274
545000
545288
545891
546852
546922
547877
548034
548375
548693
549333
549683
549839
550837
551258
552162
552596
553566
554015
554689
555530
556253
556301
556382
557336
557603
558520
558709
559504
560274
561105
561867
562562
563266
563887
564677
564931
565877
566320
566622
567474
567766
568448
568999
569392
569852
570375
570982
571959
572118
572868
573193
573673
573953
574876
575810
576003
576337
576387
577234
577958
578925
579774
580723
581519
582427
583168
583492
583499
583586
583646
584419
584835
585133
586107
586277
586920
587132
587994
588490
589364
589731
590462
590996
591092
591692
592009
592952
593541
594306
594374
594927
595254
595915
596687
597219
597744
598709
599551
600452
601380
601928
601991
602331
602628
603378
603424
604359
604807
605686
605827
606511
607494
608302
608446
609386
609502
609883
610729
611706
612271
613236
614048
614065
614487
615401
616339
617258
618130
618197
618912
619472
620100
620612
621035
621839
622322
622490
622741
623509
623916
624190
625043
625164
625456
625773
626437
626641
626834
626887
627125
627571
627849
628389
628728
629414
629911
630604
631245
632141
632594
633322
633368
633978
634192
635048
635563
635760
636539
636725
637150
637810
638552
638776
638838
639569
640117
640533
640916
641438
641654
642217
643211
643659
644132
645132
645445
646018
646831
646998
647896
647929
648063
648393
649215
649710
649959
650279
651213
651440
651690
652391
653382
654237
655078
655976
656016
656027
656285
657246
657924
658420
659118
659765
660259
660596
661074
661977
662596
663400
663416
664163
664188
665125
665945
666784
667615
667909
668609
669518
669571
669816
670486
670489
670678
671476
672250
673206
673231
673762
674416
675066
675772
676675
676921
677219
677505
677761
678105
678458
679321
679512
680014
680371
680687
680894
681646
682113
682758
683305
683896
684322
684581
685306
685388
686364
687133
687397
688276
689043
689346
689825
690298
690969
691294
691774
692202
692344
692382
692529
692744
693455
693885
694446
694551
694844
695475
696225
696534
697176
697345
698158
699109
699913
699957
700564
701173
701553
701952
702928
703142
703377
703705
704016
704714
705066
705475
706375
707293
708291
708824
709149
709889
710172
711156
711928
712485
713094
713840
714449
714782
715439
716273
717099
717805
717888
717994
718526
719229
719391
720131
720752
720879
720880
721791
722624
723038
723616
724042
724261
724886
725410
726132
726419
726798
727516
728130
728154
729116
729937
730788
730939
731182
731632
731743
732280
732306
732388
733327
733687
734284
734447
735035
735712
735828
736388
736841
737273
738231
738609
739277
739735
740236
741056
741599
742556
743341
743381
743732
743991
744637
745211
745884
746632
747536
748435
749388
749427
750013
750743
751303
752108
752322
753014
753333
753939
754004
754315
755280
756076
757065
757718
758389
758656
758908
759362
760013
760435
761424
761548
762448
762775
763689
764570
765345
765915
766636
766839
766918
767505
767873
768865
769111
769834
770319
771066
771810
772073
772739
773518
774276
775095
775718
776215
776483
776769
777374
777557
777708
778270
778563
779017
779080
779833
779940
780715
781573
782319
782507
783207
783587
784315
784347
784899
785427
786166
786607
787577
788090
789031
789334
789725
790561
790564
790573
791398
791552
791902
791997
792158
793147
793908
794493
795484
795686
795972
796202
796576
796851
797548
797629
797940
798404
799070
799373
799467
799534
800456
800916
801009
801164
802023
802620
802895
803330
804055
804618
804714
805113
805365
805609
805704
805815
806238
806641
807416
807723
808141
808292
808821
809651
810343
810440
810501
811029
811293
812052
812586
813228
813848
814419
814663
815213
816138
816469
817324
817548
818206
818865
819424
819945
820867
821795
822245
822953
823525
823711
824610
824979
825627
825906
826773
827104
827416
827707
827752
828598
828964
829836
830446
831372
832258
832561
833307
833988
834974
835092
835940
836034
836320
836645
836831
837650
837930
838071
838075
838107
838512
838738
838908
839859
840855
841484
841583
841939
842163
842897
843054
843286
843359
843843
844045
844190
844759
845417
845716
845746
846551
846783
847372
847717
848583
848877
849435
849482
849997
850373
850666
851352
851548
852388
853072
854019
854425
854683
855388
856109
856751
856853
857413
857567
858014
858522
858622
859602
860502
860960
861667
862402
863003
863347
864112
864925
865535
866260
866463
866747
867100
867584
868454
869057
869468
870446
871344
871795
872059
872105
872839
873449
873795
874046
874828
875473
875726
876401
877117
877180
877678
877850
878299
878847
879733
879936
880563
881521
881648
882514
882577
882804
883469
884067
884196
885150
885510
885603
886091
886268
886328
886346
887227
887322
888061
888226
888399
888633
889139
889298
889370
889580
890033
890312
891042
891864
892733
893313
894297
894894
895123
895234
895796
895831
896725
897065
897181
897626
897901
898476
898590
899134
899774
900649
900725
901580
901674
901991
902582
903018
903184
903929
904239
904287
905046
905957
906561
907332
908310
908993
909419
909421
910180
910734
911026
911389
912157
912346
912803
913661
914203
914761
915252
915514
916140
916549
916976
917298
917476
917564
917988
918197
919130
920003
920486
920975
921429
921700
922117
922384
922782
923517
924169
925156
926140
926819
927475
928097
928161
928831
929001
929491
929703
930142
931105
931299
931826
932341
932532
932864
933381
934069
934872
935698
936348
937016
937475
937746
938288
939006
939598
940149
940286
941032
941977
942974
943323
944282
944376
944704
944748
945337
945499
946300
946582
947535
948443
948522
948871
949426
949513
950008
950726
950916
951844
952830
953722
954358
954502
955095
956058
956633
956972
957267
958011
958736
958830
959761
960494
960528
960637
961090
961660
962118
962214
962680
963228
964039
964548
965038
965124
965774
966216
966703
966827
967182
967299
967368
967952
968339
968518
969211
969777
970312
970527
971310
971421
971671
972458
972554
973154
973702
973974
974445
974515
974663
975337
976076
976137
976519
976791
977333
978112
979043
979386
980159
980744
980948
981223
981655
982446
983413
983975
984079
984588
985108
985812
986139
987080
987211
987476
987799
988739
989638
990484
991423
991833
992168
992855
993454
994363
994617
994659
995022
995512
995525
995556
996324
996811
997707
997836
998478
999114
999867
1000435
1001133
1001215
1001529
1002049
1002752
1003706
1004111
1004562
1004776
1005376
1005489
1006199
1006375
1006773
1007363
1008190
1008688
1009171
1009704
1010231
1011007
1011423
1012405
1012714
1012718
1012776
1012906
1013877
1014560
1015269
1016159
1016504
1016743
1017121
1018120
1018263
1018991
1019845
1020080
1020730
1021156
1021236
1021491
1021936
1022081
1022480
1022953
1023583
1024239
1024502
1024715
1024852
1025156
1025780
1026131
1026345
1026840
1026916
1027793
1028280
1028933
1029853
1030791
1031748
1032249
1032753
1033663
1033832
1034055
1034465
1034991
1035721
1035731
1036670
1036721
1036941
1037601
1037962
1038313
1039080
1039884
1040512
1040699
1041532
1041539
1042165
1042604
1042977
1043537
1043649
1044015
1044864
1045697
1046212
1046436
1046661
1047597
1048090
1048946
1049151
1049909
1050415
1050684
1050767
1051077
1052005
1052531
1052723
1052763
1053541
1054506
1054545
1055287
1055515
1056001
1056631
1057624
1057850
1058599
1058939
1059374
1060187
1061117
1061259
1061540
1062351
1062942
1063238
1064160
1064318
1064794
1065548
1066369
1066453
1067241
1067259
1068069
1068811
1069401
1069564
1070248
1071126
1071823
1072272
1072300
1072425
1072495
1073173
1073884
1074339
1074740
1075188
1076092
1076780
1077476
1078264
1078641
1079151
1079805
1080287
1080537
1080701
1080900
1081895
1082327
1082592
1082859
1083295
1083348
1083429
1083536
1084174
1084628
1084793
1084806
1084837
1085345
1085354
1086166
1086711
1087463
1087937
1088443
1089256
1089602
1090559
1091438
1091986
1092902
1093075
1093614
1094331
1094540
1094696
1095662
1096131
1096646
1097241
1097533
1098057
1098251
1098460
1099196
1099309
1099318
1099885
1100742
1101583
1101755
1102310
1102938
1103387
1104269
1104933
1105923
1106001
1106227
1107138
1107737
1108297
1108306
1108871
1109581
1110129
1110990
1111033
1111423
1111655
1112074
1112633
1112867
1113124
1113489
1113914
1114622
1115084
1115099
1115311
1115489
1115692
1116313
1116371
1116740
1117295
1118274
1118748
1119497
1120027
1120203
1120872
1121369
1121953
1122405
1122548
1122998
1123843
1123948
1124045
1124430
1124533
1125041
1125209
1125626
1126155
1126160
1126291
1126351
1127168
1127543
1127985
1128179
1128618
1129104
1129293
1129396
1130222
1130503
1131498
1132465
1132509
1132889
1133826
1134266
1134888
1135833
1136003
1136117
1136132
1136496
1137342
1137626
1138056
1139045
1139881
1140880
1141737
1142603
1143024
1143032
1143709
1144545
1145325
1146173
1146754
1147454
1147600
1147825
1148014
1148653
1148761
1149693
1149725
1150277
1150829
1150898
1151357
1152042
1152645
1153484
1154432
1155151
1155750
1156574
1157302
1157836
1158480
1158500
1159202
1159458
1159998
1160787
1160933
1161125
1161328
1161643
1162620
1163001
1163611
1164087
1164205
1164605
1165547
1165723
1166333
1166565
1167421
1167532
1168040
1168846
1169103
1169609
1170446
1171222
1171378
1171792
1171986
1172049
1172237
1172461
1173091
1173141
1173351
1173986
1174291
1174823
1175238
1175681
1175970
1176172
1177075
1177607
1177866
1178271
1178663
1178702
1178855
1179400
1180001
1180572
1180886
1181429
1182267
1182705
1183540
1184520
1184799
1185181
1185446
1186374
1186813
1187213
1187720
1187945
1188334
1188875
1188958
1189085
1189949
1190852
1191432
1192050
1192674
1193016
1193873
1194030
1194155
1194781
1195237
1195963
1195992
1196848
1197839
1198414
1199220
1199549
1200493
1201113
1202056
1202209
1203031
1203326
1203635
1204310
1204964
1205826
1205902
1206203
1206837
1207655
1208125
1208376
1208891
1209752
1209932
1210688
1211082
1211312
1212261
1212413
1212743
1212908
1213851
1214837
1215599
1216242
1217098
1217342
1217594
1218264
1218642
1219150
1219909
1220160
1220682
1221437
1221807
1222451
1223092
1223734
1223960
1224895
1225100
1225113
1225596
1226492
1227470
1228303
1229106
1229407
1230329
1230672
1230820
1231786
1232739
1233287
1234005
1234216
1234842
1235793
1235798
1236296
1237137
1237868
1238041
1238843
1239821
1240024
1240335
1240444
1240646
1241213
1241310
1241799
1242400
1242905
1243443
1243855
1244506
1245090
1245173
1246078
1246787
1247588
1248088
1248875
1249741
1249913
1250597
1250608
1251011
1251945
1252598
1252965
1253720
1254341
1255272
1256179
1256854
1257216
1258093
1259021
1259583
1260344
1260693
1261532
1261647
1262178
1262801
1262923
1263237
1263241
1263559
1264531
1265306
1266038
1266864
1267282
1267337
1268323
1269192
1269576
1270170
1270747
1271406
1271607
1271741
1272290
1272816
1273745
1273858
1274445
1275429
1276064
1276390
1276786
1277408
1278187
1279090
1279741
1280667
1281062
1281995
1282194
1282645
1282932
1283742
1283823
1283935
1284590
1285394
1285707
1285962
1286436
1287103
1287337
1287755
1288484
1289230
1289275
1289992
1290791
1290995
1291000
1291401
1291821
1291883
1292458
1293046
1293589
1293900
1294383
1295114
1295641
1296528
1296711
1297701
1298533
1299461
1299980
1300273
1300506
1300665
1301044
1301403
1302334
1302359
1302719
1302866
1302908
1303442
1303738
1303960
1304189
1304776
1305613
1306146
1306205
1306669
1307561
1308469
1309404
1309619
1310207
1310843
1311656
1312012
1312706
1313165
1313392
1313452
1314257
1314956
1315748
1316045
1316923
1317089
1317525
1318022
1318208
1319066
1319646
1320593
1320828
1321827
1322191
1323163
1323357
1323382
1324209
1324792
1325508
1325767
1326419
1326552
1326606
1326866
1327246
1327818
1327934
1328576
1328909
1329908
1330155
1330321
1330696
1330823
1331604
1331691
1332604
1333161
1333883
1333934
1334579
1334953
1335485
1336194
1336498
1337378
1337534
1338214
1338981
1339315
1340119
1340830
1341603
1341822
1342025
1342309
1343075
1343904
1344474
1344603
1344965
1345710
1346468
1346782
1347293
1347624
1348278
1348436
1349033
1349429
1350194
1350520
1350967
1350993
1351681
1352121
1352885
1353690
1354441
1354556
1355023
1355765
1356731
1357252
1357899
1358855
1359719
1360581
1360990
1361735
1362035
1362734
1363360
1363591
1363819
1364775
1365192
1365973
1366029
1366558
1366604
1367591
1368354
1368909
1369488
1369940
1370174
1370845
1371239
1371731
1371942
1372870
1373801
1373999
1374651
1375254
1376251
1376515
1376534
1376892
1377672
1378001
1378988
1379322
1380090
1380555
1381135
1381238
1381827
1382815
1383810
1384516
1385160
1385346
1385809
1386582
1386850
1387355
1388342
1388979
1389914
1390822
1391140
1391723
1391798
1392680
1393337
1393514
1393773
1394633
1394931
1395171
1395196
1396132
1397120
1397355
1397513
1397639
1398395
1398912
1399751
1400223
1400612
1400940
1401196
1401227
1401903
1402369
1403127
1404096
1404379
1405209
1405227
1406190
1406228
1406357
1406686
1407174
1407711
1408119
1408134
1408149
1408987
1409249
1409871
1410571
1411334
1412092
1412692
1412721
1412926
1413036
1413306
1414073
1414768
1415630
1415829
1416792
1417320
1417877
1418343
1418656
1418798
1419360
1419821
1420642
1421260
1421809
1421822
1422184
1422783
1422872
1423480
1424461
1424570
1424971
1425762
1426026
1426316
1426977
1427036
1427446
1428343
1428565
1428893
1429259
1430063
1430258
1430954
1431654
1431705
1432294
1432505
1433496
1433595
1434541
1435226
1435838
1436087
1436540
1436989
1437069
1437704
1437949
1438254
1439024
1439073
1439900
1440213
1440471
1440636
1440828
1440953
1441790
1442329
1442394
1442565
1442882
1443608
1444562
1445070
1446038
1446253
1447193
1447239
1447393
1448248
1448759
1449700
1450628
1451311
1452251
1453163
1453961
1454604
1454823
1455562
1456064
1456444
1457174
1458079
1459025
1459815
1460422
1461277
1461634
1461862
1462153
1462227
1462334
1463190
1464045
1464923
1464963
1465159
1466018
1466395
1466520
1467094
1468054
1469023
1469679
1470501
1470891
1471201
1471860
1472651
1473601
1473863
1473949
1474767
1475385
1476322
1477193
1477474
1478264
1478643
1479203
1479932
1480362
1480899
1481872
1482176
1482702
1482843
1483498
1483662
1484465
1484689
1484730
1485243
1485527
1485809
1485973
1486451
1486699
1486864
1486990
1487314
1487846
1488277
1488855
1489131
1489369
1489490
1489568
1490014
1490311
1490738
1491099
1492043
1492868
1493024
1493140
1493408
1494300
1494910
1495383
1495455
1495695
1496010
1496078
1496448
1497325
1498314
1499197
1499682
1499722
1500366
1501314
1502273
1502602
1503457
1503799
1504614
1505398
1505449
1506223
1507189
1507989
1508162
1508165
1508915
1509557
1509565
1509855
1510350
1511028
1512019
1512155
1512341
1512407
1512607
1513523
1514420
1514504
1514561
1515561
1516204
1516950
1517802
1518742
1519449
1519950
1520251
1520445
1520902
1520994
1521370
1522163
1522535
1523030
1523213
1523945
1524826
1525305
1526198
1526367
1526968
1527863
1528346
1528857
1529496
1529966
1530100
1530731
1531283
1531549
1532340
1532946
1533773
1534376
1535165
1535745
1536563
1537236
1537594
1537739
1537844
1538368
1538629
1539080
1539387
1539938
1540156
1541042
1541489
1542050
1542698
1542854
1543444
1543476
1544006
1544734
1545169
1545845
1546208
1546284
1546356
1547180
1547869
1548372
1548778
1549235
1550067
1551042
1551761
1551897
1552406
1552686
1552690
1553264
1553721
1554268
1554817
1555574
1556381
1557180
1557731
1557960
1558289
1558895
1559448
1559747
1560621
1561209
1561288
1562156
1563118
1564117
1564960
1565884
1566634
1566857
1567820
1568069
1568829
1569466
1569992
1570966
1571635
1572339
1572452
1573420
1574098
1574744
1575310
1575615
1576343
1576462
1576503
1577266
1577366
1578300
1578364
1578411
1578415
1578940
1579784
1579785
1580415
1580464
1581009
1581721
1582355
1582866
1583557
1583795
1583977
1584436
1584564
1584766
1585095
1585393
1585550
1586402
1586926
1587369
1587370
1587522
1588100
1588334
1588624
1589544
1589851
1590274
1591000
1591160
1591997
1592055
1592103
1592192
1592410
1592488
1592940
1593375
1594313
1594695
1594784
1595230
1596170
1596513
1597307
1597599
1598328
1598904
1599321
1599857
1600364
1601299
1602295
1602988
1603956
1604743
1605198
1605677
1606055
1606240
1606274
1606277
1607089
1607276
1607462
1607803
1608064
1608139
1608888
1609827
1610655
1611357
1612117
1612848
1613127
1613954
1614831
1615706
1616212
1617180
1617446
1617697
1618189
1618587
1619119
1619920
1620243
1621000
1621308
1622267
1622347
1622857
1623083
1623793
1624365
1624917
1625471
1625613
1626195
1626592
1627241
1627901
1628127
1628646
1628991
1629929
1630173
1630681
1630876
1630891
1631122
1631591
1632150
1633131
1633687
1633956
1634541
1635322
1635377
1635737
1636123
1636378
1636449
1636705
1637294
1637622
1637667
1638620
1638686
1639161
1639860
1640271
1640726
1641714
1641824
1642536
1642783
1643282
1644112
1644770
1645698
1645944
1646229
1646956
1647342
1647993
1648042
1648410
1649304
1649716
1649988
1650781
1651354
1651666
1652518
1653367
1653522
1653645
1654336
1655076
1655144
1655990
1656033
1656489
1656810
1656937
1657279
1657546
1657926
1658448
1659369
1659817
1660381
1661078
1661765
1662359
1662996
1663478
1663743
1663863
1664096
1664308
1664509
1665325
1665692
1666016
1666802
1667257
1667301
1668097
1668956
1669039
1669372
1670258
1671127
1672113
1672703
1672916
1673041
1673647
1674532
1675458
1676005
1676917
1677305
1678050
1678408
1678837
1679384
1680145
1681035
1681504
1682311
1683167
1684080
1684161
1685095
1685902
1686557
1687009
1687619
1688015
1688116
1689098
1689148
1689572
1689869
1690117
1690309
1690778
1690948
1691583
1692156
1692292
1693076
1694021
1694688
1695278
1695745
1696099
1696101
1696517
1696878
1697653
1697918
1698443
1699144
1699896
1700537
1700671
1701394
1702237
1702980
1703658
1703762
1704359
1704544
1704632
1704729
1705674
1706649
1706721
1706819
1707194
1708142
1708594
1709151
1709646
1710324
1711235
1712210
1712727
1712775
1713381
1713853
1714624
1714853
1715793
1715926
1716258
1717254
1717723
1718450
1719003
1719350
1719368
1720229
1720502
1720764
1720850
1721321
1721481
1721945
1721982
1722233
1722439
1723367
1724169
1724888
1725289
1726025
1726649
1726816
1727469
1727758
1727976
1728617
1728913
1729160
1729379
1729976
1730443
1730780
1731511
1732426
1733279
1733868
1734832
1735185
1735914
1736482
1736961
1737106
1738056
1738251
1738961
1739685
1740524
1740874
1740977
1741892
1742717
1743179
1743549
1744148
1745133
1745646
1746578
1746883
1747724
1748532
1749248
1750126
1750925
1751051
1751249
1751667
1752510
1752948
1753044
1753805
1754089
1754436
1754977
1755227
1756067
1756967
1757092
1757207
1757408
1758292
1758334
1758363
1758466
1759088
1759217
1759725
1760713
1760904
1760984
1761296
1761746
1762607
1763180
1763541
1764270
1764477
1764531
1764916
1765787
1766719
1767162
1767578
1768029
1768160
1768477
1768971
1769752
1769807
1770619
1771117
1771945
1772313
1772756
1772999
1773746
1774231
1774691
1775355
1775967
1776176
1777048
1777345
1777861
1778146
1778299
1779042
1779150
1779642
1779960
1780164
1780610
1780759
1780980
1781944
1782327
1782938
1783217
1783983
1784842
1785647
1785951
1785953
1786538
1786673
1787440
1787852
1788493
1788576
1788863
1788866
1789420
1790320
1790832
1791194
1791595
1792363
1793184
1793362
1793533
1793929
1794513
1795243
1795763
1796329
1796365
1796416
1796705
1797483
1798131
1798861
1799372
1800156
1800959
1801477
1801811
1802221
1802410
1802909
1803859
1804061
1804999
1805463
1806187
1806803
1807506
1807554
1807899
1808289
1808991
1809307
1809321
1809732
1809902
1810276
1810410
1811271
1811360
1811670
1812501
1812575
1813500
1814127
1814285
1814542
1815149
1816066
1816524
1816942
1817395
1818097
1818338
1819247
1819786
1820431
1821063
1821716
1821735
1822433
1823406
1824140
1824832
1825583
1826555
1827245
1828097
1828905
1829073
1829454
1830344
1830992
1831395
1831543
1831668
1832007
1832630
1833450
1833515
1834449
1834698
1835359
1835455
1835620
1836306
1836677
1836827
1837064
1837956
1838087
1838589
1839088
1839733
1840318
1840681
1841315
1841511
1841608
1842001
1842795
1843287
1843440
1843684
1844244
1844912
1845654
1846233
1846296
1846784
1847399
1848325
1848509
1848859
1849485
1850026
1850709
1851546
1852126
1852187
1852479
1852745
1852822
1853236
1853987
1854447
1854846
1855604
1855962
1856889
1857651
1857738
1858032
1858978
1859623
1860445
1860996
1861975
1862297
1862762
1863758
1863855
1864281
1864961
1865888
1866117
1866946
1867271
1868251
1869038
1870035
1870224
1870254
1870847
1870940
1870969
1871177
1871677
1872166
1873005
1873764
1874438
1874474
1874639
1874874
1875501
1875838
1875844
1876485
1876681
1876878
1877090
1877242
1878073
1878626
1879087
1879432
1880125
1880329
1880392
1880650
1880685
1880929
1881106
1881949
1882548
1883321
1883705
1884268
1884369
1884846
1885193
1885667
1886059
1886084
1886098
1886679
1886684
1887314
1887958
1888504
1889003
1889993
1890515
1890776
1891524
1892105
1892708
1893492
1894071
1894115
1894998
1895147
1895924
1896142
1896173
1896402
1897398
1897625
1898449
1899353
1899454
1900191
1900755
1901264
1902166
1902242
1902780
1903378
1904097
1904472
1905360
1905838
1906243
1906284
1906891
1906987
1907313
1907941
1907969
1908432
1908953
1909829
1909936
1910156
1910576
1910612
1911540
1912530
1912837
1912980
1913018
1913343
1913412
1913617
1914382
1914525
1914550
1915445
1916337
1916502
1916984
1917914
1918170
1918527
1919406
1920306
1920387
1920665
1921281
1921495
1922442
1922589
1923559
1924120
1924499
1924845
1925481
1925977
1926493
1926760
1927727
1928093
1928602
1929361
1929511
1929992
1930527
1931480
1931613
1932470
1933361
1933904
1934223
1935085
1935273
1935549
1936158
1936255
1936975
1937833
1938329
1938411
1939122
1940059
1940464
1940994
1941028
1941327
1941643
1941673
1941989
1942043
1942663
1942986
1943630
1943765
1944656
1945368
1946005
1946810
1947440
1947558
1948536
1948772
1949728
1950146
1950905
1951553
1951826
1952303
1952808
1952996
1953047
1953058
1953187
1954098
1954173
1954583
1954807
1955106
1955757
1956696
1957134
1957970
1958726
1959506
1960444
1961191
1961860
1962172
1962430
1962993
1963632
1964529
1964744
1965480
1965915
1966418
1966432
1967347
1968223
1969143
1969747
1970051
1970952
1971328
1971814
1972597
1973521
1974495
1974772
1975446
1976364
1977265
1977869
1978625
1978717
1978758
1978898
1979388
1979615
1980103
1980827
1981310
1981428
1982006
1982843
1983240
1983370
1984049
1984809
1985473
1986091
1986832
1987174
1987233
1988073
1988316
1988607
1989303
1990130
1990420
1990645
1990711
1991353
1991911
1992753
1993277
1993912
1994714
1994805
1995367
1996222
1997040
1997892
1998685
1998717
1999486
1999621
1999675
1999679
2000320
2000397
2001198
2001519
2002216
2003024
2003864
2004377
2004379
2004911
2005467
2006345
2006625
2007001
2007542
2007652
2007671
2007768
2008473
2008865
2009468
2010330
2011165
2012077
2012239
2012553
2013271
2013751
2014065
2014805
2014915
2015706
2016382
2016941
2017592
2018150
2019033
2019758
2019994
2020566
2021563
2022171
2022920
2023613
2024482
2025152
2025550
2026265
2026796
2027569
2027947
2028376
2029255
2029622
2030374
2031370
2032062
2032647
2032955
2033095
2033396
2033583
2034379
2034575
2034939
2035247
2035319
2035523
2036086
2036256
2036526
2037281
2037959
2038673
2039490
2039557
2039737
2039877
2040198
2040358
2041076
2041166
2041728
2042725
2042979
2043284
2044156
2044449
2045270
2045913
2045972
2046446
2047367
2048310
2048895
2049344
2049504
2050188
2050473
2050675
2051362
2052129
2052913
2053480
2053642
2054170
2054224
2054277
2054866
2055373
2055942
2056300
2056375
2057099
2058077
2058135
2058981
2059537
2059986
2060224
2060617
2060630
2060977
2061559
2062072
2062996
2063227
2063340
2063453
2063695
2064381
2064836
2065235
2065830
2066059
2066062
2066128
2066226
2067175
2067497
2068140
2068661
2069273
2069396
2070184
2070420
2071220
2072069
2072197
2072284
2073268
2073493
2073801
2074793
2075644
2075705
2076598
2077080
2077496
2078483
2078571
2079243
2079684
2079934
2080353
2080719
2081662
2081797
2082278
2082287
2082429
2082785
2083011
2083097
2083920
2084813
2084976
2085885
2086293
2086780
2087061
2087972
2088283
2088397
2088991
2089662
2090400
2090785
2090866
2091779
2092396
2093271
2094022
2094466
2094964
2095412
2095698
2096468
2097071
2098053
2098242
2098301
2098404
2099194
2099738
2100547
2101047
2101411
2101862
2101893
2102310
2103289
2103333
2103651
2104503
2104662
2105636
2106561
2106888
2106921
2107321
2107974
2108831
2109548
2110113
2110344
2110593
2110804
2111409
2112316
2112640
2112818
2112867
2113569
2114565
2114866
2115806
2115976
2116588
2116670
2117127
2117561
2118431
2118538
2119033
2119149
2119767
2120736
2121052
2121577
2122169
2122585
2122877
2123578
2124558
2124865
2125242
2125851
2125916
2126144
2126990
2127922
2127953
2128460
2128906
2129053
2129798
2129899
2130497
2130571
2131266
2131891
2132577
2132945
2133853
2134784
2135312
2135365
2135524
2135972
2136562
2136643
2136728
2137462
2137730
2137889
2137922
2138130
2138132
2138478
2139088
2140024
2140879
2140925
2141905
2141994
2142817
2143019
2143146
2143969
2144747
2144794
2145084
2145775
2146432
2147178
2147761
2148669
2148794
2149641
2149911
2150348
2151234
2151844
2152594
2153422
2154245
2154589
2154892
2155646
2155703
2155851
2156150
2156387
2157350
2157586
2158197
2158951
2159612
2160213
2160994
2161812
2162135
2162805
2163642
2164474
2164509
2165001
2165580
2165636
2166161
2166784
2167564
2168024
2168153
2169028
2169540
2169659
2170265
2170474
2171381
2171579
2171836
2171865
2171949
2171967
2172585
2172891
2173784
2174259
2174541
2174846
2175424
2175813
2176074
2176647
2177577
2178553
2179052
2179444
2179683
2180675
2181529
2182523
2183471
2183601
2184051
2184562
2185101
2185968
2186047
2186210
2186625
2187332
2188278
2188623
2189158
2190120
2190178
2190419
2191336
2191869
2192008
2192313
2193157
2194147
2194891
2194904
2195775
2196134
2196874
2197731
2198544
2199469
2200205
2200875
2201099
2201620
2202569
2203008
2203592
2203862
2204435
2205283
2205574
2205724
2205855
2206472
2207249
2208229
2209077
2209616
2210156
2211154
2212131
2212329
2212687
2213542
2214168
2214481
2215411
2215569
2216421
2216527
2216580
2217416
2218261
2218603
2219394
2219989
2220631
2221077
2222034
2222582
2222614
2222823
2223030
2223238
2223860
2224440
2225228
2225256
2225639
2225777
2226755
2227690
2228527
2229431
2229976
2230242
2230269
2230271
2230987
2231296
2232278
2232632
2233441
2234321
2234949
2235289
2235558
2236332
2236351
2236993
2237016
2237205
2237501
2238233
2238879
2239831
2240438
2241043
2241661
2241949
2242216
2242691
2243060
2243681
2244501
2245496
2245923
2246857
2247763
2248382
2249250
2250224
2250562
2251015
2251804
2252192
2252448
2253399
2254242
2255107
2255423
2255606
2255721
2256580
2257328
2257978
2258615
2259334
2259383
2259433
2259489
2259792
2259896
2260563
2260728
2260959
2261096
2262048
2262858
2262971
2263922
2264202
2264765
2265448
2266442
2267043
2267230
2267259
2268128
2268805
2269393
2269769
2269909
2270328
2270890
2271130
2271543
2271689
2271951
2272783
2273513
2274473
2275419
2276315
2276422
2276500
2277489
2278139
2278665
2278988
2279370
2279518
2280288
2280648
2281339
2281918
2282692
2283344
2284267
2285261
2285274
2285598
2286375
2287284
2287408
2288068
2288967
2289316
2289366
2290012
2290957
2291180
2291695
2291762
2292577
2293049
2293359
2293818
2294255
2294295
2295109
2295930
2296529
2296785
2297408
2298297
2298420
2298917
2299047
2300033
2300676
2300863
2301332
2301794
2302075
2302119
2302596
2302797
2303686
2304653
2305163
2306017
2306795
2307201
2307624
2307764
2307782
2308735
2309709
2310424
2311389
2311568
2311965
2312960
2313762
2314190
2314509
2314751
2315622
2316322
2316898
2316937
2317181
2317589
2317633
2317767
2318292
2318495
2319148
2319604
2320543
2321490
2322044
2322991
2323306
2324113
2324446
2324925
2325764
2325822
2326795
2327492
2327797
2328643
2329614
2330279
2330835
2330994
2331580
2331959
2332897
2333188
2333494
2334142
2334352
2334585
2335443
2335577
2335767
2336147
2336316
2336676
2337231
2338102
2338901
2339869
2340679
2341488
2342219
2342438
2343308
2344244
2344653
2345179
2345517
2346037
2346671
2347248
2348105
2349070
2349618
2349742
2350705
2350893
2351020
2351112
2351575
2351587
2351637
2351818
2352636
2353051
2353905
2354723
2355091
2355202
2355332
2356006
2356521
2357104
2357342
2357768
2358030
2358071
2358183
2358644
2358780
2359466
2359783
2360053
2360522
2361183
2361701
2361942
2362015
2362754
2363177
2364034
2364836
2365413
2365681
2366606
2366608
2367411
2368303
2368895
2368926
2369598
2369763
2370590
2371319
2372206
2372377
2372709
2373463
2373929
2374580
2374884
2374911
2375015
2375822
2375855
2376220
2376621
2376760
2377668
2378622
2378979
2379774
2380212
2381120
2381868
2382093
2382967
2382985
2383007
2383442
2383506
2383608
2384566
2384655
2385289
2385767
2386519
2386760
2387430
2387605
2387890
2388601
2389053
2389915
2390812
2390862
2391210
2391972
2392427
2393010
2393206
2394111
2395100
2395521
2395961
2396292
2397292
2397609
2398072
2398334
2398998
2399983
2400767
2401491
2402048
2402301
2403125
2403642
2404167
2404986
2405452
2405825
2406628
2406923
2407081
2407860
2408499
2409359
2410185
2411176
2411614
2412549
2413141
2413579
2414340
2414420
2415369
2415495
2416372
2416781
2417560
2418456
2418681
2418882
2419008
2419898
2420549
2421085
2421773
2421775
2422056
2422256
2422973
2423961
2424361
2424607
2425216
2425720
2426562
2427530
2427736
2427845
2428238
2429219
2429825
2430306
2430840
2431591
2432487
2433067
2433581
2434037
2434510
2434919
2435789
2436690
2437001
2437147
2437154
2437491
2437671
2438192
2439002
2439135
2439960
2440637
2441514
2442073
2442113
2442150
2442437
2442596
2442885
2443109
2443189
2443721
2444681
2445415
2445833
2446126
2446852
2447460
2448093
2448576
2448702
2449493
2450190
2450530
2450785
2451290
2451723
2451831
2452824
2453695
2454530
2454881
2455776
2456015
2456049
2456883
2457590
2457972
2458898
2459423
2460119
2460250
2460846
2460999
2461655
2462279
2462984
2463706
2464475
2465243
2466098
2466377
2466715
2466777
2467011
2467634
2468428
2468764
2469047
2469182
2469817
2470202
2470579
2471330
2472174
2472338
2472819
2473648
2474208
2474507
2474654
2475017
2475946
2476203
2476543
2477056
2477247
2477288
2478033
2478298
2478805
2478935
2479147
2479803
2479877
2480222
2480974
2481661
2482492
2483464
2483950
2484613
2485324
2486208
2486793
2487308
2488224
2488715
2489045
2489138
2489903
2490850
2491360
2491587
2492516
2492763
2492842
2493121
2493248
2493801
2494533
2495299
2495831
2496396
2496736
2497171
2497345
2497415
2497666
2498594
2498910
2499549
2500196
2501155
2501946
2501981
2502909
2503514
2504217
2505080
2505895
2506199
2506360
2506641
2506780
2507082
2507873
2508377
2508407
2508904
2509406
2510026
2510043
2510964
2511928
2512757
2513224
2513475
2513787
2514225
2514449
2514992
2515847
2516412
2517099
2517495
2517688
2518380
2518698
2518708
2518825
2519249
2520164
2520597
2521036
2521811
2521924
2522186
2522750
2523481
2523682
2524472
2524762
2525728
2526016
2526642
2526676
2526978
2527174
2527222
2527308
2528046
2528570
2529454
2530390
2530814
2531570
2532210
2533041
2533152
2533542
2533697
2534533
2534844
2535796
2536093
2536489
2537237
2537765
2538452
2539028
2539387
2539964
2540710
2541384
2542254
2543085
2543502
2543680
2543854
2544161
2544924
2545326
2546152
2546858
2547287
2547977
2548530
2548756
2549229
2549794
2550453
2551354
2551755
2551889
2552044
2552862
2553271
2553638
2553961
2554789
2554936
2554955
2554959
2555401
2555830
2556721
2557639
2558577
2559391
2559745
2560477
2560833
2561284
2561725
2561759
2562716
2563300
2563948
2564798
2565265
2565343
2566008
2566555
2567031
2567659
2568279
2568483
2568887
2569286
2569835
2570451
2571069
2571832
2571911
2572422
2572541
2572980
2573019
2573366
2573598
2574068
2574168
2574371
2574796
2574836
2575415
2576279
2576442
2577414
2578279
2578544
2578749
2578785
2579154
2579741
2580470
2580516
2580553
2581146
2582117
2583104
2583121
2583930
2584438
2584775
2584985
2585902
2586675
2587373
2587620
2588024
2588516
2588752
2589484
2589965
2590147
2590340
2590890
2591745
2592262
2592469
2593358
2594182
2594304
2594635
2595381
2595513
2595876
2595963
2596104
2596757
2597624
2598518
2599460
2599948
2600312
2600844
2601100
2601170
2602138
2602266
2602556
2603117
2603887
2604516
2605507
2605922
2606441
2607047
2607783
2608548
2609340
2610339
2610405
2611309
2611809
2612467
2612631
2612716
2613443
2614062
2614442
2614573
2615337
2615749
2615977
2616298
2616952
2617317
2618195
2618277
2619047
2619174
2619250
2620110
2620893
2621112
2621908
2622007
2622522
2623079
2623416
2623839
2624432
2624943
2625460
2625918
2626753
2627210
2627455
2628091
2628894
2628994
2629980
2630441
2631204
2631565
2632359
2633027
2633523
2634067
2634453
2634925
2635124
2636081
2636224
2636538
2637262
2637877
2638569
2639293
2639831
2640607
2641093
2641435
2641842
2642394
2642830
2643080
2644057
2644755
2645548
2646113
2646877
2646883
2647869
2648136
2648896
2648963
2649166
2649787
2650521
2650850
2651602
2651961
2652633
2653617
2653917
2653929
2654366
2655197
2655279
2655435
2656301
2656366
2657230
2657484
2658421
2658744
2659011
2659508
2659752
2660636
2661363
2661795
2662792
2663131
2663898
2664399
2664724
2664796
2665367
2665602
2666345
2666508
2667408
2668331
2669166
2669625
2670488
2671165
2672164
2672732
2673479
2673631
2674017
2674065
2674392
2675125
2675938
2676631
2677184
2677558
2677838
2678591
2679057
2679971
2680183
2680690
2681157
2681956
2682166
2682810
2682871
2682874
2682901
2683854
2683963
2684677
2685286
2685380
2686231
2686519
2686937
2687511
2687628
2688510
2689240
2689748
2689830
2689955
2690924
2691687
2691739
2692538
2692627
2693519
2693819
2694092
2695014
2695514
2696221
2696872
2697270
2697328
2697869
2698812
2699499
2700049
2700501
2701267
2701346
2702026
2702257
2702710
2703055
2703725
2703882
2704252
2705179
2706073
2706675
2706809
2707179
2707381
2707860
2708139
2708561
2708567
2709050
2709774
2710178
2710692
2711665
2711666
2712485
2713091
2713742
2713952
2714223
2714518
2714907
2715047
2715930
2716253
2717156
2717621
2718266
2718742
2718930
2718999
2719456
2719788
2720152
2720357
2721073
2721958
2722398
2723363
2723840
2724296
2724760
2725064
2725642
2725936
2726176
2727064
2727762
2728045
2728072
2728106
2728134
2728714
2729618
2730199
2730258
2730322
2731314
2732118
2732926
2732997
2733555
2733808
2734327
2735295
2736266
2737024
2737366
2737403
2737425
2737689
2737724
2738489
2738652
2739550
2740519
2741431
2741764
2742482
2742487
2743275
2744008
2744424
2744766
2744988
2745377
2745680
2745741
2746021
2746199
2746499
2747336
2747651
2747674
2748172
2748712
2749154
2749275
2749358
2750302
2751028
2751908
2752428
2753007
2753741
2754572
2755302
2755877
2756257
2756653
2756664
2757059
2757324
2757482
2757652
2757895
2758626
2758786
2759429
2759612
2760031
2760512
2760599
2761384
2762077
2762672
2763532
2764437
2764561
2765458
2765521
2765570
2766482
2766702
2767499
2768145
2768588
2769574
2769975
2770273
2770513
2770794
2771144
2772090
2772599
2772640
2773161
2773883
2774608
2774882
2775303
2775629
2776439
2777316
2777923
2778398
2779398
2779850
2780639
2780936
2781413
2781564
2782391
2783187
2783576
2783708
2784156
2784226
2785057
2785500
2785965
2786643
2787629
2787755
2788397
2788580
2789549
2789589
2789613
2790252
2790886
2791821
2792790
2793012
2793701
2794286
2794376
2794434
2795189
2795719
2796046
2796356
2796492
2796808
2797213
2797301
2797937
2798819
2799109
2799702
2800322
2800353
2800476
2801184
2801429
2802181
2802878
2803110
2803209
2803829
2804615
2805115
2805661
2806258
2806367
2807281
2808038
2808307
2809098
2809165
2809415
2809475
2810394
2810981
2811596
2811702
2811856
2812190
2812867
2813423
2814041
2814279
2814720
2815590
2816464
2816745
2817524
2817882
2818604
2819037
2819072
2819804
2820146
2821031
2821891
2822188
2822649
2823565
2824419
2825403
2826087
2826379
2827109
2827387
2827612
2827910
2828279
2828909
2829556
2830299
2831154
2831577
2832002
2832147
2832271
2832549
2833544
2834095
2834681
2835408
2835690
2836659
2837431
2838024
2838217
2838256
2838739
2839049
2839759
2840245
2840722
2841663
2842069
2842854
2843189
2843974
2844534
2845527
2846459
2847260
2847965
2848645
2849081
2849361
2850340
2850590
2850886
2851188
2851422
2851778
2851800
2852593
2852657
2853340
2854074
2854676
2855663
2856011
2856807
2857345
2857720
2858290
2858634
2859061
2859723
2859972
2860794
2860849
2861336
2862120
2862734
2863099
2863229
2863385
2863987
2864334
2865282
2865397
2865467
2865672
2865842
2866315
2866493
2866776
2867073
2867241
2867778
2868066
2868303
2868352
2869072
2869641
2869786
2869922
2870915
2871677
2872081
2872420
2872966
2873621
2873828
2874626
2875199
2875367
2875940
2876345
2877240
2877727
2878515
2879042
2880039
2881017
2881069
2881798
2882340
2883196
2883754
2884136
2884243
2885039
2885849
2886813
2887156
2887334
2887414
2887881
2888866
2889778
2889797
2890226
2890362
2890391
2890809
2891183
2891432
2891922
2892097
2892443
2893120
2893642
2894170
2895103
2895809
2895966
2896535
2897350
2897378
2897562
2897997
2898427
2898993
2899816
2900134
2900227
2900578
2901395
2901488
2902104
2902434
2903068
2903431
2904407
2904732
2904851
2904866
2905760
2906268
2906276
2907274
2907538
2908179
2909005
2909100
2909217
2909967
2910921
2911442
2912383
2913104
2913960
2914796
2915302
2915659
2915860
2916034
2916767
2917340
2918011
2918395
2918662
2918813
2919716
2919954
2920451
2921271
2921755
2921935
2922848
2923608
2924311
2924410
2925024
2925758
2926516
2927351
2927659
2928136
2929110
2929890
2930049
2930292
2930417
2930805
2930887
2931140
2931705
2932420
2933185
2933595
2933818
2933916
2934009
2934535
2934658
2935358
2935543
2936387
2936813
2937804
2938392
2938880
2939632
2940140
2940203
2940615
2941093
2941111
2941161
2941851
2942154
2942589
2942682
2942983
2943059
2944021
2944775
2944929
2945435
2946246
2946929
2947126
2947665
2948059
2948166
2948330
2948695
2949008
2949608
2950216
2950935
2951049
2951772
2952632
2953475
2954083
2954814
2954962
2955960
2956191
2957133
2957394
2957840
2958469
2958537
2958658
2958892
2959098
2959763
2960192
2960429
2960523
2960848
2960861
2961285
2962102
2962715
2962997
2963853
2963899
2964132
2965116
2966034
2966231
2966345
2966565
2966579
2966652
2967609
2967993
2968821
2968970
2969626
2969641
2969722
2969831
2970630
2971204
2971448
2972132
2972375
2972676
2973052
2974033
2974570
2974867
2975287
2976141
2976379
2977294
2977935
2978905
2979010
2979289
2979309
2979500
2980279
2980413
2980604
2981037
2981525
2982106
2982285
2982813
2983499
2984455
2984978
2985057
2986016
2986250
2986349
2987344
2987384
2988015
2988283
2988467
2989127
2989873
2990523
2991335
2991948
2992139
2992926
2993495
2994008
2994070
2995026
2995263
2995827
2996495
2996748
2997274
2998148
2998434
2999381
2999529
3000381
