La primera linea indica la cantidad de minutos a considerar (n). Luego vienen n lineas que corresponden a los x_i, y luego los n valores que corresponden a la funcion f(.):
7000
444
26
20
168
353
76
446
146
238
288
268
451
430
59
241
143
212
60
54
82
422
139
472
235
314
233
397
133
253
24
452
381
238
72
464
240
430
390
166
303
225
357
437
313
377
336
415
5
332
281
418
282
410
283
292
165
117
121
279
383
414
55
473
372
385
59
463
191
227
107
177
262
301
146
455
256
329
87
251
148
137
150
264
252
397
297
432
236
359
30
408
495
278
167
345
261
333
493
498
166
434
374
210
188
288
295
171
449
1
108
51
127
377
382
331
154
273
86
26
61
419
394
458
278
124
463
259
75
241
58
128
463
229
155
301
399
221
333
359
456
198
281
254
270
410
40
91
284
48
411
385
106
34
97
272
401
121
38
65
31
373
378
74
54
343
226
275
100
302
273
229
472
153
252
397
141
489
310
327
112
19
436
347
489
181
367
164
110
35
412
447
408
11
186
1
187
430
471
436
470
480
145
461
265
10
410
148
25
251
330
359
47
10
412
333
368
38
58
456
18
425
83
375
324
97
119
168
379
480
340
41
133
427
498
213
435
260
487
478
267
454
456
375
247
390
236
298
398
70
298
357
450
108
418
23
474
129
89
10
90
339
112
184
125
500
430
201
354
145
212
10
255
191
185
381
31
343
280
122
436
45
487
331
116
68
156
181
130
201
122
296
462
115
205
188
361
436
150
197
84
326
284
411
58
243
170
146
86
281
343
124
59
364
27
411
322
128
17
431
2
113
25
343
353
54
337
144
79
456
478
348
270
76
50
278
12
332
382
212
53
443
203
140
298
392
330
24
199
132
239
238
319
12
406
315
116
158
100
82
263
398
435
301
270
424
33
54
180
401
57
330
37
326
405
468
403
450
212
56
84
437
114
298
53
33
343
355
101
232
191
21
241
391
423
472
238
218
431
279
247
432
100
362
338
454
131
251
229
176
489
369
333
18
2
465
237
156
477
122
309
84
229
208
278
410
272
384
394
479
320
345
146
218
337
138
456
248
310
447
34
111
444
367
253
74
295
434
76
346
60
336
291
384
261
398
286
426
37
315
380
187
159
257
486
260
88
3
37
44
17
324
214
43
284
456
391
287
156
474
156
447
337
156
166
274
127
489
154
13
472
229
137
257
366
233
201
274
10
497
243
142
84
268
240
493
10
83
200
433
105
232
420
442
275
199
379
186
25
149
191
402
249
49
171
169
4
113
200
263
479
444
34
444
290
394
193
39
104
401
478
396
350
331
345
395
402
457
496
412
296
398
183
34
495
198
399
314
437
479
217
17
297
230
492
496
309
396
295
258
475
278
410
480
247
4
137
434
92
25
29
86
64
3
91
54
65
294
461
18
78
54
322
421
322
486
30
234
368
281
401
60
33
489
461
314
435
157
81
115
478
387
27
384
48
235
357
350
340
276
401
269
453
8
280
242
353
338
174
108
460
25
266
262
191
108
210
83
411
95
28
395
209
433
209
451
146
264
72
81
55
281
373
188
378
284
44
491
304
124
18
242
283
47
89
25
464
438
69
375
281
381
92
121
259
447
456
344
139
447
367
287
314
113
282
424
283
353
395
247
357
186
146
332
440
47
291
386
223
445
443
478
242
485
413
160
481
455
269
198
198
408
442
284
358
63
302
399
394
353
381
59
127
29
250
101
247
340
415
296
262
414
410
65
130
34
98
373
12
156
29
465
411
477
390
385
39
372
467
318
279
145
169
270
209
331
360
30
282
319
349
93
111
178
101
6
80
477
59
17
96
234
17
355
440
100
33
133
376
449
180
77
359
132
279
412
99
321
344
500
337
116
160
165
392
172
291
25
228
456
300
366
126
149
1
15
98
282
146
403
350
163
109
413
286
389
493
291
69
84
285
254
248
356
141
134
73
259
196
152
18
215
41
211
429
30
413
433
447
367
384
344
164
160
496
59
22
457
402
243
225
500
312
95
322
78
35
55
417
461
385
94
226
407
300
194
197
433
361
364
153
228
57
254
221
107
7
240
320
403
234
32
244
270
94
137
266
192
242
150
203
435
422
174
202
206
10
282
85
78
259
430
85
24
218
379
365
41
34
224
132
332
359
265
145
59
46
382
393
191
393
189
427
105
101
182
36
79
446
317
291
90
464
441
449
437
243
462
189
243
210
38
486
122
153
80
160
320
59
459
194
300
162
63
5
12
405
293
164
176
142
316
266
277
440
447
270
148
216
249
11
121
111
38
67
393
484
65
237
269
197
402
109
336
77
186
103
477
172
228
62
202
134
138
90
315
390
130
62
162
398
221
251
173
16
44
6
239
189
477
203
212
453
218
76
332
349
117
4
462
72
475
156
220
277
486
458
115
472
398
192
371
414
435
59
56
29
248
485
365
190
25
452
262
181
325
412
108
227
214
266
491
194
215
463
488
175
20
75
43
134
461
487
372
399
189
193
174
393
328
276
364
85
72
208
448
57
323
192
343
234
381
255
15
146
129
71
472
483
400
107
362
40
435
170
497
485
258
455
91
49
486
302
186
463
285
245
323
365
144
41
303
307
275
298
381
163
181
180
386
81
222
454
448
462
293
398
173
164
399
76
342
465
258
213
319
376
323
326
192
118
164
131
199
454
253
200
336
462
304
489
388
30
321
395
12
86
107
436
290
303
300
399
469
112
372
129
66
128
178
147
328
400
21
313
494
442
60
99
190
278
434
54
138
241
148
280
463
437
269
92
115
197
371
148
210
376
354
419
57
321
464
428
86
380
372
209
88
374
83
485
328
197
446
463
267
17
161
311
58
171
326
184
265
97
228
374
106
266
413
148
5
471
488
183
56
52
236
326
67
16
56
181
103
362
221
448
483
453
203
299
131
451
450
271
472
428
262
145
32
281
219
103
236
199
383
379
46
18
92
341
260
408
160
82
106
261
388
165
383
69
291
334
478
422
410
434
308
3
163
498
329
478
380
28
269
255
498
63
45
361
463
407
467
403
222
154
258
157
150
295
429
49
341
134
403
49
17
433
370
312
440
343
266
115
400
357
298
440
50
488
333
464
42
102
320
401
467
69
219
120
186
120
316
95
62
143
440
209
356
258
270
323
340
156
299
415
161
159
320
88
460
185
339
204
497
5
140
463
69
99
328
3
349
192
148
333
59
62
492
346
339
138
333
450
51
151
133
298
88
308
352
46
347
143
158
443
394
290
235
274
149
169
76
10
468
430
448
419
91
498
482
113
379
351
168
497
468
426
76
240
77
434
272
395
171
197
11
281
377
320
441
10
131
4
227
59
37
41
298
432
218
373
264
453
469
152
363
278
16
404
135
154
264
55
363
220
31
85
175
195
227
441
473
147
295
485
228
227
56
107
36
444
391
291
282
423
340
253
119
368
224
195
146
273
269
34
174
154
367
51
77
409
111
98
497
23
140
481
337
227
101
362
348
411
277
375
154
220
190
256
445
30
472
320
403
21
464
259
18
59
490
351
32
375
463
319
479
37
454
439
416
243
154
105
127
430
173
203
312
91
28
409
144
48
40
360
280
381
89
194
442
194
421
457
310
290
95
274
61
94
480
479
83
107
68
459
174
72
12
191
222
28
382
476
290
87
18
160
392
185
264
345
478
27
173
290
180
397
41
261
169
367
447
103
72
353
263
226
282
198
392
24
207
266
376
194
367
121
297
293
191
138
382
312
385
142
55
220
274
352
111
198
130
324
288
261
284
458
221
250
4
209
69
133
67
14
444
242
142
408
403
274
267
338
258
463
266
134
160
155
291
191
257
168
210
22
265
116
481
153
296
26
480
493
302
13
150
158
374
303
326
97
108
464
352
41
94
34
463
199
234
326
399
284
236
135
319
373
437
292
482
47
159
57
120
102
133
330
183
116
93
308
137
216
421
183
216
364
353
424
218
89
187
275
237
138
270
329
376
213
493
262
167
437
308
412
76
86
118
461
155
474
89
363
76
465
135
480
83
186
14
288
233
209
421
446
62
261
337
142
441
40
208
24
219
280
355
27
311
398
396
494
364
323
211
305
260
256
444
306
225
376
377
445
251
426
30
69
128
467
19
110
478
467
196
404
219
434
416
246
47
488
79
143
272
376
230
65
351
63
367
370
352
67
256
344
310
86
294
239
176
428
196
131
65
131
185
449
129
232
381
177
35
427
386
265
484
205
202
394
364
452
53
416
404
301
219
225
339
16
263
183
226
28
280
371
211
49
107
243
417
430
357
96
199
118
231
122
353
123
259
57
220
481
322
267
422
170
114
272
142
96
250
88
276
216
434
417
319
56
443
95
273
255
135
163
466
13
143
91
328
222
369
129
142
245
1
343
346
274
103
341
308
163
237
462
409
378
215
150
180
61
336
200
164
126
406
74
44
473
270
251
128
204
345
244
238
75
120
133
159
359
387
235
477
231
312
474
62
239
441
296
127
212
200
376
44
11
152
139
139
190
489
368
18
42
255
367
444
306
41
117
79
149
124
234
299
310
307
284
23
381
9
341
412
371
191
257
165
204
470
159
478
23
413
69
212
333
460
481
48
399
75
201
352
50
328
299
391
331
257
212
36
44
6
117
403
210
290
207
497
15
235
55
104
68
101
387
140
330
284
260
57
159
377
264
129
53
187
3
126
343
48
208
186
414
121
363
399
27
135
449
204
465
120
149
173
12
117
273
5
136
419
327
82
268
214
120
116
171
106
41
51
147
29
401
174
459
91
488
216
316
394
277
359
46
214
415
195
22
244
29
96
314
499
273
288
263
438
124
331
210
115
472
151
141
443
108
342
364
164
135
43
372
346
422
85
440
496
476
134
463
95
357
205
490
146
439
413
212
71
361
118
351
238
448
268
368
308
66
52
181
302
244
411
58
189
189
218
358
39
364
365
414
292
405
144
393
43
60
95
260
185
159
433
103
238
315
244
101
137
227
229
245
365
33
356
116
238
382
1
472
417
444
165
10
149
108
370
342
197
239
118
233
22
338
43
445
455
91
485
28
126
234
80
167
364
37
230
459
363
381
138
493
238
456
133
243
418
31
93
401
188
114
28
380
488
47
241
469
369
245
419
292
268
473
202
87
231
482
322
475
398
191
15
408
82
61
191
61
31
365
212
464
157
37
257
68
310
273
103
193
114
123
429
203
30
357
431
464
79
345
222
344
478
44
142
362
285
468
64
461
252
317
292
269
66
352
126
294
85
398
264
344
127
237
141
216
483
127
140
337
292
361
330
410
399
305
243
303
428
440
25
202
211
329
54
6
72
325
450
232
350
366
272
8
148
487
18
384
67
487
410
456
310
363
270
423
187
27
363
392
306
254
336
234
139
177
70
47
256
487
120
344
366
307
16
136
446
412
187
487
467
463
480
228
27
294
280
79
70
429
248
441
105
456
471
455
416
166
492
296
293
451
218
182
470
92
339
204
408
91
175
319
276
258
9
459
258
255
31
482
69
350
261
253
62
483
253
128
181
196
427
370
187
496
351
68
215
227
277
301
217
76
361
215
377
15
177
482
364
233
379
34
5
192
16
163
459
424
198
169
280
183
428
478
93
346
26
494
227
485
35
108
348
432
193
101
325
496
354
282
100
436
85
96
1
133
127
343
136
417
58
418
21
47
301
14
146
307
201
48
310
340
68
201
82
292
428
261
434
36
186
19
403
499
441
414
92
68
419
147
386
330
490
358
497
45
240
264
497
113
165
91
447
53
128
6
24
362
369
204
396
348
257
118
330
111
279
96
225
275
242
356
472
320
395
324
476
333
35
274
52
180
122
37
285
196
184
495
321
377
326
27
179
153
428
104
255
156
219
104
6
459
395
107
346
119
317
15
117
498
275
158
327
232
331
189
29
316
435
261
194
24
497
1
125
112
102
249
60
382
256
101
210
393
372
128
433
343
393
430
381
400
269
145
195
180
366
359
129
132
92
297
330
283
246
184
340
85
230
216
418
151
9
246
305
237
79
374
410
487
124
140
329
172
142
474
256
171
109
380
180
236
73
299
216
313
87
71
442
224
474
151
497
156
354
111
293
148
55
128
166
135
88
456
15
182
155
273
417
494
430
360
31
315
281
298
315
340
269
87
367
381
380
221
381
183
264
497
251
117
276
462
361
489
162
43
478
145
369
202
221
41
358
54
336
247
175
350
422
106
485
295
103
306
249
249
184
498
354
56
62
146
220
364
166
60
465
490
229
294
222
6
422
463
235
111
286
137
391
404
415
464
382
68
414
236
37
435
175
274
68
130
203
224
139
94
359
104
2
225
298
392
484
191
468
95
109
76
387
453
377
255
31
387
348
83
92
13
75
360
295
431
314
29
495
237
124
180
40
58
44
79
207
411
240
272
248
230
416
472
41
48
190
360
44
123
381
182
354
75
278
405
97
56
202
349
170
461
285
443
27
212
64
486
288
124
284
330
249
110
193
214
446
138
418
52
420
467
90
347
39
447
378
468
132
112
269
288
254
363
424
373
223
309
28
22
34
185
468
451
432
457
408
433
45
476
298
478
26
241
435
334
405
194
262
490
455
18
458
315
345
179
449
303
437
395
444
370
66
137
82
420
90
246
14
488
344
21
125
188
23
409
125
206
192
233
132
267
439
496
150
441
12
405
80
62
260
498
475
476
276
79
169
199
58
357
487
344
207
209
370
152
137
344
43
141
348
164
317
262
408
483
366
360
230
496
74
253
72
280
328
188
299
352
198
118
284
99
212
458
219
147
88
25
223
7
443
325
233
104
158
431
90
312
288
107
465
370
384
497
268
407
325
65
371
448
491
13
341
481
282
143
180
462
72
332
276
168
132
231
283
396
169
32
64
495
190
148
224
354
178
325
222
400
285
300
444
205
443
356
154
480
10
241
57
319
49
329
231
369
422
167
246
301
355
320
155
198
283
496
498
420
371
185
39
335
57
192
187
188
22
97
188
468
430
382
424
132
394
83
337
88
177
296
481
148
192
248
427
242
255
434
33
60
167
180
221
499
230
302
358
183
293
284
127
142
271
55
232
112
364
87
468
363
221
68
398
435
448
136
350
168
45
217
107
421
46
274
170
445
114
356
376
450
257
36
347
40
455
234
165
379
251
227
29
445
103
258
194
118
352
189
265
415
275
474
54
437
11
461
198
146
169
236
185
185
386
227
373
384
14
466
55
313
223
140
77
232
334
114
88
322
146
227
244
396
430
116
11
264
219
69
28
300
207
396
68
257
157
224
291
136
180
18
157
350
451
363
94
232
148
441
149
189
107
478
253
114
491
496
251
496
44
144
432
208
217
138
462
379
34
225
73
451
3
465
171
10
77
376
42
362
116
449
475
354
344
452
432
485
241
248
477
221
205
462
172
481
118
73
149
331
234
18
313
108
251
72
222
314
199
155
188
452
68
244
120
375
265
403
54
491
500
18
488
433
154
494
313
11
21
291
453
295
311
195
269
65
143
239
157
197
449
70
245
282
167
426
343
401
430
197
198
137
218
288
338
464
157
77
325
213
122
186
496
396
363
250
75
328
437
64
276
305
110
312
404
124
451
431
227
109
410
492
467
415
481
236
344
55
148
136
422
483
2
190
500
208
338
213
465
143
67
111
492
465
306
438
13
339
322
97
202
90
432
406
476
207
410
466
346
341
298
154
438
485
289
367
49
465
312
84
147
133
394
445
130
101
364
107
74
139
421
168
403
440
220
311
319
330
401
21
422
148
22
200
1
76
435
419
254
69
480
14
117
31
447
391
359
474
445
363
358
493
243
82
311
67
397
158
112
40
419
451
21
145
233
488
495
442
241
114
29
33
199
216
388
100
279
206
212
380
24
313
10
172
34
141
267
266
479
113
499
346
217
461
425
27
137
2
2
358
427
140
409
322
177
117
309
76
425
12
22
368
198
155
9
389
191
149
147
150
118
276
190
363
456
55
412
111
7
18
499
446
402
403
252
332
161
302
449
187
54
352
399
349
293
440
445
269
407
496
429
201
238
409
231
432
116
259
404
449
367
225
146
307
291
176
80
126
19
132
134
208
78
46
263
360
247
442
257
196
492
426
496
3
304
146
474
54
98
70
3
251
83
443
382
475
218
450
437
269
393
14
154
35
138
159
18
91
234
120
243
69
256
83
190
177
31
435
299
165
284
158
329
489
10
66
147
334
69
202
102
256
57
179
40
152
484
446
28
357
221
109
69
351
124
483
50
60
452
169
105
310
479
156
499
134
144
200
127
329
249
347
391
246
447
44
40
434
422
23
68
470
127
111
485
355
260
486
496
298
195
356
178
59
310
146
184
430
370
351
45
149
146
56
211
385
497
63
483
345
35
427
128
324
138
64
376
432
306
459
410
317
479
80
384
187
443
320
162
330
94
214
94
305
121
99
26
304
323
285
273
259
138
155
81
15
479
495
325
359
467
439
297
126
483
124
14
484
117
223
439
78
128
94
257
70
441
105
104
92
225
174
215
335
152
85
179
322
493
178
421
109
367
477
365
318
445
238
392
208
381
104
312
289
160
445
431
338
269
53
402
220
175
347
467
450
62
62
306
223
330
317
373
492
164
243
172
51
341
491
183
302
200
415
467
37
25
445
355
101
215
351
318
323
110
171
214
409
374
57
332
103
291
348
350
43
305
147
307
75
160
66
5
395
15
316
361
397
211
185
279
68
12
6
264
210
220
458
199
478
165
34
304
359
250
231
449
48
457
229
93
61
31
384
266
373
147
484
105
350
413
75
186
90
269
118
119
306
264
115
455
495
435
495
350
216
228
352
20
251
130
282
212
36
500
135
144
446
481
288
305
261
329
455
17
74
98
420
432
401
181
342
498
92
373
478
106
9
302
179
70
259
353
379
229
231
338
412
244
133
25
275
341
227
80
344
488
139
151
369
251
20
114
214
112
467
327
155
141
388
387
439
127
325
146
263
339
72
475
337
446
354
243
391
328
292
409
168
195
248
334
281
49
470
119
49
420
494
139
32
150
70
444
249
144
329
266
1
305
450
67
452
240
317
259
494
18
364
443
31
5
194
381
274
233
263
188
441
419
401
129
76
214
59
298
114
468
435
87
56
176
203
423
397
476
424
371
498
31
279
161
109
251
81
357
339
80
424
98
61
395
81
92
244
342
33
366
466
311
100
64
232
438
161
436
279
170
318
77
23
381
285
62
131
407
156
399
346
107
194
68
483
414
242
180
209
382
471
372
68
261
287
245
137
327
33
419
113
145
51
91
462
407
41
317
184
360
473
87
303
468
23
466
460
23
347
140
260
270
337
452
450
134
300
26
250
144
74
415
475
299
421
146
384
248
358
130
215
176
17
492
485
312
252
409
184
458
183
252
362
273
146
104
442
242
62
138
62
239
250
34
211
58
31
445
390
242
117
170
456
222
1
316
19
32
344
407
385
493
137
281
178
446
290
459
20
61
392
390
218
227
82
432
237
189
95
461
142
74
130
137
456
12
480
445
57
489
243
354
16
256
69
449
343
55
357
111
194
80
443
170
177
82
193
301
229
168
197
380
433
101
493
142
8
21
74
101
35
465
410
4
332
443
185
243
185
253
385
194
461
218
209
127
294
30
298
362
60
201
218
75
147
274
112
432
398
177
204
211
385
109
95
461
386
463
254
334
259
67
203
376
1
293
468
175
236
492
107
367
453
403
34
151
241
455
366
158
65
178
273
166
241
46
195
128
374
126
80
140
82
237
167
380
229
74
387
8
123
93
37
117
169
498
361
434
84
381
235
365
263
47
475
299
394
193
454
13
413
390
138
405
72
308
46
430
296
434
174
302
256
454
495
480
281
355
330
25
249
198
492
306
175
172
413
246
191
100
25
178
223
475
297
349
127
283
117
214
355
53
245
442
412
138
379
35
32
188
1
152
29
170
185
22
397
487
221
138
249
164
319
110
426
174
257
334
377
84
175
145
419
320
40
362
187
226
7
139
469
441
364
488
360
108
328
109
373
231
441
294
387
300
68
53
32
318
307
332
285
97
17
179
330
331
348
464
21
319
43
386
388
255
399
179
106
300
126
240
250
298
412
73
438
86
422
260
18
32
249
370
322
458
268
264
440
422
422
310
6
94
213
191
21
53
68
281
117
11
488
409
226
493
423
333
72
197
92
45
79
1
485
364
378
332
11
482
404
25
258
279
468
261
442
436
32
267
266
341
305
256
248
485
354
198
173
161
347
337
66
132
219
152
445
14
327
338
415
31
201
343
187
388
240
459
61
99
300
185
6
28
281
466
303
220
258
79
196
21
500
58
342
124
412
44
473
228
151
56
349
160
266
403
49
500
120
27
499
372
95
133
216
415
316
150
287
78
424
112
3
142
394
147
401
331
258
339
199
7
82
229
197
186
20
15
71
329
350
397
135
154
48
154
438
337
496
359
210
345
329
406
86
194
487
97
251
419
254
207
231
4
183
155
261
222
285
422
136
381
166
261
442
106
383
10
152
343
364
24
80
108
406
297
103
243
427
175
323
318
409
49
294
426
412
423
225
269
305
441
475
354
36
36
89
298
488
464
76
410
226
202
44
27
442
475
202
485
438
252
132
145
6
254
317
88
360
332
46
453
146
389
294
248
407
22
329
465
308
155
257
3
147
83
377
105
179
220
260
287
83
419
41
381
80
143
68
378
94
213
299
384
46
32
91
300
275
135
272
90
192
90
326
41
254
221
313
331
5
56
157
494
256
184
492
465
340
355
236
407
23
147
132
124
459
375
162
439
244
176
181
64
98
126
470
200
464
312
309
271
263
409
350
415
213
346
55
85
158
439
408
354
278
452
210
89
361
5
419
107
91
495
98
192
331
360
295
173
98
46
321
21
253
206
268
222
340
36
343
351
222
390
69
173
121
258
498
364
20
417
387
489
333
228
54
190
15
256
273
77
258
370
316
215
62
47
464
104
201
76
451
195
239
134
196
6
94
147
127
166
65
257
186
13
329
333
209
252
192
31
275
119
280
124
240
468
169
434
423
382
11
151
230
269
396
486
310
306
426
204
167
252
86
279
311
274
307
494
141
376
427
119
476
83
361
385
69
149
494
146
32
145
372
359
227
6
153
383
332
50
190
356
370
387
485
272
293
499
55
451
81
71
258
126
323
427
79
56
437
387
487
323
146
413
385
189
163
133
172
376
206
31
143
312
198
384
448
438
223
379
166
227
397
18
420
74
182
29
163
248
59
264
252
110
86
209
244
495
160
131
43
2
266
487
354
202
256
446
471
23
367
214
212
140
174
498
274
400
370
335
307
35
125
365
207
305
272
43
250
324
387
375
313
429
252
358
451
493
294
380
194
75
454
169
472
49
29
464
89
61
148
242
9
315
215
89
168
451
305
46
314
49
399
411
179
325
368
383
339
407
324
91
312
203
263
419
371
148
168
117
169
166
416
403
62
335
272
193
283
296
31
265
410
448
44
4
350
358
423
284
327
374
10
75
434
198
166
353
280
330
131
166
223
146
198
123
357
318
283
119
476
317
494
280
129
277
238
277
153
328
261
313
195
141
474
353
59
84
449
305
220
77
356
404
456
297
9
378
478
29
330
293
154
282
194
298
40
286
389
401
194
45
112
191
307
386
338
94
203
489
448
379
461
12
396
428
390
157
270
433
471
477
201
380
127
20
282
290
345
398
481
121
366
154
73
442
90
386
335
326
65
231
148
149
231
235
350
438
33
303
58
57
490
17
181
13
277
243
382
373
330
140
328
52
431
274
302
288
445
41
319
472
150
372
137
326
206
409
198
384
53
7
168
69
252
470
364
248
334
128
390
364
325
418
155
61
128
218
182
270
394
349
171
448
94
390
361
31
16
178
19
281
158
460
212
278
373
85
294
88
366
62
316
426
420
331
361
111
182
180
299
313
123
279
153
373
254
479
140
90
476
365
440
449
375
475
364
227
374
52
120
390
344
297
464
396
441
434
256
191
428
407
64
41
89
221
278
368
114
62
381
59
337
356
144
203
330
190
176
234
490
314
313
206
283
191
493
425
246
421
489
429
383
415
79
110
85
91
52
290
449
153
28
476
465
296
459
57
326
282
35
267
472
443
91
235
416
493
365
87
113
176
108
399
139
275
189
464
217
448
403
162
251
378
21
393
136
459
415
244
458
475
173
69
53
474
131
66
496
459
341
382
171
139
219
264
271
119
397
490
196
225
311
217
118
196
43
487
374
109
391
468
101
195
315
11
78
160
483
437
56
17
20
138
11
229
12
394
239
144
261
53
252
487
378
81
142
376
451
260
274
106
460
479
193
374
6
145
481
21
97
105
295
153
4
462
165
424
284
395
331
314
65
336
307
490
219
500
307
485
129
195
295
409
493
381
391
58
272
41
174
427
451
356
151
289
65
484
278
223
245
347
328
215
460
311
333
353
231
306
111
363
76
388
257
36
38
472
463
441
270
355
339
358
392
490
32
329
8
451
212
493
449
245
258
492
294
91
190
198
405
356
290
255
367
91
41
188
254
184
355
288
195
393
267
428
77
302
212
73
133
183
6
170
423
275
386
344
430
216
312
312
454
130
460
258
158
432
230
88
20
215
369
82
444
410
98
319
439
353
75
19
9
460
16
129
56
298
221
483
364
174
320
158
329
111
417
421
25
449
313
436
182
62
123
249
149
141
471
457
389
477
114
110
180
237
372
107
290
8
284
483
112
462
392
450
81
358
59
487
45
46
457
149
471
353
205
438
284
180
256
477
28
175
380
252
109
194
98
453
349
167
98
351
420
51
391
303
179
44
469
454
453
259
48
82
147
22
188
167
195
312
155
133
148
43
449
138
198
14
26
26
306
386
166
351
414
10
495
116
69
379
464
30
348
125
494
240
83
445
275
48
445
38
111
194
233
6
343
319
374
11
414
223
490
161
212
214
83
94
95
108
195
13
424
492
415
440
460
424
416
282
348
34
426
451
161
476
101
413
110
339
490
74
302
106
83
265
406
86
198
25
115
179
12
27
200
458
146
480
246
462
463
383
45
138
101
129
350
466
277
12
22
44
498
499
20
384
21
307
215
187
431
178
21
311
397
271
420
57
83
40
278
224
403
469
80
218
399
425
405
216
250
348
407
4
211
319
272
223
218
45
205
132
154
321
282
181
335
378
100
409
246
436
184
42
413
162
81
422
342
488
216
450
242
499
129
480
49
324
398
97
281
124
434
373
146
98
40
336
183
464
213
343
26
69
426
57
124
176
487
157
16
91
23
479
485
227
493
287
434
232
314
328
402
122
134
423
341
310
222
355
224
213
319
441
494
387
268
124
142
247
83
148
138
359
227
435
100
443
11
499
237
397
262
77
12
334
162
387
81
106
193
479
219
170
475
168
286
60
4
234
484
363
132
368
282
254
84
326
113
110
498
29
427
221
98
117
434
32
282
439
498
185
239
461
42
329
407
430
312
107
312
213
263
471
176
481
293
5
448
442
112
354
152
40
16
443
158
316
260
221
3
123
78
48
46
19
488
210
230
481
354
57
419
68
364
141
498
446
487
251
281
383
270
381
321
87
65
72
465
376
87
207
14
186
464
354
133
474
292
481
231
73
216
402
32
35
124
59
436
281
413
236
71
129
282
324
88
27
281
69
388
338
457
199
384
433
446
296
147
58
399
399
486
70
462
14
115
174
137
427
28
372
372
213
222
420
319
57
193
187
170
301
434
259
496
9
331
58
259
289
429
312
53
151
23
249
369
55
45
345
164
2
126
295
80
210
130
388
412
195
335
194
139
13
406
201
491
211
301
203
276
157
358
229
300
299
70
332
204
470
22
493
162
325
308
289
468
141
150
346
460
149
40
261
447
146
118
291
291
304
120
100
475
341
121
103
410
284
39
262
436
243
167
91
324
212
167
494
406
445
23
324
153
69
391
62
139
468
495
311
75
89
43
315
144
24
252
121
222
78
164
452
93
426
245
108
292
400
113
427
152
490
365
243
112
88
131
426
39
86
362
231
86
130
339
325
29
472
481
372
382
81
86
323
116
166
284
75
355
251
140
277
136
141
216
222
369
112
335
329
29
43
255
156
243
397
266
74
262
177
369
377
223
331
112
422
247
303
484
41
299
383
63
240
416
289
484
154
466
253
472
454
362
16
215
369
340
225
204
304
233
264
35
283
477
67
466
250
205
61
366
441
368
488
16
76
175
405
82
354
288
78
37
234
472
406
2
128
214
466
38
20
26
155
495
489
227
352
413
193
356
184
122
312
335
183
352
106
268
176
118
161
167
313
117
412
131
172
92
274
69
190
193
268
165
76
299
343
399
152
80
469
48
159
91
152
190
291
317
245
202
123
178
133
183
194
158
338
444
477
298
10
219
197
25
128
165
114
354
66
301
201
442
424
300
455
72
1
496
317
270
282
227
460
99
166
30
25
397
127
372
30
444
409
448
126
251
259
175
465
131
485
411
439
342
401
269
400
497
103
282
124
336
426
324
98
206
105
331
159
112
91
85
344
23
85
354
384
327
50
303
50
120
143
101
318
286
43
255
407
266
475
294
295
28
250
250
98
194
272
193
54
485
367
180
393
156
487
290
302
370
417
49
456
244
93
164
322
78
321
361
86
8
114
393
179
323
396
285
498
302
94
204
176
49
286
428
272
480
132
346
38
182
113
342
271
472
31
88
408
17
160
313
205
249
413
276
218
464
77
152
254
442
103
166
188
243
319
210
431
223
219
326
77
256
193
260
180
253
250
281
430
324
65
478
262
28
440
390
497
124
149
209
69
440
240
428
52
42
174
46
234
2
275
75
117
281
298
257
79
112
288
94
313
392
418
351
127
93
489
427
281
55
27
187
336
352
192
110
385
295
103
330
273
410
308
301
431
385
360
7
298
287
443
148
124
262
167
389
230
235
425
407
129
215
105
173
454
364
63
302
433
461
58
292
167
261
157
455
14
107
121
176
158
277
87
107
95
145
237
387
446
13
119
382
459
54
200
62
80
68
464
392
162
170
338
291
431
153
69
322
487
400
63
372
220
478
472
85
280
467
276
375
319
308
366
309
7
151
391
351
346
239
439
368
10
468
390
140
481
133
225
143
271
340
355
161
53
124
487
257
448
453
419
372
332
119
419
58
334
376
59
362
492
422
16
136
41
483
183
457
368
373
277
216
160
355
403
157
108
460
380
462
430
440
327
381
253
448
343
388
180
494
473
418
92
313
499
437
404
487
206
102
57
348
247
126
43
328
215
434
84
114
307
390
63
423
79
143
418
158
342
127
442
73
293
271
386
124
444
87
118
3
322
221
100
496
305
422
8
341
45
86
287
16
390
157
114
271
308
134
178
193
53
423
362
449
456
119
306
425
47
214
1
257
137
92
170
106
47
288
81
335
206
158
296
58
92
257
171
309
56
284
253
208
101
408
406
72
355
232
317
384
110
266
293
416
412
471
431
413
119
188
245
272
471
392
178
317
250
318
427
485
459
62
185
183
230
103
95
411
273
68
482
365
212
279
105
78
335
205
205
103
434
436
426
25
248
303
409
249
421
223
333
384
207
369
207
323
152
157
54
42
226
158
286
152
121
87
359
141
153
193
25
199
174
383
468
466
325
442
130
447
423
19
80
460
186
263
229
28
36
472
18
137
7
420
109
362
333
169
288
97
20
252
460
178
240
310
251
99
178
125
360
422
117
36
461
454
161
199
109
447
295
255
248
473
223
125
411
107
374
5
479
93
344
267
337
119
78
23
389
18
321
27
297
369
142
365
102
139
61
48
253
131
58
192
168
116
237
256
129
183
91
88
55
86
114
348
370
318
471
371
417
78
310
457
394
2
410
307
490
95
57
428
331
124
231
197
98
329
28
262
275
110
73
186
256
113
400
69
351
414
290
202
450
133
183
465
68
70
250
217
28
94
479
470
187
233
51
343
385
102
344
411
357
37
646
668
1016
1805
2225
3095
3276
3523
3847
3964
4159
5104
5639
5854
6824
7567
8249
8530
9055
9389
10044
10554
11294
11813
11979
12569
13007
13753
14391
15184
15231
16060
16903
17667
18173
18938
19586
20549
21050
21099
21568
22550
22837
23566
24456
24629
25314
25364
25765
26069
26737
27177
27956
28763
29234
30153
30803
30976
31357
32079
32360
32881
33806
34199
34322
34631
34830
34967
35766
36241
36351
36882
37610
38207
38571
39144
39763
40117
41063
41742
41864
42270
42529
42746
42973
43110
43379
44320
44835
44948
45143
45334
45355
46174
46818
47316
47935
48478
49009
49425
49652
50540
51347
52023
52739
53676
54059
54546
54919
55795
56237
57057
57783
58519
58813
59769
59905
60844
61345
61852
62482
63266
63889
64507
65329
66248
67166
67769
68751
68943
69150
69210
70033
70450
70669
70795
71157
71191
71810
72503
72738
73143
73714
74018
74084
74276
74654
74895
75057
75469
76032
76592
76894
77153
78046
79008
79083
79418
79433
79620
79814
80041
80728
81553
82179
82931
83622
84412
85363
85978
86030
86098
86948
87209
87959
88901
89328
89571
90016
90920
91469
91957
92474
93084
93556
93952
94662
95523
96374
96769
97174
98113
98759
98769
98969
99248
99256
100117
101014
101677
102355
102475
102920
103139
103358
103564
103726
103832
103942
104693
104831
105571
105690
105699
105774
105924
106222
106233
106362
107320
107558
107739
108027
108400
108541
109399
109522
110028
110828
111275
111470
112388
112990
113282
113705
114581
115234
115520
116262
116414
116478
117345
118220
118426
118766
119704
119789
119855
120362
120937
121368
121980
122635
122936
123934
124212
124601
124749
124785
125629
125812
126331
126622
126974
126978
127103
127431
127647
127731
128703
129250
130163
130445
131418
132313
133198
133328
133512
134450
134605
135578
136436
137316
138298
138956
139785
139857
140596
141279
141378
141394
141692
141815
142330
143075
143089
143961
144687
145508
145848
146374
146885
147191
148146
148160
148252
148915
149501
150301
150339
150544
151165
151985
152939
153863
154205
154798
155446
155614
156386
156756
156804
157037
157349
157607
158535
158607
159183
159439
160378
161259
161986
162639
163200
163380
163760
164647
165353
166269
166322
166503
167112
167848
167985
168114
168206
169087
169258
169696
170383
171137
171534
172031
172884
172918
173857
174225
175126
175179
175496
176129
177102
177418
177876
178401
178415
179309
179866
180185
180885
181533
182411
183041
183523
183837
184499
185358
185909
186441
187352
187742
188660
189198
189364
189987
190212
191104
191916
192477
193389
193711
193891
193894
194482
194834
195755
196536
196782
197321
198020
198565
198944
199745
200712
201034
201348
201734
202255
203198
203358
203768
203996
204608
204729
205526
205576
205813
206252
206914
207405
208213
208355
208928
209878
209912
210599
211593
211739
212442
212906
212998
213537
214289
214391
214884
215512
216225
216498
216804
217310
217427
217431
217693
217947
218005
218907
219665
219767
220720
221258
222230
222839
223557
223665
224662
225129
226087
227051
227456
227972
228219
228497
229395
229587
229937
230350
230370
230565
230782
231511
231996
232057
232367
232946
233295
233608
234304
235019
235931
236309
236412
236662
237472
237986
238183
239016
239146
239620
240516
240865
241041
241271
242194
243146
243536
244027
244861
245228
245655
245894
246709
247381
247925
248878
249342
249798
250529
250640
250655
250950
251873
252675
253429
254123
255122
255727
256222
256653
257390
258248
259194
259346
259641
260354
261118
261511
261722
262130
262504
262760
262791
263763
263778
264723
265425
266409
267267
267887
268461
269190
269269
269934
270885
271132
271307
271877
271900
271942
272380
272632
273328
273752
274214
275122
276076
276661
277533
278459
278896
279719
280389
280811
281088
281344
281700
281733
282414
283291
283667
284553
285189
285589
285872
286464
287266
287506
287669
288118
288236
289139
289382
289483
289953
290281
290387
290794
291693
291900
292346
292574
293146
294062
294147
294787
295670
295718
296224
296861
297254
298201
298334
298834
299399
300009
300408
301288
301627
302242
302352
303235
304031
304068
304703
304974
305939
306787
307468
307764
308538
309114
309977
310334
311176
311318
311965
312610
313016
313897
314620
315033
315624
315708
316058
316589
317123
317816
318774
318954
319016
319167
319946
320577
321371
321744
322514
323234
323358
323645
324607
325442
326227
326940
327046
327955
328752
329090
329641
330327
330641
331033
331191
331401
332070
332450
333169
333465
333493
334139
334666
334751
335490
336161
336364
337112
337459
338138
338794
339027
339099
339125
339418
339524
340164
340245
340371
340626
341620
342273
342505
342668
342959
343668
343781
344404
344471
344996
345503
345615
345837
346081
346144
346416
346665
346936
347215
348170
348307
349195
349796
350397
350772
351179
351456
351944
352099
352757
353728
354094
354745
354944
355661
356282
357235
357745
357773
357908
358884
359528
360459
361321
361571
362298
362336
363133
363256
363857
364090
364948
365254
366251
366416
367022
367271
367881
368031
368367
368690
369617
370231
370494
370739
370863
371499
371743
372315
372864
373003
373023
373971
374592
375279
375708
375982
376529
376812
377296
377453
378052
378489
379139
379298
379831
380246
380818
381070
382016
382666
382781
383157
383706
384445
384969
385280
385369
385380
385692
386433
386441
387359
388225
388241
389060
390022
390929
391242
391541
392163
392677
393434
393558
393610
394084
394801
395638
396014
396145
396330
396775
397737
397887
398747
399421
399792
400401
400509
400801
401250
401328
402204
402721
403508
404251
405128
405679
405938
406036
406554
406917
407079
407922
408735
409295
410262
411120
411518
411621
412316
412906
413796
414531
414986
415197
415779
416458
416641
416661
416689
417180
417801
418476
419335
420244
420662
421430
422175
422194
422807
423731
424508
424762
424777
424840
425759
426001
426193
426686
426977
427457
427984
428175
428187
428876
429175
429390
430042
430349
431104
431700
432120
432958
433477
434283
435240
435938
435939
436806
436948
437652
438637
439257
440005
440067
440943
441733
442541
442975
443962
444384
445019
445221
445866
446009
446873
447326
448316
449283
449395
450355
450969
451071
451658
452228
453062
454062
454340
454851
455700
456323
456862
457802
458641
459530
460216
460533
461040
461884
462879
462984
463642
464620
465194
466069
466755
466845
467112
467713
468145
469133
469325
470023
470364
470707
471326
472089
472702
473437
473944
474021
474580
475349
476285
477285
477540
478000
478616
479465
480219
480501
480622
481606
481757
482670
482697
483391
484173
484731
484862
485477
485776
485802
485913
486081
487072
487732
488138
489090
489091
490066
490254
490619
490844
491367
492165
492971
493837
494061
495009
495591
496108
496343
496550
497523
498395
499249
499580
499650
499754
500544
501520
501869
502835
503574
504270
505160
505440
506372
506545
507264
507708
507871
508305
509127
509595
509650
510550
510926
511582
511904
512139
512539
513375
513992
514303
514400
514440
515177
515305
516219
517006
517988
518574
518592
519091
519757
520419
521370
522111
523108
523641
523928
524802
525019
525651
526489
527015
527486
527761
528619
529118
529968
530599
531204
531528
532525
533358
533560
533694
534277
534329
534948
535201
536042
536751
537479
538237
539175
539642
540495
540865
541050
541753
541817
542800
543196
543556
544459
544928
545343
545728
545751
545801
545804
546359
546925
547175
547802
548326
549099
549973
550455
550945
551531
551897
552812
552860
553202
553247
553600
554351
555026
555789
555978
556068
556408
557047
557305
557819
558473
559234
559659
560483
561122
561584
562155
563126
563469
564334
564463
564964
565456
565736
565998
566657
567108
567163
568068
568452
569182
569753
570351
570747
570803
571312
571964
572821
573024
573104
574043
574429
575130
575450
576354
576408
576588
577278
577506
577511
577882
578040
578330
578995
579761
580740
581253
581866
582094
582429
582846
583034
583476
583859
584608
585562
585652
586216
586295
586641
586926
587234
587890
587991
588474
589231
589964
590295
590874
591056
591948
592152
592847
593601
594175
595015
595992
596249
597198
597640
597828
597966
598330
598673
598875
599100
599434
600310
600885
601343
602122
602867
603347
604065
604377
605028
605326
605652
605893
606590
607554
608471
609244
609316
610282
610932
611402
611698
612671
613500
613582
614341
615044
615413
616103
616836
617204
617413
618028
618122
618185
618803
619067
619830
620410
621345
621602
621808
622338
622533
622741
623475
623810
624536
624913
625809
626444
627382
627853
628284
628702
629236
629800
630562
631258
631263
631906
632698
632725
633210
633352
633953
634594
634646
635275
635291
636246
636319
637215
637975
638689
638780
639015
639500
640141
640639
641139
641415
641980
642505
643197
643703
644294
644886
645508
646164
646278
646292
646714
647391
648386
649245
649633
650302
650607
651093
652019
652343
652828
653707
654129
654256
655111
655898
656875
657766
658732
659045
659288
659405
659732
659994
660506
661199
661323
661583
662375
662813
663234
663953
664208
664643
664904
665171
665913
666889
667239
667892
668594
669142
669711
670574
670732
671702
672633
673553
673926
673971
674477
675465
675748
675783
676445
677372
677794
678232
678540
679123
679592
680535
680564
681427
681520
682479
682610
683217
683327
683894
683927
684734
685028
685660
685887
686458
687244
687527
687575
688154
688648
689011
689810
690804
691255
691709
692138
692902
693196
693432
694426
695229
695530
696505
697262
697471
697616
698375
698946
699081
699178
700150
700444
701216
702183
702310
703055
704014
704465
704587
705268
706038
706552
707389
707518
708293
709092
710076
710220
710317
711030
711659
712183
712188
713113
713844
714022
714895
715102
715375
716174
717148
717762
718624
719159
720147
720917
720983
721530
722001
722848
723447
723980
724139
724550
724578
724673
725052
725398
725997
726483
726870
727629
728198
728322
729219
729476
729869
730171
730178
730905
731774
732391
732412
733297
733623
734359
734612
735528
735914
736898
737766
737970
737993
738234
738919
739728
740363
741170
741974
741997
742908
743566
744273
744758
745253
745400
745765
746147
746487
747387
748060
748788
749438
750311
751011
751448
752433
753100
753936
754818
755205
755739
756201
756971
757495
758026
758660
759344
759848
760647
761505
761561
762262
763166
763226
763958
764161
764405
765404
766248
767088
768064
768779
769269
769710
770088
770112
770348
770842
771184
771457
772256
772928
773253
774200
774892
775169
775470
776010
776363
777000
777758
778126
778688
779531
779949
780003
780399
780727
780947
781353
782134
782786
783371
783766
784467
784982
785915
786438
787307
787364
787934
788235
788410
788541
789122
789880
790490
791008
791860
792672
792755
793493
793948
794871
795120
795294
796041
796240
797059
797115
797614
798612
799550
800511
800999
801020
801335
801756
802047
802250
803153
803887
804492
804963
805419
805582
806241
807126
807645
808235
808878
809077
809265
809506
810461
811318
811638
812084
812633
812697
812921
813822
814014
814980
815461
815466
816259
817219
818045
818978
819200
819933
820002
820885
821237
821372
821504
822334
822802
822945
823447
823475
824359
825121
825846
825976
826866
826954
827459
828241
828280
828357
829026
829438
829739
830194
830244
831083
831806
832733
832989
833308
833697
833766
834556
835004
835612
835753
836239
837169
837480
838287
838897
839646
840191
840584
841270
841771
842242
842281
843087
843104
843282
843615
843943
844092
844749
844875
845133
846028
846635
846703
847525
847969
848195
848253
848912
849898
850549
850851
851769
852356
852783
853681
854355
854481
854684
855525
856074
856242
856762
857293
857442
857728
858669
859365
859426
859949
860826
861701
862251
862678
863673
864567
864959
865356
866104
866843
867697
867729
868021
869006
869959
870247
870431
870852
871463
872314
873200
873766
873830
873924
874277
874691
874998
875978
876625
876895
877568
877927
878226
878969
879524
880428
880472
880717
881646
881793
881896
881906
882829
883370
883595
884578
885337
886268
886401
887061
887512
888002
888942
889889
890868
891827
892113
892963
893636
894295
894683
895234
896172
896320
897289
897480
898264
898877
899337
900196
900669
900679
900978
901010
901543
902041
902629
902712
903210
903900
904221
904319
904363
904726
905031
905411
906281
907061
907301
907827
908472
909233
909271
909621
909681
909874
910574
911461
912044
912188
913020
913381
914214
915057
915727
915918
916305
916392
916907
917360
918269
918665
919239
919403
919847
920709
921623
922425
923116
923630
923658
924589
925038
925378
926373
927252
927444
927585
927644
927742
927770
928640
929091
929183
929470
929488
930154
930547
931437
931661
932395
933322
933500
933809
933943
934611
934694
935231
936154
936568
937448
937583
938417
939089
939352
939468
940338
941266
942197
942482
942519
942827
942898
943055
943680
943998
944941
945353
945748
945846
946619
947395
947945
948934
949549
950361
950934
951385
952339
953038
953575
954452
954899
955330
956096
956965
957801
958592
959528
960075
960971
961295
961363
961556
961657
962349
963256
964160
964165
965119
965671
966450
967436
968377
968761
969647
969981
970379
970678
971028
971442
972059
972518
972928
973121
974099
974569
975546
975586
976413
977411
977918
978103
978560
978582
979341
980277
980715
981020
981524
981965
982724
982832
982873
983684
984412
984663
985292
986136
986966
987779
988748
989345
990015
990400
990525
991250
991289
991564
992123
992377
992952
993412
994382
994861
995743
996103
996947
997170
997469
998220
998647
999407
1000149
1000410
1001288
1002019
1002657
1003402
1003704
1004178
1004759
1005602
1005727
1006302
1007208
1008013
1008964
1009246
1010116
1010516
1011326
1011819
1012212
1012910
1013546
1014160
1014332
1014560
1014904
1015518
1016186
1016913
1017553
1018071
1018354
1019184
1019397
1019703
1020359
1021296
1021405
1022064
1022848
1023144
1023923
1024298
1024429
1025423
1025490
1026369
1027183
1027653
1028487
1028747
1029149
1029619
1030174
1030315
1030486
1031079
1031209
1031443
1032040
1032984
1033661
1034585
1034782
1035016
1035557
1036298
1036554
1037415
1037497
1037639
1038305
1038489
1038988
1039346
1040268
1040779
1041568
1042439
1043191
1043949
1044351
1044895
1045212
1045247
1046041
1046668
1047401
1047765
1048494
1048591
1049460
1049692
1049870
1050063
1050154
1050793
1050957
1050977
1051168
1051885
1052556
1053061
1053324
1053745
1054671
1054854
1055523
1056029
1056169
1056997
1057411
1057895
1058630
1059513
1059634
1060569
1061082
1061970
1062016
1062324
1062739
1063592
1063817
1063921
1064594
1064846
1065368
1065704
1066017
1066879
1067610
1068190
1069127
1069222
1069739
1070352
1070619
1070855
1071579
1072026
1073007
1073869
1074524
1074798
1074874
1075769
1076128
1076826
1077600
1077601
1078405
1078849
1078979
1079935
1079970
1080058
1080584
1081220
1081739
1082680
1082880
1083497
1083787
1084783
1085313
1085685
1086417
1086509
1086813
1087225
1088190
1088249
1089193
1089965
1090487
1091116
1091723
1092387
1093045
1093621
1093912
1094286
1095155
1095955
1096016
1096946
1097391
1098046
1098749
1098862
1099057
1099422
1099640
1099772
1099931
1100650
1101512
1101867
1102576
1102869
1103704
1104206
1104882
1104896
1105593
1105999
1106687
1107489
1108455
1109316
1109566
1110513
1111415
1111855
1112090
1112133
1113072
1113455
1113593
1113962
1114147
1114960
1115597
1116455
1117058
1117476
1118467
1118670
1118789
1119259
1119661
1119835
1120373
1120671
1121051
1121418
1121847
1122233
1123019
1123697
1124355
1125214
1125865
1125891
1126180
1126876
1127866
1128102
1128140
1128939
1129202
1130133
1130239
1130839
1131274
1131499
1132320
1132790
1133000
1133050
1133206
1133886
1134383
1134745
1135246
1135944
1136079
1136372
1136883
1137446
1137929
1138723
1138768
1139601
1140495
1140910
1141375
1142201
1143004
1143769
1144606
1145320
1146134
1146189
1146295
1146870
1147581
1148548
1148706
1148897
1149460
1149551
1149648
1149999
1150412
1150982
1151178
1151989
1152560
1152946
1153858
1154121
1154337
1154741
1154893
1155803
1156726
1156761
1157065
1157301
1157549
1157594
1157910
1158013
1158922
1159874
1160189
1160305
1161003
1161545
1161910
1162678
1163571
1164555
1165408
1165922
1166817
1167554
1168455
1169428
1169694
1169787
1170717
1170722
1171472
1172244
1172927
1173881
1174548
1174916
1175826
1176204
1176723
1176827
1177041
1177657
1178149
1178195
1178595
1179367
1179450
1179982
1180298
1180607
1181155
1181802
1182775
1182892
1183627
1183872
1184198
1184624
1185476
1185927
1186242
1186872
1187280
1188198
1188641
1188928
1189295
1190174
1190462
1191050
1191453
1191959
1192788
1193051
1193495
1193537
1193559
1194378
1194994
1195290
1195477
1196039
1196818
1197158
1197674
1198457
1199388
1199770
1200024
1200774
1200870
1201342
1201778
1202213
1203100
1203955
1204277
1204585
1205043
1205151
1205428
1205531
1206136
1206164
1207037
1207587
1207835
1208401
1209156
1209161
1209830
1210682
1210840
1211239
1211541
1212298
1212612
1213018
1213416
1213752
1213888
1214786
1215571
1216167
1216547
1217511
1217758
1218256
1218800
1219751
1220454
1220753
1221514
1221773
1222526
1222549
1222784
1222957
1223322
1223402
1223627
1224598
1224704
1225387
1226098
1226277
1226905
1227247
1228030
1228879
1229496
1229713
1230298
1230805
1231414
1232064
1233052
1233695
1233943
1234589
1234884
1235118
1235296
1235512
1235730
1236372
1236957
1237636
1237980
1238352
1238703
1238909
1239907
1240242
1240817
1241236
1241957
1241971
1242958
1243251
1244108
1244494
1244626
1245091
1246046
1246769
1247381
1247663
1248486
1248672
1249488
1250025
1250782
1250861
1251798
1252580
1253397
1254107
1254295
1255003
1255567
1256533
1256992
1257402
1257827
1258326
1258789
1258810
1259319
1259717
1260047
1260789
1261172
1261292
1261910
1262556
1262998
1263690
1264319
1265010
1265945
1266769
1266993
1267104
1267659
1268306
1268371
1268893
1269582
1269998
1270801
1271158
1271617
1272233
1272339
1272582
1272854
1273336
1274234
1274264
1274414
1274624
1275292
1275826
1276137
1276229
1276722
1277111
1277376
1278353
1278850
1279657
1280490
1280586
1281360
1281840
1282525
1282784
1283436
1284419
1284483
1284809
1285087
1285492
1285810
1286383
1286682
1287188
1287238
1287810
1287819
1287966
1288073
1288987
1289579
1289598
1290387
1290702
1290881
1291717
1292598
1293071
1293745
1294140
1294495
1295440
1295985
1296366
1297150
1297484
1297701
1298454
1298541
1299200
1299612
1300051
1300987
1301395
1301860
1302661
1302884
1303088
1303253
1304231
1304563
1304583
1305063
1305528
1305899
1306700
1306839
1307308
1307396
1308094
1308986
1309966
1310653
1311232
1312054
1312942
1313278
1313692
1314004
1314638
1315177
1315623
1316538
1317503
1318259
1318938
1319625
1319842
1319870
1320235
1320823
1321794
1322759
1323726
1324400
1324623
1324981
1325639
1326517
1326822
1326868
1327174
1327210
1327407
1327625
1328155
1328518
1329082
1329438
1330180
1330876
1331706
1332048
1332397
1332746
1333510
1334393
1335051
1335145
1335459
1336101
1336198
1336768
1336908
1337842
1338335
1338940
1339930
1339944
1340432
1340882
1341474
1342068
1342659
1343360
1343490
1343926
1344337
1344779
1345686
1346473
1347330
1348288
1348911
1348951
1349635
1350288
1350608
1351058
1351619
1352606
1352692
1352972
1353451
1353731
1354351
1354759
1355067
1355678
1356593
1356865
1357250
1357816
1358204
1358974
1359891
1360001
1360414
1360722
1360985
1361191
1361969
1362935
1363579
1364107
1365104
1365128
1365624
1365771
1366389
1367123
1367232
1367546
1368082
1368424
1368442
1369011
1369210
1370113
1370680
1370816
1371024
1371355
1371801
1372604
1373151
1373478
1373960
1374034
1374079
1374742
1375608
1375979
1376356
1377065
1377486
1378182
1378245
1378655
1379112
1379151
1379510
1380469
1380966
1381350
1381962
1382565
1382587
1383182
1384077
1385037
1385924
1386019
1386027
1386798
1386927
1387257
1388078
1388741
1389261
1390219
1390434
1391432
1392315
1392879
1392986
1393406
1394205
1394283
1394902
1395038
1395640
1396498
1396987
1396994
1397227
1397955
1398531
1399346
1399679
1400511
1400878
1401796
1401862
1402660
1403514
1404080
1405017
1405700
1405949
1406330
1407020
1407767
1407876
1408162
1408954
1409548
1410494
1411068
1411902
1412489
1413480
1413632
1414523
1414829
1415589
1415926
1416492
1416690
1416939
1417279
1417437
1418371
1419288
1420246
1420305
1421178
1422004
1422522
1422673
1423302
1424243
1424790
1425368
1425471
1425942
1426783
1427648
1428533
1429094
1429235
1429654
1430598
1431002
1431387
1432123
1433106
1433988
1434487
1435012
1435653
1435986
1436137
1436286
1436674
1436982
1437473
1437965
1438251
1438604
1438951
1439271
1439408
1440163
1440900
1441183
1441994
1442004
1442264
1442334
1442777
1442873
1443360
1443811
1444166
1445038
1445158
1446098
1447021
1447477
1448172
1449034
1449141
1449732
1450124
1450140
1450935
1451605
1451752
1451824
1452157
1452404
1452982
1453377
1454137
1454276
1455040
1455585
1456098
1457032
1457385
1457611
1458443
1458630
1458700
1459626
1459663
1460109
1461026
1461416
1462387
1463072
1463987
1464519
1465164
1465375
1466317
1467050
1467313
1467865
1468414
1469108
1469453
1470390
1470594
1471210
1471480
1472328
1472645
1472826
1473517
1474196
1474769
1475625
1476345
1476883
1477025
1477374
1478352
1479165
1479885
1479918
1480437
1480578
1480985
1481470
1482061
1482916
1483546
1484330
1485102
1485997
1486287
1487113
1487182
1487465
1488000
1488649
1489296
1490221
1491056
1491778
1492049
1492804
1492838
1493824
1494593
1494853
1495468
1496302
1496695
1497399
1498370
1499189
1499471
1500136
1500955
1501125
1501744
1502532
1503260
1504111
1504484
1505274
1505876
1506790
1507594
1508254
1509009
1509620
1510312
1511225
1512153
1512896
1513818
1514299
1514691
1514737
1515310
1516082
1516414
1517298
1518242
1519128
1519786
1520744
1520935
1520947
1521771
1522526
1523197
1523559
1524177
1524400
1525131
1525184
1526090
1526446
1526460
1527104
1528076
1528316
1528799
1529382
1529904
1530649
1531644
1532057
1532995
1533508
1534094
1534720
1534987
1535222
1535565
1535968
1536267
1536815
1536935
1536937
1536993
1537241
1537286
1537489
1537635
1538204
1538721
1539560
1540374
1540654
1541026
1541770
1542742
1543558
1544160
1544230
1545189
1546173
1546371
1547355
1547889
1548827
1549720
1549975
1550735
1551293
1551330
1552078
1552845
1553204
1553341
1553824
1554768
1555319
1556235
1556742
1557600
1558556
1558681
1559183
1559209
1559372
1559475
1559899
1560003
1560335
1560689
1561209
1562142
1562986
1563033
1563397
1563957
1564853
1565177
1566114
1566939
1567584
1568469
1568693
1569046
1569673
1569934
1570596
1571479
1572437
1572777
1573244
1573686
1574441
1574865
1575809
1575924
1576800
1577306
1578191
1578769
1579515
1579633
1580162
1580331
1581006
1581685
1582478
1582581
1582607
1583410
1583665
1583994
1584838
1585178
1585554
1585574
1586432
1586952
1587755
1588567
1588609
1588642
1588952
1589591
1590238
1590895
1591763
1591814
1592650
1593027
1593318
1593509
1594144
1595009
1595992
1596118
1596825
1596860
1597766
1598524
1598861
1598931
1599291
1599587
1600221
1600369
1601278
1601821
1602761
1603523
1604369
1605166
1605675
1606117
1606157
1606487
1606739
1607258
1608085
1608781
1609059
1609785
1610693
1611058
1611154
1611565
1612316
1612885
1613195
1613723
1614694
1615187
1616185
1617150
1617649
1617789
1618690
1619123
1619811
1620225
1620860
1621254
1621656
1622185
1622378
1622663
1622993
1623355
1624301
1625186
1626075
1626567
1626884
1627350
1627548
1628444
1629127
1629897
1630743
1631212
1632022
1632804
1633719
1634166
1634349
1635106
1636085
1637014
1637808
1638443
1639025
1639153
1639221
1639276
1640183
1640998
1641363
1641571
1642362
1642824
1642904
1643843
1644138
1644624
1645519
1646395
1646785
1646946
1647207
1647209
1647331
1648013
1648237
1648476
1649182
1649604
1650167
1650400
1651342
1651547
1652491
1653215
1653366
1653552
1654396
1654853
1655171
1656133
1657012
1657909
1657943
1658804
1658854
1659830
1660319
1660762
1661275
1662272
1662857
1663849
1663903
1664322
1664748
1665625
1666286
1666587
1667031
1667675
1668610
1668752
1669036
1669063
1669841
1670055
1670510
1670542
1670694
1671014
1671974
1672632
1672687
1673381
1674228
1674884
1675668
1676534
1677471
1678059
1678788
1679618
1680246
1680330
1680395
1680691
1681312
1682151
1682351
1682697
1682914
1682915
1683550
1683752
1684428
1685229
1686046
1687041
1687483
1687522
1687936
1687975
1688951
1689262
1689286
1689794
1690575
1690728
1691614
1691630
1692136
1692279
1692545
1692583
1693535
1693689
1694561
1695345
1695561
1696276
1696582
1697471
1698060
1698241
1698263
1698877
1699644
1700625
1701572
1701904
1702037
1702491
1702977
1703184
1703423
1704155
1705050
1705703
1705967
1706652
1706774
1707317
1707499
1708182
1708714
1709430
1709900
1710683
1711559
1711807
1711974
1712287
1712547
1713005
1713514
1714362
1714559
1714622
1715499
1715807
1715870
1716853
1717254
1717810
1717976
1718604
1719377
1720354
1721236
1721945
1722541
1723267
1724245
1724326
1724349
1724695
1725353
1726035
1726473
1727247
1728136
1728934
1729311
1729584
1729727
1730725
1730991
1731551
1732089
1732478
1732680
1732815
1733554
1733574
1734313
1734766
1735632
1735816
1735828
1736202
1736853
1737717
1738391
1738906
1738939
1739592
1739773
1740749
1741154
1741303
1741921
1742416
1743267
1743861
1744301
1744562
1745391
1745542
1745750
1746376
1747282
1747398
1747641
1747706
1748684
1749116
1749991
1750582
1750799
1751433
1751438
1751866
1752673
1752773
1753694
1754632
1754795
1755112
1755937
1756584
1757001
1757311
1758163
1758585
1758664
1758881
1759688
1760453
1761004
1761373
1761540
1762300
1762692
1763323
1764079
1764954
1765261
1765818
1766552
1767465
1768374
1768676
1769622
1770596
1771449
1772401
1773171
1773555
1774426
1774490
1774677
1775354
1776178
1776734
1777426
1778330
1778884
1779043
1780009
1780431
1781250
1781666
1782200
1782305
1782401
1782615
1783543
1784134
1784855
1785398
1786365
1786678
1787495
1788317
1788953
1789602
1789961
1790777
1790873
1790902
1791844
1792483
1793292
1793857
1794258
1794393
1795177
1796110
1796503
1797224
1798009
1798148
1798922
1799073
1799119
1799960
1800812
1800988
1801159
1801267
1801613
1802374
1803315
1804014
1804584
1804889
1805116
1805173
1805933
1806770
1807410
1808016
1808025
1808061
1808390
1808725
1809592
1810358
1810839
1811803
1811990
1812798
1813547
1813785
1813930
1814351
1814769
1815765
1815959
1816428
1817040
1818017
1818183
1818795
1819206
1819725
1820175
1820832
1821618
1822459
1822818
1823692
1824677
1824714
1824812
1825536
1825599
1825665
1826122
1827057
1827878
1828120
1828813
1829149
1829370
1829777
1830023
1830037
1830563
1830867
1830946
1831831
1832107
1832359
1832968
1833530
1834525
1834823
1835308
1835508
1835942
1835977
1836868
1837109
1838094
1838504
1839251
1840095
1841060
1841825
1842101
1842295
1843011
1843164
1843180
1844124
1844206
1844703
1844908
1845466
1845996
1846563
1846862
1847501
1848092
1848897
1849181
1849878
1850493
1850988
1851343
1851602
1852416
1852896
1853136
1854058
1854879
1855173
1855261
1856204
1856636
1857185
1857285
1857924
1858522
1859287
1860116
1860698
1861678
1862054
1862588
1863468
1863571
1863687
1864129
1864703
1865089
1865732
1866347
1867073
1867910
1868905
1869850
1870806
1870832
1871796
1872185
1873043
1873303
1874071
1874541
1875288
1875810
1876307
1876688
1877650
1877771
1878382
1878993
1879121
1879723
1879868
1880023
1880233
1880996
1881045
1881583
1881810
1882688
1883116
1883546
1884056
1884781
1885226
1885320
1885540
1885567
1886106
1886708
1886982
1887273
1887303
1887469
1888198
1888710
1889314
1889951
1890640
1890723
1891658
1892542
1892848
1893173
1893901
1894005
1894673
1895654
1896165
1897045
1897337
1897771
1898404
1898923
1899379
1900200
1900532
1901389
1902196
1902919
1903525
1903890
1904625
1905395
1905840
1906048
1906271
1906952
1907135
1907910
1908736
1909464
1909603
1910123
1910726
1911584
1911803
1912102
1912184
1912554
1912617
1913291
1913856
1914735
1915492
1916376
1917189
1917393
1918022
1918435
1918835
1919311
1919352
1919414
1919763
1920665
1921006
1921577
1921836
1922456
1923280
1924065
1924494
1925247
1925606
1926243
1927161
1927910
1928856
1929066
1929849
1930557
1930937
1931196
1931493
1931595
1931685
1931706
1931910
1932570
1933087
1933218
1934206
1934633
1935367
1935535
1936169
1936506
1937426
1937616
1937953
1938637
1939080
1939239
1939395
1939542
1940056
1940615
1940864
1941638
1942257
1942458
1942753
1943554
1943632
1944062
1944351
1944941
1945283
1945933
1946488
1946747
1947462
1948169
1948211
1948797
1948991
1949916
1950719
1950955
1951069
1951574
1952153
1952439
1952614
1953443
1954225
1954772
1954911
1955891
1956161
1956767
1956778
1957235
1958220
1959199
1959797
1960774
1961332
1962223
1962307
1962692
1962804
1963220
1964197
1964566
1964670
1965618
1966335
1966709
1967209
1967518
1967893
1968133
1968147
1968602
1969207
1970070
1970627
1971484
1972272
1973089
1973945
1973946
1974483
1975368
1976028
1976355
1976568
1977298
1978227
1978715
1979623
1979952
1980121
1980193
1980422
1980939
1980998
1981944
1982042
1982154
1983093
1983749
1984516
1985379
1986240
1986960
1987714
1987940
1987949
1988838
1989500
1989910
1990521
1990749
1991600
1992103
1992904
1993582
1993819
1993872
1994000
1994969
1995610
1995690
1996290
1997247
1997935
1998600
1998764
1999052
1999181
1999358
2000064
2000258
2000916
2001845
2001883
2002123
2002750
2002829
2003694
2003906
2003973
2004872
2005801
2006416
2007107
2007464
2007686
2007813
2007905
2008016
2008325
2008975
2009539
2010055
2010725
2011578
2012244
2012994
2013989
2014218
2014347
2014709
2015533
2015791
2015843
2016674
2017087
2017491
2018398
2018727
2019399
2020220
2020954
2021903
2022879
2023148
2024133
2024189
2024688
2024873
2025663
2026516
2027052
2027768
2028446
2028762
2029362
2029990
2030067
2030302
2030839
2030980
2031800
2031957
2032734
2033633
2034306
2034534
2034638
2034934
2035814
2036054
2037028
2037265
2037808
2038386
2039070
2039203
2039607
2040542
2041331
2041727
2042518
2043385
2043394
2044282
2045265
2045917
2046720
2047383
2048123
2048563
2049251
2049915
2050480
2051056
2051525
2051955
2052658
2053374
2053518
2053848
2054084
2054837
2055191
2055440
2055481
2056329
2057064
2057975
2058284
2059000
2059442
2060141
2060891
2060892
2061193
2061836
2062359
2063206
2063504
2064224
2065186
2065813
2066626
2067044
2067764
2068593
2068808
2069078
2069825
2070635
2070786
2071611
2072402
2073299
2074268
2074579
2075090
2075488
2075672
2076067
2076913
2077332
2077602
2078496
2079158
2079543
2080292
2080349
2080933
2081869
2082062
2082221
2082689
2083648
2084424
2084754
2084893
2085865
2086310
2086482
2086658
2086888
2087724
2088669
2089167
2089941
2090813
2091625
2091822
2092704
2092859
2092906
2093234
2094221
2095013
2095094
2095839
2096087
2096171
2097157
2097853
2098715
2099069
2099178
2099926
2100434
2101241
2101942
2102264
2102969
2103438
2103952
2104952
2105133
2106003
2106087
2106852
2107450
2107634
2107762
2108647
2109578
2110279
2110795
2111199
2112001
2112906
2113141
2113506
2113574
2114495
2114602
2115388
2116016
2116715
2117588
2118498
2118785
2119250
2119720
2119854
2120204
2120336
2120712
2121644
2122311
2122323
2123005
2123212
2123596
2123686
2124549
2125433
2125743
2126739
2127698
2128673
2129112
2129155
2129624
2129850
2129989
2130058
2131023
2131371
2131711
2131943
2132323
2132990
2133574
2134233
2135062
2135440
2136359
2137148
2137365
2137738
2138422
2138688
2139666
2139739
2139893
2139986
2140650
2140822
2141723
2142163
2142459
2142512
2143100
2144087
2144150
2144200
2144731
2145587
2146076
2146400
2146887
2147476
2148466
2149169
2149312
2149833
2150307
2151166
2151221
2151898
2151931
2152662
2152773
2153688
2154170
2154405
2155268
2155988
2156522
2157236
2158004
2158033
2158282
2158556
2159074
2159962
2160539
2160705
2160715
2161265
2161714
2161900
2162620
2162706
2163517
2163717
2163789
2164552
2165543
2166439
2166453
2166921
2167051
2167381
2167447
2167882
2168226
2168700
2169195
2169557
2169925
2170679
2171653
2172061
2172664
2173094
2173534
2173782
2174346
2175275
2175528
2175898
2176031
2176688
2176712
2176858
2177027
2177060
2177560
2177646
2177986
2178071
2178645
2178739
2179673
2179739
2180512
2180759
2181114
2182033
2182187
2183135
2183477
2184278
2184687
2185123
2185305
2185665
2185980
2186245
2187049
2187820
2188506
2188968
2189747
2190295
2191184
2191325
2192075
2192633
2193220
2193388
2193507
2193696
2194165
2194581
2195053
2195754
2195799
2196642
2196887
2197396
2197614
2197966
2198516
2198952
2199355
2200165
2200619
2201084
2201719
2202191
2202196
2202636
2203557
2204196
2204962
2205082
2205568
2206089
2206834
2207020
2207862
2208118
2208590
2209040
2209746
2210504
2211410
2211638
2212194
2213051
2213148
2213404
2214063
2214176
2214403
2214709
2214884
2215659
2216277
2216446
2217427
2217894
2218779
2219358
2220063
2220757
2221027
2221369
2221875
2222619
2223034
2223937
2224131
2225009
2225598
2225607
2225646
2226633
2226869
2226994
2227994
2228812
2229066
2229657
2229788
2230572
2231039
2231761
2232737
2232985
2233332
2234194
2234510
2235293
2235580
2236566
2236775
2236859
2237537
2238067
2239039
2239766
2240258
2240579
2241336
2241469
2242312
2242540
2243134
2243594
2244449
2245412
2245745
2245985
2246777
2247609
2248493
2248768
2249289
2249959
2250931
2251901
2252594
2252838
2253494
2253643
2253847
2254761
2255354
2255786
2256502
2256671
2257494
2257838
2257866
2258407
2258782
2259565
2260427
2260511
2260942
2261126
2262094
2262236
2262887
2263198
2264094
2264896
2265586
2266024
2266112
2266185
2266481
2267230
2267616
2267678
2267752
2268366
2268959
2269765
2270032
2270769
2271089
2271233
2271484
2272194
2272738
2273109
2273590
2273829
2274349
2275326
2275328
2275396
2276195
2276567
2277075
2277762
2278460
2278856
2279509
2280480
2280689
2281391
2282292
2282871
2283742
2284684
2285641
2286269
2286741
2287512
2288429
2288469
2289268
2290052
2290800
2291368
2292002
2292697
2293501
2293745
2294326
2294648
2295580
2296296
2296298
2296595
2297043
2297315
2297381
2297703
2298002
2298405
2299267
2299604
2300475
2301303
2301346
2301434
2302032
2302636
2302780
2303532
2304200
2304451
2305312
2306231
2306689
2307180
2308086
2308787
2308961
2309812
2310445
2310760
2311230
2311980
2312705
2312928
2313596
2314150
2314911
2315550
2316404
2316480
2317280
2317905
2318097
2318648
2318906
2319569
2320449
2321337
2322068
2322804
2323706
2324124
2324455
2325255
2326105
2326772
2327235
2327253
2328105
2328411
2328818
2329749
2330524
2331301
2331691
2331864
2332103
2332967
2333352
2333480
2334183
2334988
2335620
2336119
2336430
2337207
2337334
2337756
2337900
2338758
2338883
2339341
2340096
2340687
2341159
2341170
2341513
2342194
2342866
2342879
2343410
2343862
2344452
2345437
2345819
2345871
2346838
2347410
2347856
2348791
2349753
2350340
2351167
2351804
2352591
2353481
2353932
2354165
2354435
2354592
2355144
2355631
2356083
2356202
2356761
2356777
2357340
2357384
2358352
2359322
2359417
2359748
2360560
2361312
2362224
2362749
2363736
2363791
2364564
2364639
2365248
2365913
2366884
2367069
2367246
2367622
2368234
2368276
2368817
2369472
2369905
2370526
2370655
2370745
2371170
2372125
2372782
2373164
2373177
2373714
2374185
2374996
2375572
2376342
2376752
2376805
2377310
2377328
2378124
2378954
2379449
2380094
2380184
2380757
2381618
2382234
2382531
2383356
2384192
2384771
2385395
2385835
2386231
2386570
2387339
2387366
2387732
2388252
2388664
2389105
2389413
2389786
2390576
2390654
2390981
2391044
2391577
2392034
2392059
2392809
2393764
2394306
2394648
2394994
2395543
2395624
2396172
2397118
2397547
2397663
2398635
2399531
2399538
2400405
2401207
2402022
2402845
2403691
2404153
2404532
2405171
2406109
2406745
2407589
2407832
2407993
2408481
2408891
2409110
2409647
2409656
2410016
2410241
2411189
2411468
2412363
2413053
2413091
2413401
2414046
2414829
2415107
2415613
2416515
2417461
2418359
2418987
2419538
2419997
2420278
2420468
2420684
2421514
2421700
2422078
2422879
2423491
2423666
2423769
2423822
2424751
2425600
2426213
2427067
2427300
2428290
2428449
2428798
2429196
2430164
2430927
2431573
2432549
2432760
2432801
2433277
2433413
2433519
2434179
2435076
2435656
2435751
2435888
2435978
2436311
2436876
2437389
2437935
2438096
2438689
2438695
2439226
2440165
2440789
2441283
2442144
2442223
2442551
2443208
2444128
2444219
2445169
2445425
2446018
2446110
2446915
2447674
2447977
2448062
2448774
2449001
2449956
2450938
2451471
2452384
2452666
2453486
2454111
2454407
2454947
2455367
2455552
2455754
2456176
2456904
2457007
2457376
2458362
2459194
2459393
2459789
2459851
2459947
2460352
2461254
2461555
2462522
2463518
2463570
2464556
2464953
2465070
2465242
2465753
2466039
2466243
2466284
2467035
2467885
2468812
2469496
2470443
2470697
2471461
2472067
2472111
2472645
2473053
2473325
2474218
2474368
2474450
2474555
2474812
2475166
2475493
2476472
2476707
2477289
2477753
2477871
2478351
2478482
2479422
2479957
2480421
2481232
2481461
2481814
2481911
2482280
2482690
2482927
2483586
2483907
2484514
2484950
2485949
2486387
2487185
2487466
2487671
2488165
2488814
2489556
2489960
2490744
2491156
2491288
2491709
2492143
2492828
2493400
2494297
2495000
2495305
2496221
2496354
2497159
2497681
2498220
2499134
2499537
2499540
2499961
2500723
2501054
2501959
2502144
2503127
2503463
2504216
2504580
2505384
2505565
2506042
2506206
2506977
2507455
2508055
2509021
2509262
2509589
2510381
2511145
2511313
2511762
2512510
2512717
2513212
2513485
2513815
2514739
2515199
2515907
2516137
2516409
2517181
2517463
2517529
2518130
2518771
2519745
2519943
2520339
2521162
2522071
2522472
2522970
2523671
2524334
2524427
2524972
2525101
2525922
2526419
2527324
2528235
2528899
2529127
2529486
2529543
2529717
2530295
2530347
2531038
2531239
2532097
2532184
2532951
2533766
2533988
2534627
2534791
2535433
2536021
2536687
2537438
2538086
2539008
2539503
2539681
2540667
2541367
2542303
2542408
2543180
2543445
2543690
2544036
2544141
2544350
2544754
2544788
2545515
2546142
2546223
2546545
2547443
2547699
2548157
2548439
2549087
2549913
2550364
2550493
2551354
2552165
2552987
2553736
2554089
2554185
2554469
2554735
2555219
2555880
2556120
2557099
2557976
2558821
2559720
2560349
2560987
2561694
2562636
2562818
2563496
2564045
2564725
2565040
2565538
2566154
2566858
2567842
2568753
2569679
2570665
2570675
2571201
2571896
2572784
2572919
2573059
2573151
2573432
2573716
2573718
2574669
2575140
2575902
2576671
2577657
2577800
2578119
2578644
2578737
2579716
2579854
2580531
2581307
2582045
2582872
2583860
2584462
2584499
2584705
2584719
2585698
2586197
2587070
2587185
2587277
2587657
2588230
2588341
2589084
2589674
2590542
2591532
2592509
2592686
2593577
2594028
2594267
2594921
2595120
2595276
2595493
2596050
2596684
2597556
2598465
2599444
2600112
2600423
2600517
2601358
2601507
2602256
2602922
2603314
2603349
2604151
2604834
2605358
2605693
2605821
2606022
2606632
2606734
2607419
2608404
2608510
2609149
2609782
2609938
2610550
2611357
2611425
2611842
2611917
2612183
2612747
2612821
2613556
2614095
2614230
2614842
2615215
2616168
2616501
2616685
2617448
2617700
2618142
2618892
2619033
2619882
2620401
2621377
2622025
2623012
2623789
2624090
2624614
2625197
2625631
2626132
2626620
2627226
2628030
2628521
2629208
2630207
2630366
2630861
2631595
2631963
2632765
2633030
2633251
2633891
2634286
2634643
2635555
2636235
2636792
2636979
2637851
2638105
2638174
2638698
2639006
2639553
2639802
2640268
2640959
2641557
2642363
2643279
2643418
2644309
2645218
2645513
2645861
2646319
2647288
2647872
2648322
2649251
2650103
2650949
2651561
2651635
2651842
2652209
2652429
2653290
2653943
2654086
2654279
2655188
2655230
2655765
2656153
2657091
2657286
2658005
2658329
2659207
2659896
2660217
2660375
2660768
2661264
2662208
2662810
2663105
2663382
2664303
2664425
2664855
2665454
2665556
2665744
2666684
2666892
2667393
2667477
2667971
2668928
2669891
2670243
2671222
2671653
2672214
2672852
2673320
2673540
2674489
2675083
2676000
2676487
2676612
2676710
2676819
2677724
2678401
2679093
2679870
2680355
2680685
2680977
2681368
2681825
2681992
2682084
2682601
2682815
2683288
2684178
2684617
2685281
2685542
2686542
2687156
2688143
2688422
2688665
2689114
2689215
2689347
2689888
2690871
2691168
2692074
2692255
2692776
2693285
2693387
2693686
2694430
2695007
2695621
2696027
2696880
2697152
2697295
2698173
2698675
2699414
2699967
2700379
2700392
2701054
2701752
2701792
2702256
2702372
2702734
2703283
2703597
2704514
2705144
2705928
2706106
2706189
2706634
2707251
2707458
2707555
2708333
2708946
2709276
2709518
2710118
2710564
2711410
2711899
2712663
2713256
2714138
2715010
2715139
2715795
2716121
2716472
2716954
2717744
2718471
2718879
2719434
2719791
2720167
2720767
2721633
2722013
2722193
2722359
2722380
2722546
2723143
2723912
2724476
2725303
2725607
2726200
2726321
2727037
2727364
2727529
2728124
2728395
2729009
2729922
2730222
2730889
2731883
2732363
2732496
2732841
2733469
2733789
2734023
2734857
2735700
2736042
2736739
2736778
2736919
2737540
2737857
2738470
2738730
2739034
2739265
2740108
2740872
2741179
2741972
2741982
2742194
2742651
2742883
2743141
2743155
2743161
2743512
2743842
2744718
2745279
2745732
2745855
2746576
2747214
2747517
2747816
2748172
2749020
2749454
2750343
2750899
2751393
2752287
2752497
2752769
2753457
2753969
2754680
2755205
2755414
2755517
2756081
2756834
2756839
2757187
2757279
2758139
2758468
2758616
2759601
2760384
2760919
2761802
2762561
2763327
2763966
2764461
2765104
2766089
2766787
2766795
2766974
2767848
2768167
2769067
2769166
2769686
2769926
2770694
2770724
2771627
2772294
2773220
2773958
2774496
2774877
2775091
2775177
2775499
2776356
2776958
2777953
2778660
2779187
2779421
2779643
2779937
2780186
2780192
2780653
2781629
2781738
2781854
2781913
2781916
2782588
2783435
2783998
2784398
2784643
2784992
2785732
2786674
2786729
2787705
2788662
2789610
2790014
2790894
2791259
2791733
2792074
2792877
2793007
2793728
2794602
2795202
2795598
2795649
2795910
2796028
2796440
2797061
2797375
2797721
2798706
2799161
2799947
2800500
2800738
2801393
2802294
2802939
2803214
2803800
2803881
2804027
2804369
2805358
2805609
2806095
2806656
2807253
2807386
2807694
2808628
2809527
2809823
2810549
2810581
2810604
2811351
2811740
2811906
2812247
2812813
2813387
2813786
2814085
2814310
2814337
2814831
2815132
2815687
2815897
2816170
2816945
2817235
2817410
2817419
2817449
2818312
2818604
2819138
2819488
2820147
2821079
2821382
2822289
2823119
2823888
2824227
2824927
2825745
2826393
2826872
2826976
2827020
2827046
2827987
2828180
2828985
2829096
2830085
2830097
2830545
2831413
2832241
2832273
2833118
2833476
2834053
2834459
2834475
2834979
2835835
2836121
2836265
2836670
2837614
2838474
2838748
2839246
2839628
2840168
2840585
2840772
2841474
2841621
2842332
2842938
2843478
2843735
2843999
2844284
2844314
2844884
2845484
2845581
2845628
2845633
2846486
2846710
2847622
2848339
2848749
2849018
2849263
2849986
2850068
2850153
2850525
2851453
2852146
2852159
2852604
2853372
2854248
2854607
2854774
2855197
2855843
2856641
2857280
2858022
2858057
2859025
2859901
2860040
2860414
2860780
2861275
2861282
2861662
2861746
2862034
2862830
2863119
2863183
2863884
2864774
2865345
2866062
2867015
2867559
2868145
2868277
2869216
2869971
2870345
2871180
2871650
2871984
2872598
2873371
2874158
2874741
2875569
2875783
2876635
2876853
2877730
2878248
2879008
2879496
2879812
2880627
2880834
2881372
2882338
2882916
2883026
2883616
2884215
2884671
2884676
2885387
2886075
2886465
2887275
2887580
2888085
2888088
2888386
2889114
2889319
2890273
2891129
2892099
2892799
2893451
2893842
2894434
2895166
2895240
2895677
2896101
2896291
2897249
2897657
2898119
2899117
2899409
2899460
2899534
2900346
2901246
2901352
2902107
2903083
2903951
2904248
2904577
2904938
2905131
2905259
2906225
2906784
2907493
2908277
2908963
2909522
2909736
2910339
2910818
2911566
2912104
2912262
2913188
2913851
2914180
2914187
2915134
2915181
2915688
2916361
2916864
2917107
2917896
2918712
2919588
2919941
2920382
2920745
2920805
2921011
2921988
2922834
2923457
2924009
2924605
2924988
2925688
2926668
2927361
2928043
2928748
2929718
2930210
2930595
2930839
2930903
2931035
2931343
2931838
2932690
2933172
2933890
2934202
2935183
2935475
2936459
2937391
2938289
2938845
2939269
2939653
2940394
2941365
2942311
2942903
2943513
2944062
2944914
2945050
2945982
2946799
2947654
2948556
2949419
2949659
2949982
2950305
2950907
2950915
2951012
2951754
2951882
2952164
2952704
2953548
2954214
2954959
2955776
2955798
2956281
2956519
2957443
2958136
2958734
2959032
2959159
2960099
2960764
2961154
2961915
2962335
2962948
2963003
2963168
2963380
2963507
2963765
2964339
2964682
2965370
2965435
2966126
2966690
2967674
2968629
2969136
2969367
2969417
2970336
2970525
2971407
2971521
2972464
2972582
2972920
2972971
2973366
2973836
2974299
2974914
2975720
2976489
2976818
2977581
2977728
2977955
2978192
2978297
2978468
2978775
2979198
2979832
2980196
2980432
2981122
2981338
2982299
2982625
2983168
2983355
2984040
2984259
2984778
2984990
2985753
2986598
2986843
2987402
2988116
2988495
2989414
2989490
2990275
2990398
2991160
2991453
2991851
2992554
2993359
2994319
2994364
2995098
2995634
2996097
2996232
2996903
2997567
2997702
2998133
2998966
2999950
3000399
3001038
3001539
3002416
3002507
3003172
3003361
3003423
3004124
3004790
3005103
3005386
3005473
3005581
3006581
3006618
3007430
3008088
3008597
3008831
3008907
3008947
3009413
3009728
3010189
3010507
3010577
3011491
3011623
3012026
3013018
3013036
3013689
3014207
3014231
3014794
3015564
3015777
3016655
3016918
3017398
3017500
3018293
3018631
3019406
3019718
3019938
3020499
3020832
3021391
3021654
3021721
3022540
3023535
3024284
3024671
3024913
3025084
3025392
3025628
3026326
3026391
3026401
3026940
3027837
3028535
3028942
3029750
3029847
3030169
3030705
3031019
3031582
3032208
3032746
3032770
3032985
3033911
3034264
3034503
3035367
3036011
3036162
3036903
3037464
3037722
3038431
3038807
3039615
3039701
3039968
3040943
3041747
3041965
3042421
3042844
3043099
3043754
3044064
3044194
3044594
3045448
3046080
3046938
3047448
3048413
3049252
3050223
3050376
3051030
3051031
3051348
3051907
3052766
3053443
3054195
3054698
3055517
3055988
3056567
3057503
3057944
3057952
3058592
3059022
3059314
3059864
3059865
3059994
3060003
3060864
3061063
3061134
3061988
3062607
3062649
3062754
3062844
3063516
3064505
3064792
3065131
3065379
3065467
3066396
3066942
3067106
3067374
3067899
3068227
3069220
3069935
3069978
3070374
3070562
3070596
3071388
3072190
3072891
3072915
3073083
3073498
3074324
3075007
3075438
3075552
3075829
3076767
3077277
3077991
3078655
3078801
3078807
3079672
3079767
3080321
3081084
3081776
3082710
3082885
3082914
3083560
3084042
3084098
3084244
3084516
3084768
3085662
3086208
3086700
3087069
3087653
3088437
3089357
3090233
3091168
3091678
3092071
3093031
3093405
3093545
3094348
3094907
3095260
3095647
3095759
3096279
3097128
3097317
3097797
3098792
3099669
3100150
3100990
3101603
3102361
3103131
3103479
3104133
3104630
3105196
3105480
3105488
3106340
3107102
3107250
3107432
3108301
3108805
3108988
3109960
3110923
3111806
3111974
3112494
3113418
3114270
3114866
3115679
3116323
3117214
3117669
3118001
3118423
3118719
3119565
3120126
3120432
3121356
3121764
3122377
3122430
3122542
3123283
3124281
3124368
3124397
3125026
3125296
3126262
3126857
3127587
3128194
3128573
3129074
3129226
3129790
3130688
3131642
3132326
3132433
3132924
3133326
3134199
3134686
3134865
3135265
3135922
3136768
3136856
3137701
3138683
3139323
3139587
3139828
3139922
3140518
3141298
3142063
3142233
3142618
3143311
3143363
3144336
3144485
3144488
3145257
3145325
3145682
3146087
3146774
3147166
3147832
3148212
3148453
3148885
3149269
3149904
3150682
3150899
3151689
3152464
3152646
3153146
3153973
3154289
3154737
3155558
3156079
3157055
3157860
3158769
3159072
3159324
3159930
3160580
3160907
3160931
3161201
3162105
3162177
3162688
3163621
3163635
3164602
3164793
3165652
3166033
3166165
3166277
3166583
3167296
3168136
3168186
3169034
3169444
3169661
3169819
3170646
3171138
3171919
3172674
3173008
3173931
3174752
3174815
3175507
3176129
3176687
3176996
3177303
3177407
3178208
3179093
3179455
3180408
3181358
3182283
3182439
3183304
3184178
3184378
3184575
3184668
3184912
3185389
3185811
3185875
3186657
3187455
3188139
3189072
3189621
3189688
3190401
3191178
3191608
3192183
3192319
3192603
3193257
3193551
3193915
3194890
3195250
3195839
3195844
3196347
3196405
3196881
3197493
3197692
3198025
3198903
3199836
3200327
3201306
3201510
3202279
3203064
3203119
3203807
3203971
3204306
3204756
3205723
3205740
3205855
3206791
3207014
3207497
3208316
3209289
3209686
3209777
3210061
3210871
3211186
3211410
3211916
3212162
3213051
3213956
3214952
3215506
3216159
3216760
3216827
3217628
3217797
3218700
3218704
3219394
3219738
3220638
3221152
3221539
3221951
3222215
3222856
3223478
3224058
3224539
3224842
3225281
3226246
3226265
3226720
3226897
3226991
3227877
3227889
3228841
3229155
3229505
3230502
3230744
3231055
3231217
3231810
3232297
3232514
3233182
3233840
3234576
3235416
3235665
3236127
3236554
3237404
3237763
3238468
3238904
3239652
3240440
3241051
3241611
3242281
3242763
3243045
3243531
3244520
3244786
3245209
3246182
3246958
3247005
3247045
3247981
3248326
3248370
3248950
3249126
3250072
3250703
3251045
3251146
3251407
3252207
3252991
3253320
3253919
3254342
3255020
3255080
3255385
3256361
3257237
3258208
3259182
3260041
3260578
3260809
3261647
3261906
3262404
3262826
3263185
3263238
3263928
3264789
3265475
3265512
3265787
3265992
3266475
3267031
3267926
3268035
3268280
3268980
3269537
3269726
3269933
3270818
3270903
3271627
3272221
3272276
3272423
3272823
3273678
3273794
3274310
3275237
3276201
3276378
3276658
3276838
3277655
3278545
3278911
3279579
3279894
3280240
3281033
3281417
3281520
3281672
3282435
3282640
3282669
3283301
3283848
3284231
3285081
3286030
3286744
3287367
3287429
3287631
3288446
3288973
3289206
3289798
3290336
3290950
3291427
3292133
3293113
3293649
3293679
3294366
3294804
3295046
3295445
3296128
3296816
3297319
3298244
3299046
3299207
3299661
3300404
3301091
3302036
3303015
3304002
3304792
3305791
3306226
3306707
3307646
3308113
3308517
3308586
3309460
3309969
3310078
3310897
3311797
3311840
3312460
3313346
3313713
3314102
3314622
3315068
3315393
3315985
3316983
3317112
3317570
3318009
3318680
3319431
3320129
3320479
3321409
3322386
3323075
3323692
3324157
3325052
3325661
3326603
3326918
3327583
3328138
3328814
3329171
3329493
3330486
3331427
3332074
3332147
3332552
3332677
3332773
3333054
3333065
3333870
3334359
3334728
3335483
3335608
3335935
3336181
3336717
3337402
3338244
3339105
3339912
3340311
3340798
3341473
3341654
3341910
3342147
3342298
3342503
3343498
3343562
3344423
3344854
3345248
3345921
3346582
3347501
3347644
3348322
3349165
3349875
3350148
3351133
3351542
3352232
3352262
3353000
3353365
3354173
3354236
3354297
3354333
3355106
3355651
3355965
3356265
3356667
3356721
3357273
3357622
3358483
3358938
3359288
3359655
3360047
3360981
3361112
3361938
3362097
3362144
3363103
3363789
3364419
3364909
3365367
3366289
3366366
3366476
3366961
3367817
3368419
3369210
3370055
3370526
3371321
3371610
3372232
3372636
3373338
3374076
3374250
3374686
3375230
3376052
3376302
3376880
3377088
3377508
3378115
3378366
3378776
3379139
3379801
3380245
3380934
3381293
3382119
3383086
3383263
3383718
3383992
3384592
3385313
3385416
3385974
3386247
3386348
3386578
3386951
3386972
3387158
3387334
3387778
3388062
3388454
3388629
3389031
3389792
3390002
3390675
3391077
3391667
3392619
3393472
3394174
3395051
3395649
3396437
3397013
3397994
3398594
3399467
3400423
3400728
3401457
3401518
3401837
3402434
3402542
3402646
3403054
3403648
3404213
3405025
3405730
3406635
3407072
3408070
3408165
3409077
3409226
3409637
3410187
3411105
3412055
3412643
3412656
3413489
3413676
3414447
3414542
3415499
3416028
3416894
3417743
3418538
3419295
3420118
3420664
3421264
3422130
3422496
3422859
3423003
3423972
3424481
3425159
3425811
3426498
3427362
3427490
3427518
3428402
3428921
3429752
3430329
3431109
3431941
3432773
3432867
3433490
3433836
3434458
3434694
3435073
3435915
3436825
3437527
3438110
3438833
3439815
3440770
3441462
3442182
3442739
3443443
3444338
3444388
3445176
3445866
3446126
3447109
3447660
3448334
3448612
3448706
3449523
3450113
3450629
3450716
3451191
3451446
3451848
3452633
3453335
3453337
3454168
3454844
3455634
3456319
3456738
3457156
3457827
3458397
3458752
3459302
3460077
3460897
3461080
3461178
3461333
3461722
3462128
3462313
3463080
3463579
3463961
3464180
3464927
3465194
3465736
3465861
3465927
3466848
3467601
3468601
3468792
3469033
3470014
3470848
3470898
3470974
3471178
3471245
3472052
3472146
3473001
3473636
3474424
3475131
3475913
3476270
3476458
3476962
3477484
3477776
3478318
3478523
3479152
3480134
3481026
3481480
3481833
3482137
3483094
3483168
3484097
3485046
3485241
3486011
3486245
3486790
3487143
3487592
3487900
3488311
3489203
3489746
3490567
3490998
3491199
3491910
3492905
3493012
3493134
3493278
3493489
3494194
3494533
3495083
3495241
3495264
3495920
3496344
3497307
3497409
3497989
3498931
3499643
3499818
3499826
3500047
3500501
3501188
3501950
3502079
3502565
3502947
3503348
3503846
3504705
3505051
3505725
3505990
3506445
3506698
3507543
3508365
3508388
3508791
3509074
3510005
3510028
3510098
3510993
3511401
3512161
3512984
3513149
3513762
3514648
3515270
3515834
3516037
3516270
3517132
3517535
3517960
3518574
3519431
3519512
3520303
3520732
3521138
3521478
3521526
3522300
3522539
3522836
3523402
3523852
3524343
3525078
3525977
3526068
3526220
3527210
3527363
3527847
3528287
3529102
3530100
3530414
3530770
3530810
3531396
3531474
3531869
3532025
3532332
3533115
3533899
3534853
3535229
3536058
3537055
3537224
3537763
3538394
3539298
3539566
3539747
3540292
3540483
3541443
3541517
3541617
3542613
3543133
3543264
3543535
3543831
3544111
3544458
3544674
3545027
3545456
3545983
3546670
3547256
3547457
3547712
3548575
3549570
3550221
3551152
3551356
3551579
3552577
3553556
3554016
3554158
3554415
3554758
3555224
3555913
3556704
3557593
3558578
3559252
3559650
3560567
3561126
3561234
3561309
3562291
3562373
3562549
3563016
3563767
3564103
3564349
3565291
3566220
3567166
3567805
3568701
