La primera linea indica la cantidad de minutos a considerar (n). Luego vienen n lineas que corresponden a los x_i, y luego los n valores que corresponden a la funcion f(.):
8000
31
451
4
36
225
12
145
203
255
410
206
345
321
85
136
471
6
299
369
34
3
390
319
43
14
8
223
196
395
36
429
466
54
422
188
397
53
260
62
88
375
415
202
356
315
334
33
324
135
130
280
295
460
496
134
407
284
205
153
135
145
389
362
363
286
79
53
368
420
251
162
3
398
412
366
349
172
345
353
425
106
164
182
464
78
2
51
162
58
456
275
315
281
480
167
227
269
101
9
378
233
1
348
330
422
76
211
276
460
406
365
70
71
481
184
419
292
280
320
27
322
296
165
215
358
437
367
475
147
324
53
489
194
51
293
275
459
311
485
166
383
277
336
57
318
333
466
112
333
451
311
196
289
485
425
364
357
269
272
362
459
1
490
221
8
253
172
439
26
311
240
355
235
414
222
33
63
180
66
149
149
258
271
497
195
112
495
348
260
477
492
39
226
70
74
247
45
390
193
407
394
26
124
29
481
422
180
240
120
270
142
361
253
21
217
166
154
226
300
300
251
462
136
318
226
363
63
448
452
239
330
175
477
214
421
324
499
303
174
306
199
343
467
372
404
251
473
305
293
117
394
75
143
13
364
207
256
182
301
73
179
233
479
200
223
440
53
415
468
403
143
6
277
454
484
205
438
492
426
272
422
30
437
386
330
208
497
235
481
445
480
94
191
124
478
464
436
303
332
269
492
456
206
143
242
274
162
239
449
31
402
319
184
8
21
397
467
39
74
333
360
270
323
172
23
121
229
456
306
420
13
273
166
456
492
354
327
273
280
453
437
327
465
203
336
402
178
448
415
9
47
90
91
358
421
410
488
280
281
49
427
315
421
483
370
145
134
90
48
54
9
82
31
250
162
83
178
75
470
49
401
165
147
402
177
262
207
459
383
290
279
307
218
351
379
311
83
122
205
84
42
434
131
169
15
6
74
422
248
145
115
383
463
119
74
127
215
300
139
332
386
160
160
125
23
394
357
279
179
78
260
256
123
222
368
237
451
161
310
449
454
334
216
266
445
82
189
371
436
288
76
65
57
437
433
459
223
132
496
54
245
449
447
26
94
441
80
250
101
34
222
480
456
13
92
396
410
469
177
376
200
23
217
160
163
391
47
125
158
89
131
98
213
133
204
18
423
194
310
314
247
142
132
331
315
486
468
171
401
469
376
119
423
253
263
295
255
265
413
381
479
489
272
305
165
194
205
26
267
468
69
214
126
94
355
92
488
293
88
156
11
286
479
216
208
204
99
210
215
176
49
178
43
46
187
336
260
15
32
301
221
144
375
269
354
397
426
200
392
282
75
249
55
219
354
395
434
383
462
219
225
225
367
105
203
319
160
217
172
288
136
273
470
344
404
237
315
233
485
134
119
422
446
120
253
354
92
198
374
455
119
450
56
436
309
458
36
150
72
275
263
281
244
433
261
325
442
453
164
113
448
457
68
259
433
342
414
295
127
140
180
220
377
464
411
30
378
431
402
194
163
152
266
223
322
201
75
144
215
250
242
441
362
36
462
452
119
15
190
194
500
187
204
134
156
285
93
424
356
416
124
246
370
32
203
4
378
286
100
433
407
124
175
273
427
482
375
356
386
79
350
337
70
58
154
303
499
194
11
290
87
328
469
19
316
273
151
397
358
231
317
469
240
72
371
469
85
323
69
463
153
232
157
283
408
78
382
376
416
261
111
454
155
62
30
88
179
216
496
50
35
450
477
459
132
344
95
235
352
103
245
133
62
424
333
275
360
376
386
262
40
67
484
121
419
360
229
478
77
453
145
426
439
181
99
373
287
283
235
177
44
51
177
456
138
58
203
146
418
173
224
28
4
348
396
44
423
55
197
375
415
200
60
249
259
83
207
53
455
344
221
146
201
298
289
360
68
52
431
430
415
486
37
166
131
450
480
382
412
8
433
266
444
286
261
193
74
383
21
372
89
405
356
177
270
344
477
97
423
219
170
71
130
203
175
102
54
137
437
186
328
259
141
388
400
269
303
167
268
123
147
341
27
246
442
313
60
453
393
419
310
31
338
248
188
33
284
7
157
496
374
451
11
291
306
73
80
58
5
304
60
20
363
291
469
182
215
206
91
98
415
263
165
286
348
307
351
484
463
396
338
276
489
198
188
453
48
133
186
168
466
500
171
326
104
160
178
228
370
152
68
214
421
446
463
435
20
83
454
69
375
321
132
347
120
111
43
42
28
428
23
160
2
139
459
331
7
440
189
7
65
175
236
300
494
12
174
246
130
465
18
349
322
23
156
115
87
475
18
97
434
360
481
39
461
345
133
420
288
340
350
215
141
472
339
107
281
400
340
369
216
321
38
309
72
379
161
325
132
185
40
310
34
176
57
188
77
441
84
402
430
165
194
86
251
451
181
450
299
387
152
162
159
216
400
34
421
73
260
212
247
103
348
321
129
94
50
262
254
308
427
123
2
126
423
434
260
442
23
339
346
350
401
496
302
234
127
290
500
43
460
181
254
394
200
357
221
280
280
426
125
2
457
140
476
55
471
337
58
433
431
214
184
68
226
22
386
61
5
446
223
6
433
190
81
29
63
460
439
52
460
90
109
78
106
175
235
285
202
120
5
62
87
283
162
25
304
301
249
302
105
112
425
159
300
154
387
404
235
84
348
324
299
370
151
261
246
34
79
468
146
176
308
439
420
172
249
391
240
341
128
396
431
285
63
95
59
463
139
5
209
277
294
90
363
128
289
338
370
240
72
432
53
348
102
24
19
273
335
104
349
90
481
250
139
89
342
243
178
135
342
481
142
353
230
85
299
335
145
100
483
19
57
264
153
156
315
74
63
85
291
367
189
172
132
187
148
448
418
360
335
18
219
299
171
50
256
371
445
408
191
267
93
293
267
334
296
492
205
467
159
466
147
325
338
429
52
154
83
398
496
420
169
263
403
93
426
13
106
440
303
393
463
358
384
228
344
263
170
195
125
189
382
157
56
2
297
442
279
450
176
394
388
269
265
389
222
466
90
453
71
11
165
226
172
5
353
490
358
384
280
189
356
330
49
298
189
13
370
269
423
308
205
301
267
112
300
383
239
240
420
349
394
138
129
153
270
376
80
383
29
366
271
395
34
177
151
378
388
169
75
42
491
7
318
183
153
265
404
434
380
58
391
61
377
90
258
418
493
182
489
433
81
60
303
243
474
30
245
322
44
230
261
43
275
164
126
147
31
197
124
148
347
192
373
306
141
6
197
265
472
274
154
173
500
132
482
341
364
80
459
263
282
41
2
309
197
254
176
475
130
403
223
177
364
103
496
224
361
490
229
331
324
151
451
87
27
110
337
161
385
287
346
61
65
119
451
72
242
293
367
283
387
483
109
357
347
334
406
307
310
464
238
46
272
477
72
460
284
249
80
55
399
332
390
47
103
455
187
38
404
322
140
274
389
95
402
445
162
59
251
219
96
190
287
222
114
163
264
328
411
90
349
80
369
155
275
156
203
171
144
434
173
439
166
264
124
389
358
345
411
203
93
346
54
272
117
179
276
6
243
214
326
320
56
30
268
80
229
324
444
329
8
163
69
325
150
127
188
473
243
271
356
46
317
91
264
47
82
19
247
220
340
377
223
448
373
340
134
429
366
312
412
82
430
432
111
394
134
303
361
189
199
184
7
421
182
58
493
473
202
481
89
26
111
98
16
131
342
72
86
33
125
271
99
316
321
62
270
204
333
11
464
241
239
384
315
490
486
237
4
358
286
121
96
148
325
25
454
412
70
208
383
401
234
40
196
164
425
194
364
389
28
235
265
115
113
38
388
355
32
245
99
141
136
113
402
412
214
40
480
19
391
267
192
359
23
216
173
336
498
298
234
325
488
36
420
219
387
235
436
362
262
409
418
454
82
90
274
116
172
227
459
478
331
162
311
197
380
199
21
220
414
255
122
387
458
23
486
302
130
446
127
17
279
483
127
250
172
414
237
13
148
97
91
363
450
274
408
12
130
60
423
113
52
289
212
242
313
177
337
80
9
243
11
95
315
375
488
182
438
462
335
348
455
17
201
265
199
425
277
407
383
244
137
1
482
449
73
401
208
80
356
222
263
45
84
289
9
46
121
100
470
201
148
112
453
449
423
227
373
243
318
456
305
489
91
325
461
23
215
268
84
366
476
10
6
199
429
260
119
485
447
243
483
104
484
327
339
410
289
423
401
351
287
468
163
356
145
432
298
36
30
347
50
452
367
345
478
352
282
425
259
417
376
139
493
212
157
481
93
256
173
7
330
487
114
353
364
336
209
43
177
12
50
219
269
268
490
119
101
338
471
492
76
393
205
368
37
100
277
151
342
167
219
9
87
19
388
445
136
229
292
357
133
231
456
90
250
70
444
299
235
245
161
422
379
243
494
365
209
430
138
257
410
392
398
229
449
145
55
252
209
53
61
263
69
85
20
438
407
416
354
18
78
24
171
100
387
5
204
428
229
140
123
384
76
196
275
428
211
89
192
402
126
68
232
404
209
78
224
447
77
103
287
38
473
482
48
145
471
248
274
273
364
57
188
27
153
120
309
235
410
187
275
2
230
378
472
131
462
490
279
88
94
231
373
16
282
320
211
51
273
486
13
427
244
274
134
301
283
275
7
126
127
46
35
412
419
280
255
474
258
38
226
258
454
235
444
391
42
18
244
36
150
152
74
33
485
13
125
23
470
345
416
215
233
243
216
190
349
391
412
166
337
306
11
428
187
35
163
14
268
186
269
496
420
253
123
175
70
254
167
194
196
369
486
391
14
134
398
83
437
477
466
31
52
487
349
231
53
310
399
479
305
172
409
334
326
256
401
17
264
225
456
445
295
366
255
355
421
94
289
143
370
81
368
388
156
179
171
235
302
179
239
355
395
25
172
202
146
456
400
491
226
50
280
366
5
209
417
481
150
271
127
466
122
115
45
228
100
423
73
157
371
26
398
131
419
86
342
405
128
84
363
254
230
197
481
333
277
171
258
141
46
396
478
479
172
264
146
46
163
453
325
229
309
469
204
454
497
98
148
170
220
216
59
2
188
331
436
107
22
168
315
179
487
485
447
473
234
293
34
4
471
231
228
81
118
387
392
361
411
462
334
394
14
376
379
140
89
495
100
452
132
198
477
272
8
337
18
442
100
201
118
77
228
267
54
296
276
388
315
266
144
115
485
479
123
400
180
211
231
260
455
486
273
28
344
202
273
36
14
138
165
343
78
497
468
332
13
481
200
217
166
190
93
166
9
339
462
57
8
166
220
187
175
424
472
158
417
74
457
5
32
358
432
33
404
65
476
66
123
168
280
100
78
495
180
48
325
286
57
168
117
155
437
255
274
238
428
164
212
42
387
95
390
235
334
32
9
157
337
229
491
449
466
264
449
54
447
387
444
289
326
202
326
38
13
257
334
64
310
250
84
116
400
436
65
468
292
485
155
204
302
218
322
169
167
481
82
167
419
483
461
29
193
364
482
335
40
384
314
8
140
386
34
315
389
345
365
50
177
386
42
236
280
465
113
421
312
266
18
315
225
58
387
352
311
458
140
454
87
284
381
13
467
51
172
12
108
347
279
416
323
93
23
497
352
78
215
126
11
472
210
187
495
186
51
262
96
113
313
214
146
44
223
258
447
387
265
470
27
196
185
61
171
150
471
142
105
169
393
395
349
491
431
185
426
129
89
42
273
16
71
196
139
77
201
357
204
425
99
188
412
492
353
393
75
461
61
490
327
469
288
264
383
166
119
335
217
353
212
270
323
257
32
278
245
59
461
248
488
148
346
70
9
401
444
221
52
52
121
149
355
189
183
7
7
69
492
303
414
119
192
236
251
79
482
353
274
298
491
203
416
215
156
456
257
454
272
393
475
126
465
171
31
258
39
362
26
125
187
317
12
197
452
14
208
473
194
409
124
321
93
364
271
492
494
208
41
475
115
418
465
124
80
222
54
421
76
191
337
176
407
378
88
141
351
276
174
14
464
117
130
24
219
224
297
374
311
395
272
341
276
493
111
110
286
194
150
382
280
242
232
269
299
129
366
68
449
54
296
109
382
185
296
155
166
190
491
254
347
105
162
207
5
68
252
464
306
448
362
306
288
192
268
261
148
28
326
162
343
53
329
144
5
221
235
338
11
424
486
74
448
248
14
386
452
425
285
190
316
341
451
182
388
297
304
231
59
224
320
396
459
42
496
392
409
373
318
371
41
305
352
322
267
483
362
319
151
291
295
276
141
403
295
13
80
281
192
129
369
295
188
32
54
299
266
66
173
55
70
193
242
109
200
486
229
491
433
112
302
106
18
243
447
264
98
413
300
282
455
96
388
332
13
221
399
421
281
89
337
257
96
44
347
119
217
441
180
327
116
209
331
342
188
416
73
40
298
4
460
430
400
240
155
260
218
166
292
352
250
136
97
301
265
274
133
63
216
39
425
391
343
337
242
363
486
147
3
280
213
399
495
445
134
46
414
293
139
139
216
192
486
428
225
276
205
162
318
38
266
9
170
424
114
151
245
223
436
126
94
153
110
174
53
184
90
18
64
284
64
246
321
195
234
281
358
344
36
435
223
426
177
320
409
340
1
416
480
293
492
115
175
105
371
403
356
100
171
2
460
334
167
352
265
473
144
146
363
18
409
2
161
406
244
473
154
464
64
403
463
172
244
262
487
149
137
296
153
36
416
190
233
277
333
106
72
363
316
157
237
414
68
46
184
41
40
431
259
269
275
376
262
277
95
446
110
53
38
246
331
57
313
208
76
153
268
461
41
495
190
365
26
118
40
327
438
231
164
318
441
169
247
115
4
330
210
481
389
332
380
259
477
456
198
51
439
245
236
84
164
471
147
397
160
287
113
373
217
448
65
326
248
2
397
3
163
139
378
361
377
360
320
222
152
480
337
452
103
471
52
282
373
363
193
331
205
248
72
310
78
135
284
97
321
170
378
415
233
127
149
27
112
287
311
416
233
354
212
200
377
350
115
240
384
25
261
169
224
248
75
497
79
489
361
493
218
133
349
293
34
200
100
322
167
452
388
115
276
104
10
299
458
175
297
48
455
478
371
352
295
115
270
340
413
417
22
51
407
137
13
96
266
204
18
464
16
9
29
395
425
104
197
429
434
203
86
479
20
372
237
370
98
30
62
58
450
417
207
65
212
1
368
21
178
4
97
156
272
127
212
76
275
299
397
353
132
171
121
59
193
260
481
328
391
121
325
400
111
110
206
365
251
457
454
350
122
162
119
199
105
494
6
228
419
285
268
208
182
470
486
90
284
125
263
195
176
15
130
22
492
346
480
237
267
233
28
294
316
425
24
444
327
325
177
205
55
440
480
286
18
399
248
492
219
375
281
100
135
44
15
248
443
35
436
277
34
316
450
390
397
33
367
122
257
361
338
80
215
204
411
164
253
229
266
366
382
90
286
310
187
124
257
401
6
61
159
369
146
300
138
488
294
6
63
340
473
447
133
216
23
162
289
303
180
156
460
441
430
14
21
218
470
450
64
32
64
394
430
392
88
301
472
318
495
425
188
411
464
311
324
264
99
417
218
298
173
387
45
450
195
289
238
167
333
265
471
477
196
462
179
282
449
210
138
40
446
138
249
434
354
111
408
98
48
178
402
29
368
259
255
56
307
224
177
201
428
424
417
458
295
196
148
199
69
425
304
182
106
296
470
149
377
423
482
98
228
161
336
21
170
322
139
323
277
11
399
276
232
387
367
240
6
452
472
40
129
467
423
162
402
447
45
13
469
164
487
258
93
75
97
354
120
39
324
113
110
96
117
163
385
18
254
172
319
247
41
141
81
134
252
396
192
248
246
126
51
156
113
193
490
239
62
155
383
336
280
258
156
208
115
281
91
424
170
43
408
307
278
34
289
105
41
97
330
145
470
392
314
353
204
107
434
469
327
361
137
35
342
25
438
51
161
268
199
207
270
363
371
3
114
393
209
116
148
116
445
108
250
217
459
391
161
207
43
306
118
218
269
246
388
460
190
14
443
362
326
82
36
131
58
278
327
279
397
229
459
437
285
401
437
37
384
396
190
286
331
377
455
233
424
263
171
401
442
456
461
383
257
366
455
171
74
113
181
319
280
25
175
24
244
479
198
48
171
331
440
126
67
453
466
487
333
16
396
88
245
365
186
183
32
226
68
377
428
83
33
486
193
65
242
244
200
289
135
401
46
380
399
399
254
146
204
226
142
102
416
414
325
263
114
330
60
359
146
297
7
231
270
477
455
226
309
427
122
383
7
459
202
38
76
64
467
362
402
405
5
193
299
185
155
460
427
402
487
363
146
105
254
403
183
249
183
258
182
294
175
373
295
15
90
491
335
399
232
142
157
329
204
375
379
115
317
304
6
440
278
187
32
8
95
413
241
392
305
16
38
329
129
268
116
500
12
235
441
130
448
405
80
431
206
361
491
53
38
464
209
139
151
480
23
498
69
120
239
207
278
448
214
321
94
416
78
126
201
490
112
157
417
403
157
470
427
436
246
94
298
347
70
295
79
241
456
80
156
253
347
371
427
405
199
402
466
216
424
413
295
499
389
467
201
86
281
353
165
473
466
496
200
278
185
81
141
43
362
473
466
297
17
12
377
296
310
439
274
388
69
72
319
255
386
50
471
489
5
341
283
263
322
334
477
126
383
386
243
450
188
386
479
154
167
191
303
373
226
137
266
387
278
302
383
261
274
296
316
212
265
258
443
327
90
53
296
300
328
62
491
121
186
212
252
19
446
284
28
297
35
370
196
119
42
83
71
90
74
26
240
109
334
74
458
442
330
399
24
262
477
341
241
70
107
103
189
8
66
155
276
375
235
268
104
427
18
392
153
130
305
134
479
162
231
156
84
497
273
396
44
276
324
118
352
53
118
220
498
324
396
49
306
270
52
278
432
70
448
62
316
118
428
374
251
350
465
247
249
236
480
487
355
163
311
81
25
173
243
75
429
376
198
165
55
10
323
271
262
328
312
452
377
202
185
250
490
6
166
116
252
158
78
360
454
192
156
87
194
272
231
358
237
290
181
341
52
42
269
240
177
300
211
15
267
25
173
316
82
416
175
115
383
137
481
185
88
317
209
210
277
349
7
409
1
254
473
181
249
424
70
273
323
294
71
425
245
232
291
70
430
133
102
257
22
377
210
489
359
307
2
292
370
50
74
83
490
161
343
320
333
367
350
182
412
274
178
3
397
262
60
417
248
208
105
84
184
358
168
425
107
488
105
118
210
421
199
142
267
234
363
164
381
111
81
461
243
410
305
120
360
425
20
58
465
347
2
347
413
58
495
193
422
108
295
22
395
317
108
238
384
298
175
80
216
275
361
9
341
180
59
53
389
198
92
195
60
356
41
368
374
156
336
46
200
443
84
20
23
186
190
444
391
385
470
69
51
376
6
123
421
110
361
447
225
19
456
18
114
184
486
14
79
418
285
4
173
259
448
88
341
73
418
96
462
170
313
315
479
427
347
80
302
64
5
490
446
240
442
147
396
211
463
419
107
15
454
392
120
76
389
390
455
65
287
497
21
181
254
236
17
120
318
277
396
173
297
305
332
497
275
323
224
335
53
244
271
240
276
447
379
479
225
493
297
261
117
278
403
319
105
27
489
151
432
253
91
441
382
442
341
471
417
319
70
391
234
471
246
456
14
424
136
374
89
419
316
271
135
429
388
143
45
282
487
209
95
53
130
211
494
102
181
500
78
341
368
12
286
82
227
377
390
257
271
445
246
136
2
126
207
361
380
440
193
118
241
358
170
373
181
68
459
428
381
181
39
167
243
295
459
488
485
121
285
115
247
89
436
485
117
30
232
368
231
318
120
236
28
182
84
481
30
419
461
298
286
19
321
175
215
352
65
62
362
141
470
75
328
483
161
237
67
288
450
136
118
151
242
480
171
67
367
439
396
171
164
146
430
17
30
21
256
32
56
133
330
215
482
448
384
301
257
336
458
51
197
411
195
123
6
7
176
208
427
308
267
25
292
355
420
145
453
242
52
153
373
316
43
492
281
195
68
459
147
156
133
346
368
380
60
158
133
97
153
228
414
342
223
381
486
295
466
328
37
313
200
301
252
412
79
295
48
375
454
236
66
220
468
474
485
168
396
194
491
449
126
420
184
401
291
486
271
127
207
156
59
269
401
479
125
486
481
67
465
21
495
419
444
413
380
113
360
103
64
137
452
218
1
295
371
350
162
201
443
346
25
231
79
235
56
392
454
31
28
349
183
25
173
112
466
16
48
179
359
275
448
326
175
374
385
279
18
26
413
192
309
11
69
324
152
425
293
301
258
445
21
13
44
227
154
380
322
176
209
103
20
250
90
282
363
53
303
351
235
329
280
31
474
498
481
33
197
17
327
34
271
164
130
370
244
138
22
187
245
460
165
176
71
382
403
74
1
212
475
207
155
196
497
45
477
27
308
473
349
250
229
154
16
78
443
228
24
9
186
34
115
113
355
258
357
254
103
67
402
469
41
143
298
184
422
241
381
376
162
287
357
297
250
3
171
132
264
251
331
73
139
368
291
156
5
292
354
117
213
13
86
247
108
345
473
388
437
191
374
404
485
431
120
75
423
111
130
412
1
364
126
81
454
282
449
53
313
460
271
8
58
63
206
165
274
269
456
467
307
142
306
346
25
168
138
106
24
493
21
71
179
51
210
74
282
263
371
12
347
359
66
72
391
70
345
87
106
248
3
247
357
59
255
389
440
183
19
369
254
342
248
404
301
18
419
8
156
217
227
273
222
35
97
342
13
135
468
141
49
277
147
161
498
192
116
93
203
97
384
380
163
420
460
419
9
62
136
484
198
217
154
361
84
409
391
247
36
7
162
386
53
66
273
3
471
248
2
61
487
394
46
285
411
207
248
113
92
481
286
138
65
456
76
178
354
134
266
133
233
442
162
75
200
151
419
314
65
176
32
396
238
72
210
41
122
369
17
253
122
266
239
92
149
410
66
315
314
352
292
450
72
321
327
417
409
109
286
395
212
453
343
71
468
184
249
302
264
431
352
395
319
218
52
340
483
115
305
217
25
60
31
487
410
144
472
74
22
246
484
160
458
279
339
433
299
195
240
292
19
238
397
143
383
81
366
264
401
369
439
73
143
88
183
406
29
356
373
21
8
371
44
153
398
6
27
344
19
450
315
83
200
151
325
482
447
89
334
482
165
280
324
136
346
335
125
404
327
356
87
45
409
402
15
347
423
372
327
187
304
319
378
329
271
448
479
418
54
340
451
454
193
394
446
93
389
107
316
414
420
442
480
463
157
484
418
248
311
213
97
115
484
329
231
51
82
86
121
226
290
311
6
27
144
352
271
50
291
342
163
119
452
298
79
315
330
164
139
443
16
74
326
334
224
408
196
389
400
255
166
54
470
476
130
403
180
70
76
38
340
35
351
359
361
157
153
148
322
335
350
218
14
427
27
21
354
144
304
68
385
137
314
210
297
41
146
255
61
92
304
418
190
12
362
218
414
164
454
306
79
278
468
279
285
88
216
284
185
492
52
76
55
64
89
133
6
142
123
483
190
485
307
279
121
120
121
486
379
441
99
332
111
98
250
296
293
265
101
37
343
10
355
250
193
50
225
167
306
62
453
90
109
59
472
470
450
182
140
294
491
444
47
417
207
148
243
414
12
349
264
314
177
330
439
253
85
241
193
402
30
94
199
245
424
103
458
359
475
57
225
312
95
334
463
370
459
231
196
291
420
497
399
345
109
147
432
166
484
112
289
22
487
60
208
378
14
95
198
23
381
67
178
363
313
252
356
144
347
46
52
177
295
219
461
460
145
214
422
206
77
3
395
453
323
60
285
34
267
362
367
278
232
49
406
99
102
496
391
178
210
130
68
268
177
50
57
264
144
491
139
249
266
227
201
87
373
490
191
359
153
277
448
333
359
14
499
9
458
97
38
274
349
222
267
45
180
424
6
415
480
82
26
166
108
265
27
489
248
424
430
296
117
183
81
165
448
168
151
123
292
140
399
354
316
381
64
32
401
452
227
440
210
440
144
450
296
123
139
318
458
470
412
177
55
430
242
458
339
303
480
336
373
351
363
396
91
363
268
205
24
385
4
36
493
309
98
91
232
470
221
403
216
131
117
479
254
418
84
221
311
176
460
423
423
372
96
472
500
260
305
425
161
376
479
81
140
235
10
16
139
142
138
318
100
469
13
98
307
69
323
201
428
222
344
44
240
164
336
220
441
246
282
370
67
293
395
493
127
244
320
278
296
254
37
336
26
243
90
173
227
139
143
180
481
105
140
40
185
83
95
24
283
257
331
39
494
106
223
73
469
135
269
498
457
268
76
457
479
46
382
250
326
228
249
1
494
62
373
227
348
165
457
12
382
480
258
62
223
448
467
161
99
440
56
238
43
94
3
481
359
291
285
304
317
72
484
2
58
210
7
146
10
344
179
296
493
388
134
44
424
50
394
212
440
360
362
210
375
28
193
285
200
111
419
82
492
361
406
276
414
498
340
53
33
422
464
157
497
2
62
328
449
396
54
295
471
18
342
113
102
439
331
497
108
439
11
463
298
131
200
348
393
50
180
282
101
98
97
88
111
431
239
461
489
221
194
204
327
84
233
25
142
82
265
92
53
152
473
46
135
413
190
37
286
105
6
319
248
389
399
72
217
440
487
460
274
205
87
241
442
176
195
311
86
150
269
387
372
178
77
13
249
154
260
457
14
97
278
328
208
265
466
391
410
333
218
270
380
192
335
76
446
141
105
177
34
336
484
317
411
100
319
196
455
315
113
341
384
487
114
384
63
167
22
325
425
244
81
281
121
226
357
131
268
415
492
83
160
400
232
119
437
179
39
209
199
268
494
476
476
75
95
306
310
100
388
439
247
152
16
314
16
365
241
10
361
73
14
186
212
263
115
294
125
348
44
488
365
124
239
190
180
92
88
274
105
194
206
202
373
315
348
432
127
12
386
130
417
327
93
63
168
53
140
416
208
165
456
84
181
384
428
295
387
4
388
414
375
204
364
497
418
500
67
13
383
154
446
112
360
17
497
478
282
429
139
443
356
206
45
469
114
354
183
443
302
378
365
68
489
73
165
74
253
403
45
320
464
387
269
356
18
110
6
61
59
108
311
419
121
294
220
405
469
316
341
319
2
62
128
442
240
162
161
8
298
87
230
175
490
311
361
259
333
255
15
9
420
279
129
326
301
416
157
332
237
378
24
228
111
413
118
407
270
82
387
364
414
237
493
194
45
493
185
54
166
453
132
380
488
430
396
367
418
4
355
359
492
402
83
334
26
4
398
317
243
70
392
395
376
438
390
27
485
392
260
451
304
226
86
452
391
406
438
435
278
100
468
105
393
82
278
12
316
390
301
205
340
474
99
242
438
190
335
449
14
43
16
490
423
241
282
476
71
196
8
83
460
462
13
421
23
260
355
339
9
206
372
303
454
204
117
323
129
103
399
59
347
291
60
188
24
194
272
300
136
297
132
308
486
58
215
117
342
116
224
216
389
280
106
50
399
380
74
463
266
26
77
183
453
396
251
126
5
425
341
16
377
33
175
84
77
450
237
386
444
143
297
242
156
22
396
5
244
413
166
280
147
435
292
234
179
390
424
470
91
462
78
485
210
139
172
108
372
500
367
110
92
336
163
461
166
494
36
91
307
479
45
410
356
102
235
62
40
429
352
297
99
393
297
463
128
187
410
65
225
151
329
117
134
263
200
405
306
483
440
68
284
50
154
225
116
273
103
128
227
117
344
113
400
224
420
150
307
424
362
251
264
404
386
418
454
277
488
450
104
130
412
492
461
366
306
26
245
252
434
206
289
251
131
235
398
433
39
68
261
334
454
27
443
103
100
217
109
25
428
269
455
177
238
490
167
458
257
107
225
256
44
35
4
497
348
110
438
60
359
6
495
432
133
459
124
35
487
489
40
154
65
483
71
384
289
110
57
3
280
154
317
157
114
86
26
465
28
196
366
493
31
261
399
464
306
294
3
295
131
414
239
150
270
343
500
144
41
271
109
464
8
494
409
45
289
74
81
76
194
46
244
264
373
291
107
136
345
290
174
198
375
410
48
471
384
166
265
486
50
485
489
169
203
370
183
205
158
47
122
48
95
417
317
321
403
494
157
404
370
490
300
288
51
345
488
303
403
64
23
30
136
218
316
21
50
25
463
8
431
229
471
61
404
341
291
250
268
449
291
80
30
209
306
214
286
411
27
474
286
133
16
92
305
66
101
305
248
392
352
466
102
482
339
462
219
217
341
467
179
450
328
38
178
17
239
236
224
81
285
445
359
354
243
28
113
300
435
169
33
108
226
274
90
295
334
392
32
266
365
213
282
389
378
254
376
177
162
309
490
372
124
142
189
67
455
69
117
476
101
195
24
437
166
480
57
230
40
268
382
431
462
465
339
131
65
98
194
223
451
120
435
414
272
165
381
496
421
367
317
489
425
491
306
335
154
168
406
33
391
242
125
252
239
428
300
263
375
414
234
196
133
298
423
44
17
43
324
44
81
188
16
30
332
269
267
173
220
342
369
272
363
362
109
34
113
118
254
28
167
345
418
314
260
140
194
66
473
227
316
221
160
215
192
39
332
44
454
410
356
486
306
91
124
269
483
238
296
320
88
273
461
433
260
173
275
272
371
346
177
460
348
128
483
54
414
80
444
446
342
434
190
136
473
123
111
425
260
182
482
500
265
222
195
275
477
188
392
317
225
478
110
459
333
355
357
96
313
394
224
120
425
294
52
362
4
447
396
10
308
135
82
5
83
85
70
461
58
349
172
286
432
390
53
441
344
325
345
39
35
52
109
161
248
413
317
300
122
145
21
96
366
60
454
416
361
365
235
255
187
450
115
284
421
316
384
5
430
392
261
93
136
305
174
256
183
17
138
335
149
376
446
486
417
411
391
373
15
358
183
173
254
242
79
488
363
183
349
418
282
398
204
431
165
110
370
409
500
213
88
249
14
121
396
114
193
431
178
129
27
73
291
349
308
299
65
168
129
428
326
432
84
408
408
389
204
337
275
257
330
34
206
432
252
136
79
387
340
297
104
314
7
408
227
300
258
278
217
145
281
299
141
318
167
102
376
274
499
55
488
467
300
69
237
475
268
407
305
302
43
419
492
259
414
306
219
37
141
297
295
144
436
252
50
69
76
349
377
436
348
34
84
77
389
369
120
55
5
380
53
408
274
75
292
293
252
25
148
292
13
246
468
42
134
184
143
27
500
429
374
36
281
339
139
239
405
135
307
346
216
30
139
304
499
182
217
284
372
344
493
281
414
268
67
169
356
274
482
266
451
243
224
375
368
270
72
383
221
293
123
355
25
43
357
403
380
161
226
467
83
490
210
446
89
125
145
340
458
421
3
240
463
429
37
4
491
402
114
2
118
245
494
435
341
102
117
304
97
224
204
82
18
77
259
390
152
13
274
20
227
426
47
311
495
206
392
227
49
49
317
31
347
257
185
227
131
127
388
479
295
470
279
290
378
157
393
297
289
315
147
2
127
5
76
471
330
328
296
227
470
426
418
138
192
184
170
26
283
432
460
204
469
84
494
37
84
467
62
220
237
387
476
92
370
89
12
360
31
410
456
498
422
368
140
211
137
241
189
293
26
426
216
490
162
261
475
404
219
287
200
116
373
78
273
30
271
260
198
242
408
303
374
389
229
429
247
186
314
4
12
489
380
358
166
325
436
479
122
138
8
224
380
267
209
198
422
230
92
9
410
454
483
132
438
428
305
470
161
95
371
322
246
78
34
164
19
439
141
44
109
6
18
462
81
314
29
47
387
151
66
205
311
49
235
146
394
117
130
149
328
474
140
448
42
5
308
473
131
457
445
157
285
455
422
461
357
62
301
120
91
498
373
163
177
490
351
106
465
487
165
258
418
77
79
329
164
344
215
293
468
93
26
332
10
101
290
111
143
318
331
200
443
149
62
307
200
452
421
213
226
301
373
418
202
154
400
150
485
422
152
413
104
446
151
122
63
409
81
267
120
216
418
23
172
136
333
373
288
181
233
85
464
90
24
280
330
370
230
68
359
432
310
183
193
175
123
34
368
101
68
132
370
182
457
259
169
390
385
154
226
230
132
6
40
231
307
455
289
209
496
270
51
117
258
171
33
86
385
285
297
235
269
416
344
285
225
154
359
30
32
115
142
33
38
179
486
317
35
30
113
12
108
55
353
486
488
326
265
462
46
223
309
499
92
77
347
225
123
9
440
175
101
86
355
343
181
333
49
136
134
20
457
176
270
125
289
307
140
290
302
316
1
411
128
107
293
78
485
248
452
461
256
127
168
108
481
154
394
43
25
167
63
253
141
206
207
396
489
362
412
327
437
277
157
380
171
417
498
244
127
443
375
344
145
443
278
484
347
3
344
3
457
364
477
299
238
460
309
387
253
179
402
390
70
122
367
211
300
203
294
454
178
367
94
256
163
37
356
90
72
245
200
331
160
364
6
20
431
158
256
179
223
455
27
265
475
285
109
234
36
257
121
343
274
53
439
484
345
393
51
386
493
77
164
281
114
408
156
339
136
45
28
232
127
325
441
240
48
87
32
173
189
176
143
420
146
399
148
425
414
413
387
275
241
272
418
40
57
136
292
187
496
415
150
271
47
206
95
312
258
458
427
366
358
195
415
449
126
255
114
459
131
186
286
413
7
407
362
176
196
36
387
196
150
254
416
350
76
223
170
172
466
107
137
414
476
173
396
68
277
440
29
297
284
39
262
256
308
304
285
235
461
444
285
109
25
238
494
8
174
326
379
61
308
166
200
206
390
95
289
11
73
331
355
387
406
424
159
382
362
162
113
345
339
124
454
465
175
414
478
280
395
141
428
45
149
21
280
148
8
136
126
443
410
306
406
26
337
149
153
443
397
187
395
476
14
272
1
302
203
314
489
53
164
315
445
43
356
323
22
200
347
216
322
59
203
124
421
234
228
404
343
312
366
192
17
338
481
135
89
75
464
9
45
356
327
232
94
337
194
104
492
177
3
189
399
78
48
103
257
398
487
277
252
363
389
268
217
491
111
294
188
313
307
384
184
355
81
498
199
297
179
417
382
40
224
219
264
245
136
107
130
309
243
350
86
232
248
292
26
430
232
278
99
309
341
283
452
292
358
297
472
7
243
225
386
285
146
244
54
52
68
8
447
3
382
365
425
351
108
134
166
465
136
333
9
8
26
165
370
401
353
129
93
493
418
464
363
460
424
34
6
248
312
257
229
192
354
298
143
15
75
252
500
133
52
356
61
318
434
357
244
453
19
183
367
319
483
304
189
317
121
483
24
453
330
95
441
424
20
394
93
55
193
310
33
138
189
473
214
249
363
168
27
90
172
349
343
349
290
275
112
255
49
76
289
242
383
152
434
484
395
29
119
181
63
425
426
361
355
126
467
2
32
181
401
95
120
332
247
417
350
97
59
25
74
229
386
116
286
144
243
127
284
84
117
76
242
322
204
169
54
360
256
61
297
491
107
155
113
424
63
177
462
311
272
43
294
173
376
395
30
174
141
429
331
131
355
302
313
409
266
221
130
268
400
193
233
412
139
67
262
384
482
241
53
101
442
348
404
161
166
373
330
428
274
227
46
378
296
416
15
79
433
78
307
378
199
279
418
423
154
379
160
377
448
184
222
454
393
339
263
474
266
178
254
43
297
443
341
411
102
350
149
196
477
95
497
148
406
430
55
433
386
151
186
85
432
386
269
176
348
238
421
361
384
214
18
150
360
432
58
372
341
116
98
53
76
25
483
242
462
24
83
147
469
301
407
319
304
96
45
433
442
400
268
57
107
185
273
101
46
291
55
290
398
360
310
151
117
286
158
127
332
136
256
64
458
378
61
474
12
475
208
57
167
28
431
449
209
235
46
373
192
477
112
433
162
183
212
86
362
179
262
469
20
337
458
52
420
64
437
294
71
403
278
90
484
390
465
73
315
359
455
5
354
161
151
317
54
237
404
351
471
218
489
335
293
306
91
256
452
422
199
90
341
321
313
370
203
219
484
266
349
100
195
293
319
299
118
447
279
91
57
261
278
281
125
290
483
224
107
373
205
264
5
109
39
47
89
438
269
303
26
61
38
10
248
423
39
128
386
871
1075
1912
2307
3005
3715
4009
4132
4427
5227
5557
5774
5809
6434
7068
7964
8244
8693
9628
10056
10912
11164
11806
12137
12484
12761
13576
14549
14854
15269
15973
16940
16971
17479
18199
18451
18544
18594
19039
19702
19776
20359
20791
21494
21506
21867
21948
22902
23510
24060
24562
25131
26083
26633
26833
27794
27873
28081
28377
29322
29366
30177
30877
31430
31581
32485
33427
33820
34805
35150
35207
35283
35502
36398
37370
37622
38504
39218
39607
40195
40641
41500
41889
42090
42176
42485
42510
42690
43515
44341
44583
45002
45993
46111
46489
46850
47798
48121
48708
49013
49940
50535
51401
51924
52096
53045
54022
54368
54564
54688
54863
55131
55797
56704
57485
58154
59026
59195
59782
60280
60741
61433
61887
62454
63302
63681
64654
65159
65446
65640
66103
66106
66517
67321
67938
68355
68533
69326
69801
70016
70234
71228
71966
72603
72671
73405
74292
75003
75934
76236
76639
77081
77636
78213
78520
78891
79435
80350
80955
81011
81949
82598
83361
83770
84150
84545
85184
85202
85832
86334
86804
87384
87877
88649
88722
89502
90329
90609
91179
91593
91901
92732
93531
93846
94019
94945
95165
95779
95983
96456
97175
97182
98049
98645
99002
99914
100777
101748
102446
102551
103271
103775
104005
104549
104838
105661
106287
106743
107660
107686
107855
108061
108153
108584
108756
109188
109541
110017
110159
110341
110660
111307
111422
111751
112252
112757
113624
113888
114552
114916
115164
115547
116507
117410
118238
118397
118598
118662
118897
119144
119520
119897
120828
121134
121986
122452
123371
123791
124586
124923
125900
126309
126529
126800
127311
127832
128745
129170
129846
130555
131049
131654
132631
133470
133515
134430
135014
135098
135183
135342
135578
136032
136098
136105
136919
136960
137208
137327
138215
138812
139802
140182
140338
140593
141561
141965
142251
142456
142459
143357
143558
143649
144409
144811
145030
145343
145344
146295
146356
147004
147290
147509
148151
149083
150005
150271
150639
151092
151127
151684
152638
152685
153396
154193
154766
155023
155803
156763
156903
157091
157793
158206
159138
159805
160445
161338
162272
162310
163235
163890
164632
164667
165436
165934
166876
167149
167150
167663
168464
168720
169108
169497
170228
170436
170790
170920
171332
171900
172670
172831
173312
174275
174939
175672
175918
176502
177271
178039
178200
179056
179854
180360
180521
180807
181326
181598
182117
182977
183173
183713
183759
184307
185297
186075
186377
187340
187749
188468
189108
189688
190324
190841
191762
192129
193031
193196
193891
194714
195640
195672
195768
196659
196732
197262
197914
198752
199155
200002
200124
200553
201095
201105
202032
202572
202677
203633
204579
204622
205551
205831
205876
206461
207460
208315
208828
209729
210381
210820
211359
211475
211898
212777
213434
213446
213586
214527
214876
215408
216297
216439
216542
217251
218127
218885
219049
219863
220543
221506
221612
221926
222457
222841
222843
223424
223500
223867
223888
224763
225346
226239
226834
226971
227374
227670
228271
229265
230237
231233
231692
231811
232636
232742
233396
233736
234630
234984
235732
236284
237062
237705
238629
239045
239573
239899
240469
241405
242302
242441
242535
242947
243116
243688
244254
245209
245726
245743
246166
247014
247748
248547
248867
249849
250291
250357
251165
251329
251767
252674
252678
252778
253178
253827
254805
255277
255789
255873
256057
256440
257325
257887
258608
258805
259730
260170
260358
261169
261708
262707
262814
263196
263448
264149
264927
265270
266128
267043
267150
267681
268123
268192
268473
268559
269011
269162
269243
269362
269830
270292
270416
271019
271259
271476
272410
272975
273950
274111
274470
275457
275719
275967
276041
276177
276999
277532
277791
278659
279295
279569
280100
280431
280783
281643
282081
282864
283055
283067
283547
284424
284827
284928
285888
286209
286410
286969
287614
287971
288674
289536
289610
289712
290011
290841
290856
291553
291789
292265
293247
293856
294634
295008
295690
296650
297527
298238
299004
299590
300408
301235
301368
301577
301912
302770
303183
303264
303905
304686
305275
305729
306332
306900
307104
307419
307449
307487
307552
307642
308561
308867
309474
309669
309896
309956
310826
311193
311569
311598
312277
313010
313710
314577
314904
315537
315738
315743
316079
316310
316751
317280
318259
318265
319130
320052
320755
321113
321570
321810
322033
322309
322763
323272
324151
324598
325295
325327
325978
326682
327261
327668
328579
328688
328743
329306
329986
330862
331226
331534
332360
332782
333222
333985
334255
334724
334805
335212
336101
336339
336801
337156
337861
338701
339680
340180
340480
340978
341556
341742
342497
342583
343224
343669
344238
345237
346104
346817
346875
347093
347971
348754
349392
350205
350279
350854
351711
352558
353055
353821
354014
354895
355130
355228
355644
355892
356071
356819
357028
357071
357513
357742
358526
358614
359548
360449
360816
361616
362202
362913
363672
364394
364503
364866
365788
366488
367270
367791
367895
368051
368698
369259
369879
370134
370819
371171
371863
372853
373371
373874
374156
374884
374936
375804
376474
376669
376868
377803
378718
379354
380268
381140
381279
381378
382375
383330
383842
384726
385545
385852
386276
386869
387570
387927
388402
388575
389184
390178
390905
391626
391760
391903
392756
393510
393588
394384
394764
395119
395443
396149
396971
396973
397045
397455
398240
399039
399253
399343
399461
399882
400112
400556
400607
401543
402128
402794
403564
404201
405132
405451
405923
405948
406308
406568
406620
407377
407753
408735
409335
410066
410737
411348
411575
412285
412516
412872
413826
414041
414970
415271
416258
416374
417173
417725
417952
418159
418719
419302
420033
420253
420400
421281
421811
422153
422627
422696
422841
423083
423544
424528
424763
425645
426640
426786
427677
428199
429043
429547
430465
430718
431522
432334
432442
432979
433454
434110
434610
435018
435104
435296
435502
435946
436247
437168
437579
437963
438876
439341
439890
440538
440968
441090
441579
441665
441934
442798
443169
443547
443865
443904
444404
445180
445801
446390
446421
446724
447307
447976
448238
448915
449695
450024
450233
450444
450988
451731
452035
452743
453108
453173
453389
454062
454483
454841
455811
455974
456091
456917
456987
457962
458375
459078
459784
460586
460856
461333
461480
461875
462746
463077
463608
463684
463856
464564
465003
465659
466548
467099
468067
468606
468972
469735
470407
470578
471424
471428
472172
473138
473541
474269
474341
475140
475407
475595
475796
476563
477092
477246
477454
477727
477936
477980
478854
479535
479564
479846
480369
480882
481123
481616
482575
482629
483395
484298
484457
484477
484771
485522
485846
486177
486778
487371
487733
488149
488505
489083
489521
489755
490753
491289
491491
492489
492851
493431
494418
495358
495915
496779
497148
497763
498267
499025
499822
500183
500651
501042
501728
502588
503063
503395
504210
505021
505389
505663
506425
507028
507428
507892
508025
508949
509584
510239
510819
511700
512264
512624
513468
513836
513854
514051
514720
515579
516535
517164
518126
519039
519506
520159
520326
520456
520688
520987
521353
522016
522704
523219
523682
524379
524667
524946
525627
525960
526064
526877
527620
527679
528290
529024
529419
529778
529920
530486
531131
531400
532225
532522
533496
533847
534516
534801
534908
535243
535891
536868
537856
538243
538457
538805
539079
539146
539244
540016
540779
541542
542171
542973
543081
543650
544515
544782
544896
545132
545718
545752
546368
546762
547419
548406
549404
550388
550761
551316
551592
552224
552289
552827
553147
554114
554582
555144
555232
555452
556062
556359
557130
557719
558505
558824
558828
559675
560400
560667
561293
561369
562128
562724
563534
564218
565212
565956
566330
566819
567382
567391
568215
568411
568613
569296
570264
571146
571857
572661
573638
574006
574925
575295
575468
575765
575823
576352
577156
577506
577636
578320
578805
579610
579655
579767
580585
581528
581598
581702
582205
582574
582601
583463
583541
584276
585005
585476
586164
586968
587451
588201
588879
589451
590357
591069
591514
591910
592553
593137
593414
594111
594328
595176
595907
596787
597628
598412
599361
599514
600460
600648
601248
602041
602199
602536
603491
603588
604119
604888
605045
606041
606135
606916
607546
607604
607626
608315
608386
609164
609491
610478
610686
610910
611312
612028
612422
612669
612695
612750
612879
613477
613717
614279
614316
614857
615833
615952
616235
616311
616796
617629
618198
618437
618551
619104
619393
620269
620989
621667
622078
622900
623379
623962
624081
624532
625436
625945
626719
626814
627022
627963
628577
628815
629383
629970
630733
631450
631630
631889
632886
632899
633406
634257
634654
635249
635454
635551
635687
636245
636337
637085
637888
638824
639182
639842
639919
640543
641510
641518
641712
642622
643038
643111
643235
643921
644487
644795
645670
646403
646431
647170
648035
648841
649736
650558
651103
651475
652315
652841
653492
653747
653956
654833
655134
656006
656778
657249
657438
657442
658222
658861
659099
659159
659611
659621
660509
660769
661154
661492
661565
662111
662284
663091
663332
663499
664176
664403
664772
665038
665516
665663
665988
666807
667190
668151
668262
669216
669370
669427
670187
670411
671164
671250
671490
672321
672453
673216
674089
675069
675554
675830
676574
676814
677362
677467
677861
678099
678765
678775
679006
679016
679459
679562
680200
680800
681139
681463
682069
682732
683713
684427
685105
686089
687069
687405
688376
688976
689141
689176
689589
690397
691335
691345
691578
692120
693001
693607
694098
694779
694895
695818
695992
696414
696559
696867
697550
698469
699083
699892
700190
700529
700856
701126
701714
702600
703113
703749
704156
704910
705154
705513
705770
706041
706575
707115
707721
708404
708877
709240
709874
710824
711797
712564
713339
714009
714974
715639
716033
716993
717486
718479
718593
718980
719659
720465
720567
721091
721381
722255
722831
723094
723249
723546
724477
725063
725198
725398
725814
726454
726690
727247
727586
727718
727843
728201
728534
729410
729415
729839
730757
731526
731778
731939
732115
732284
732973
733347
734157
734444
735181
735339
735509
735898
736469
737122
737130
737797
737947
738282
738327
738839
739731
739924
740916
741692
741717
742043
742683
742797
742866
743522
744424
744800
745332
746311
746418
747235
747557
748330
749077
749462
750174
750234
751205
751803
752769
752887
753439
753956
754013
754104
754963
755725
756155
756736
756830
757040
757543
757933
758162
758220
759017
759402
760139
760518
760811
760855
761617
762157
762184
762473
763084
763392
764389
764964
765488
766217
766240
766605
767355
768083
768756
769363
770145
770332
771164
771648
771789
772412
772979
773169
773179
773998
774853
775388
775715
776618
777129
777448
777722
778502
779019
779697
779906
780355
780420
780914
781790
782187
782278
782528
782781
783330
784016
784477
785422
785812
786781
787479
787698
788503
788526
788700
789658
790073
790851
791245
792033
792698
793071
793511
793781
794246
794269
794399
794474
794483
795352
796230
796828
797697
798251
798266
798314
799114
799313
799631
799639
800329
801020
801115
802103
802899
803832
804000
804429
804802
804955
805207
805410
806033
806198
806522
807293
808267
808487
808781
809058
809080
809667
809668
809968
810035
810473
811288
811331
812131
812803
813542
814493
815016
815360
816055
816277
816666
817182
817206
817467
818187
818369
819277
819706
820622
821135
821780
822440
822793
822843
823530
823710
824583
824986
825637
825774
826385
827243
827679
827978
828720
829652
830577
831262
831717
832034
832393
833206
833564
834394
834699
835564
836047
836198
836737
837369
838180
838482
838766
839149
839386
839996
840971
841460
841713
841804
842081
842837
843315
843556
844377
845356
845596
845610
845829
846324
846404
846533
847526
847982
848840
849830
850003
850304
850961
851433
852285
852383
852948
853946
854901
855744
856358
857115
858092
858250
858409
858557
859377
859511
859723
859803
860098
860735
861654
861832
862732
863046
863067
863929
864481
865383
866244
866887
867562
867568
867858
868749
869331
869448
870411
870618
870813
871770
871821
872155
872173
872181
872989
873196
874020
874188
875075
875737
876589
877432
878111
878544
878620
879094
879450
879857
880816
881093
881528
881722
882047
882582
883225
884092
884615
885194
885475
886111
886922
887382
887549
887984
888387
888735
889004
889330
889864
890425
891237
891463
892377
893114
893966
894669
895433
896199
897165
897333
897716
898016
898146
898219
898666
899177
899572
900449
900661
900798
901719
902293
902505
903297
904221
904518
904619
905312
906041
906260
906404
907102
907279
907398
908028
908729
909036
909744
909873
910495
910965
911772
912027
912049
912081
912195
912595
912749
913081
913382
914178
914220
914717
914946
915571
916477
917157
917924
918498
918621
919536
920375
920974
921821
922360
922408
922707
923191
923592
923766
924208
924641
925357
925534
926456
926838
927401
928351
928436
928455
928736
929629
929704
930239
931157
931663
932501
933495
933762
934648
935545
936030
936753
937474
938074
938991
939360
940257
940828
941250
941481
942228
943138
943709
944611
945543
946320
946570
947246
947495
947560
948301
949013
949704
950160
951129
951188
951961
951963
952087
952592
952953
953607
953620
954344
954445
955284
956003
956481
956950
957131
957984
958691
959646
960563
960799
961448
961548
961984
962697
962707
963270
963448
963576
963895
964401
964808
964860
965754
966003
966480
966675
967071
967406
967919
968572
969398
970028
970192
971107
971413
972115
972386
973358
973418
974118
974905
975466
975960
976128
976185
977166
977418
977476
977726
978084
978209
978434
979412
979464
980109
980403
981249
981697
981730
982352
982645
983039
983899
984091
984890
985050
985747
986427
986769
987458
987599
988447
988808
989050
989374
989713
990429
991183
991852
992404
993174
993661
994074
994915
995704
996592
996944
997142
997269
997369
997786
998125
998878
999331
999882
1000782
1001037
1001838
1002661
1003257
1003258
1003751
1004747
1005646
1006562
1007447
1007849
1008291
1008675
1009436
1009814
1010311
1011014
1011585
1012372
1012404
1012633
1013419
1013646
1014363
1014719
1015009
1015469
1016168
1017156
1017827
1017904
1018472
1019268
1019499
1019816
1020190
1020911
1021400
1021704
1022310
1023116
1023681
1024544
1025450
1026274
1027043
1027596
1027831
1028069
1028866
1029500
1029946
1030217
1030739
1031448
1031983
1031991
1032414
1033410
1033928
1034417
1035113
1035562
1035832
1036798
1037581
1038422
1038978
1039600
1039826
1039973
1040392
1041110
1041714
1042398
1042704
1043071
1043635
1043675
1043943
1044371
1045257
1045577
1045904
1046642
1047175
1047294
1047342
1048096
1048330
1048829
1049147
1050128
1050633
1051435
1052031
1052060
1052995
1053041
1053822
1054485
1055008
1055180
1055323
1055999
1056876
1057285
1057770
1058298
1058806
1059050
1059680
1060279
1061160
1061787
1061897
1062058
1062216
1062575
1062877
1063645
1063970
1064933
1065477
1065969
1066164
1067133
1067433
1067562
1067596
1068506
1068911
1069178
1069230
1069405
1070077
1070720
1070867
1071487
1071977
1072234
1072734
1073710
1074699
1075303
1075496
1075724
1076233
1076717
1076921
1077263
1078069
1078317
1078556
1079203
1079669
1079753
1080427
1081011
1081450
1082319
1082705
1082732
1083527
1083941
1084403
1084927
1085031
1085729
1086095
1086833
1087177
1087904
1088857
1089667
1089924
1090560
1090611
1091550
1092404
1092668
1092850
1093301
1094233
1094610
1095278
1096012
1096444
1097129
1097608
1098010
1098857
1099780
1100630
1101258
1102094
1102241
1102637
1103430
1103643
1103912
1104310
1105059
1105442
1105514
1105689
1106054
1106837
1107474
1107984
1108311
1108543
1108942
1109725
1110658
1111262
1111374
1111744
1111971
1112022
1112449
1112544
1113223
1113465
1113792
1113909
1114244
1114534
1115443
1116292
1117165
1117653
1117724
1117748
1117821
1118120
1118811
1119400
1120218
1121143
1122059
1123004
1123041
1123692
1124486
1125407
1126014
1126827
1127798
1128425
1129256
1130008
1130981
1131567
1131773
1132179
1132205
1132386
1132849
1133260
1133918
1134405
1135146
1135641
1136217
1136435
1136510
1137024
1137587
1138571
1139173
1139202
1139568
1140247
1141099
1141230
1141259
1141422
1142082
1142160
1142839
1143006
1143990
1144674
1144860
1145047
1145951
1146670
1147212
1147668
1148625
1149238
1149568
1149707
1150284
1151020
1151917
1152316
1153147
1154011
1154588
1154761
1155056
1155515
1155685
1156436
1157370
1157558
1157850
1158153
1158634
1158676
1159568
1160092
1160429
1161312
1161850
1162402
1162949
1163906
1164567
1164679
1164863
1165594
1165874
1166503
1166530
1166774
1167368
1167726
1168524
1168531
1169487
1170168
1170406
1171249
1171339
1172284
1172477
1173373
1174059
1174147
1174937
1175216
1175457
1176179
1176980
1177226
1177981
1178725
1179146
1179679
1179802
1180229
1181081
1181874
1182449
1183360
1183538
1184474
1184820
1185257
1186048
1186783
1187658
1188426
1189410
1189781
1190745
1190977
1191806
1192764
1193138
1193827
1194798
1195752
1196697
1197006
1197533
1198521
1199012
1199442
1199647
1200102
1200912
1201415
1201835
1202832
1203005
1203300
1204032
1204152
1204504
1204955
1205831
1206355
1207077
1207222
1207596
1207848
1208147
1208753
1209459
1209596
1210487
1211153
1211447
1212004
1212851
1212952
1213250
1213344
1213795
1214209
1214847
1215048
1215688
1216457
1216993
1217741
1218607
1218932
1219205
1220090
1220758
1221031
1221132
1221296
1221421
1221516
1221648
1221783
1221845
1221982
1222411
1223045
1223651
1223921
1224402
1224681
1225132
1226018
1226557
1227086
1227344
1227637
1227956
1228351
1229090
1229244
1229584
1229802
1230316
1230409
1230538
1231341
1232258
1232976
1232998
1233699
1234313
1235185
1235734
1236289
1236748
1236840
1237506
1237546
1237561
1238508
1239097
1240086
1240174
1240790
1241740
1241809
1242244
1242592
1243002
1243297
1243396
1243544
1243712
1244153
1244309
1245198
1245359
1246022
1246620
1247289
1247369
1247582
1248427
1248474
1249120
1249679
1249983
1250151
1251028
1251445
1252425
1252889
1253595
1253916
1253961
1254808
1255586
1256321
1256560
1256602
1256615
1257008
1257498
1257954
1258338
1258772
1259481
1259528
1259652
1260273
1261245
1261446
1262307
1263197
1263686
1264128
1264686
1265323
1266124
1266619
1267036
1267580
1267786
1268457
1268932
1269463
1270194
1271119
1271328
1271720
1272666
1272910
1273624
1274039
1274595
1275149
1275913
1276137
1277043
1277950
1278049
1278370
1278758
1279057
1279622
1279934
1280160
1280832
1281059
1281615
1281943
1282293
1282331
1282602
1283021
1283198
1284139
1284422
1285351
1286339
1286871
1287129
1287437
1287673
1287730
1287911
1288721
1289541
1290284
1290571
1290924
1291519
1291608
1292097
1293062
1293253
1293901
1294794
1295494
1296157
1296238
1296535
1297031
1297251
1297537
1297899
1297996
1298056
1298913
1299218
1300025
1300849
1301028
1301868
1302798
1303156
1303987
1304785
1305032
1305693
1306357
1306756
1306914
1307175
1307945
1308524
1309469
1309939
1310110
1310932
1311139
1311277
1311427
1312019
1312650
1313093
1313560
1314000
1314990
1315701
1316096
1316972
1317660
1317831
1317904
1318827
1319057
1319341
1319351
1320106
1320861
1321353
1321770
1322313
1323009
1323039
1323083
1323616
1323730
1324628
1324909
1325879
1326846
1327204
1328102
1328618
1328878
1329021
1329234
1329685
1330482
1331076
1331609
1332569
1332698
1332874
1332895
1333513
1333954
1334563
1335216
1335366
1335594
1336043
1336966
1337589
1338361
1338626
1338684
1338841
1339414
1340112
1341012
1341059
1342031
1342232
1342520
1343422
1344273
1345009
1345289
1345661
1346223
1347186
1347843
1348269
1348862
1348871
1349076
1349288
1349909
1350323
1350331
1350598
1351456
1352244
1352951
1353818
1354345
1355214
1355640
1356253
1356811
1357676
1357886
1358198
1358208
1358951
1359812
1360010
1360648
1360740
1360787
1361723
1361793
1361860
1361957
1362192
1362580
1363178
1363308
1363704
1364449
1365046
1365874
1366388
1367141
1368007
1368802
1368958
1369181
1370181
1370920
1371432
1371664
1372619
1373057
1373547
1374508
1375278
1376090
1376422
1377389
1377734
1378388
1379059
1379571
1379831
1380671
1381240
1382137
1382491
1383333
1383535
1384133
1384175
1384306
1385184
1385705
1386374
1387271
1387523
1388207
1388610
1389023
1389885
1390140
1390430
1391271
1391895
1392160
1392970
1393111
1393152
1394000
1394318
1394784
1395095
1395730
1395975
1396744
1397293
1397593
1398315
1398982
1399147
1399864
1400093
1401007
1401473
1402087
1402469
1403366
1403628
1404620
1405193
1406086
1406830
1407211
1408197
1408651
1408866
1409687
1410177
1410197
1410377
1410570
1411399
1411887
1412653
1413561
1413688
1414305
1414973
1415193
1415318
1415936
1416277
1416886
1416938
1417315
1417845
1417982
1418283
1418381
1419341
1419394
1419952
1420178
1421083
1422033
1422360
1422371
1422619
1422744
1423218
1423228
1424158
1424969
1425011
1425488
1426262
1426964
1427309
1428240
1428780
1429239
1429943
1430766
1431755
1432637
1433390
1434237
1434287
1434890
1435019
1435964
1436106
1436682
1436701
1437253
1437567
1438459
1438870
1439592
1440525
1440553
1441129
1441852
1442643
1443307
1444159
1444241
1445021
1445157
1445851
1446814
1447388
1448203
1448859
1449444
1450131
1450213
1450858
1451332
1451401
1452087
1452142
1452248
1453092
1453623
1453771
1453875
1454586
1454879
1455237
1455475
1455898
1456126
1456440
1457305
1458264
1459145
1459626
1460324
1460901
1461470
1461591
1461906
1462316
1463116
1463852
1464621
1464782
1464878
1465411
1465536
1465904
1466099
1467042
1468015
1468775
1469263
1469939
1470653
1470980
1471964
1472467
1472824
1473687
1473879
1474031
1474061
1475014
1475018
1475713
1476104
1476877
1477575
1478272
1478798
1479202
1479587
1480243
1481192
1481954
1482284
1483192
1483892
1483985
1484388
1484470
1485407
1485663
1485968
1486217
1487049
1487792
1488520
1488668
1488993
1489720
1490089
1490294
1490604
1491304
1492087
1492609
1493250
1493318
1493935
1494081
1494731
1495432
1495993
1496757
1497404
1498401
1498591
1499446
1499646
1500238
1500370
1500972
1501076
1501735
1502058
1502542
1503285
1503774
1504602
1505530
1505910
1506000
1506125
1507122
1507152
1507543
1507770
1508469
1508862
1509198
1509578
1509917
1510513
1510907
1511495
1511757
1512320
1513209
1513242
1514113
1514514
1515036
1515580
1515733
1515973
1516674
1517145
1518097
1518743
1519490
1519606
1520283
1520913
1521138
1521582
1522452
1522465
1522905
1523598
1524002
1524961
1525730
1525943
1526712
1527679
1528223
1528380
1529029
1529900
1530637
1530838
1530868
1531658
1532655
1532955
1533185
1534165
1534863
1535654
1535744
1536730
1537704
1538698
1539373
1540291
1541028
1541926
1542418
1543226
1543801
1544198
1544361
1544648
1545266
1546002
1546700
1546959
1547935
1547949
1548102
1548956
1549451
1549635
1550400
1551361
1552018
1552753
1553723
1554703
1555626
1555852
1556813
1557157
1557980
1558772
1559252
1559270
1559758
1560018
1560063
1560852
1561501
1562119
1562830
1563356
1563812
1564409
1564778
1564989
1565831
1565960
1566118
1566210
1566774
1567027
1568011
1568241
1569199
1570008
1570585
1570828
1571182
1572114
1572976
1573410
1573883
1574718
1575100
1575225
1575522
1575848
1575953
1576901
1576998
1577616
1578155
1578289
1578673
1579392
1580184
1581034
1581956
1582656
1582864
1583252
1583552
1583760
1584079
1584882
1584914
1585250
1586174
1586451
1587350
1587711
1587856
1588753
1589611
1590423
1591169
1591480
1592169
1592535
1593105
1593946
1594601
1594678
1594961
1595076
1595923
1596875
1596904
1597165
1597727
1598262
1599216
1599961
1600316
1601119
1601715
1602593
1602965
1603892
1604831
1605062
1605311
1606162
1606918
1607048
1607677
1608051
1608954
1609062
1609683
1610208
1611121
1611639
1611743
1612488
1613039
1613929
1614234
1614351
1614659
1614844
1615435
1616002
1616417
1617102
1617542
1618429
1618786
1618792
1619415
1619930
1620704
1621624
1622519
1623508
1623989
1624793
1625694
1625725
1626107
1626297
1626309
1626493
1627238
1628055
1628560
1628722
1628944
1629386
1629888
1630467
1631233
1631958
1632953
1633122
1633996
1634087
1635036
1635505
1635773
1636238
1636756
1637203
1638156
1638450
1638887
1638895
1639843
1640186
1641183
1641298
1642257
1642923
1643149
1643659
1643882
1644306
1644925
1644938
1645099
1645277
1645927
1646811
1646922
1647286
1647328
1647659
1648397
1648567
1649048
1649833
1650757
1651401
1651807
1652190
1653127
1653629
1654396
1654692
1655359
1655859
1655987
1656743
1657209
1657305
1657784
1658158
1658535
1659170
1660111
1660995
1661386
1662060
1662656
1662659
1663241
1664106
1664749
1665394
1665945
1665993
1666196
1666914
1667056
1667779
1668726
1669068
1670035
1670562
1670894
1671510
1671683
1672577
1672605
1673236
1673421
1673784
1674052
1674934
1675303
1676272
1676918
1677271
1677571
1678075
1678505
1679222
1679750
1679844
1680274
1681259
1681555
1682179
1682353
1682921
1683512
1684359
1685167
1685868
1686865
1687823
1688589
1689528
1689836
1690085
1690283
1690931
1690966
1691368
1692092
1692886
1693420
1693924
1694758
1695579
1696551
1697466
1697674
1698614
1698841
1699013
1699507
1699914
1700157
1700346
1700796
1700800
1701595
1702008
1702805
1703048
1704017
1704241
1704859
1705675
1706058
1706658
1706802
1706937
1707207
1707912
1708126
1708752
1709272
1710008
1710191
1711126
1711393
1711866
1712046
1712113
1712395
1713328
1713544
1714495
1715429
1715518
1715859
1716516
1717041
1717888
1718232
1718395
1719116
1719396
1719641
1719799
1720100
1721100
1722100
1722733
1723726
1724315
1724998
1725352
1726001
1726443
1726750
1726904
1727696
1728184
1729012
1729516
1730153
1731113
1732102
1732479
1732606
1732739
1733501
1733787
1734183
1734581
1734729
1734980
1735292
1735575
1736193
1736731
1737571
1738247
1739223
1739842
1740291
1740526
1741399
1741890
1742647
1743348
1743846
1744274
1744286
1744927
1745520
1745814
1746288
1747251
1748003
1748888
1749107
1749443
1749851
1750824
1751356
1751920
1752882
1753865
1754343
1755078
1756031
1756087
1756510
1757404
1758137
1758883
1759241
1759372
1759813
1760264
1761170
1761845
1762519
1763097
1763447
1763583
1764515
1764872
1765331
1765533
1766381
1767173
1767764
1768572
1769467
1769527
1770327
1771201
1771954
1772309
1773278
1773883
1774381
1774571
1774699
1774958
1775507
1776320
1776845
1777000
1777331
1778294
1778817
1779447
1779678
1780197
1780302
1780694
1780837
1781724
1782202
1782804
1783016
1783556
1784008
1784058
1784148
1784188
1784561
1785277
1785286
1786116
1787042
1787936
1788542
1788767
1789305
1790003
1790670
1790708
1791043
1791793
1792401
1792622
1792783
1793115
1793460
1793579
1793788
1794180
1794426
1795251
1796246
1796707
1797261
1797931
1798751
1799072
1799826
1800813
1801419
1801427
1802019
1802551
1802988
1803533
1804363
1805228
1805246
1805462
1805777
1806152
1806615
1806878
1807493
1808403
1808936
1809279
1809847
1810623
1811173
1812002
1812144
1813077
1813586
1814127
1814371
1814399
1815279
1816222
1816340
1817175
1817541
1818496
1818790
1819209
1819632
1820142
1820143
1820836
1820961
1820963
1821639
1821662
1821695
1822010
1822315
1822504
1822992
1823274
1823543
1824262
1824705
1825642
1825829
1826274
1826668
1826783
1826892
1827653
1828129
1828224
1829135
1830115
1830439
1830492
1830682
1831006
1831711
1832234
1832998
1833387
1834286
1834619
1835098
1835561
1836022
1836304
1837010
1837318
1837594
1837729
1838232
1838245
1838526
1838637
1839438
1840376
1840392
1840802
1840806
1840921
1841456
1841661
1841922
1842238
1842453
1842735
1843106
1843439
1843998
1844907
1845876
1846745
1847295
1847435
1848365
1849173
1849324
1850122
1850224
1851066
1851248
1851996
1852384
1853229
1853682
1854613
1855416
1855753
1855795
1855912
1855921
1856717
1857335
1857569
1858408
1858909
1859874
1860406
1860465
1861327
1861416
1862067
1862514
1862755
1863643
1864314
1864536
1865376
1866110
1866445
1866616
1866989
1867170
1867655
1867716
1868229
1868417
1868470
1869015
1869016
1869379
1869495
1870445
1870795
1871174
1871663
1872308
1873032
1873058
1873742
1874099
1874592
1874918
1875757
1876585
1877332
1877456
1877745
1878584
1878799
1879792
1880545
1880927
1881890
1882837
1883058
1883137
1883981
1884903
1885086
1885970
1886949
1887059
1887073
1887982
1888910
1889867
1890264
1890901
1891341
1891420
1891873
1892233
1892647
1893375
1893917
1894523
1895400
1895923
1896245
1896609
1896669
1896947
1897109
1897164
1898093
1898864
1899153
1899176
1899504
1899837
1900517
1900980
1901727
1901818
1902625
1903611
1904345
1904857
1905721
1905850
1906415
1907328
1907389
1908206
1909090
1909344
1910052
1910301
1910365
1910660
1910746
1911402
1911954
1912346
1912742
1912896
1913394
1914030
1914872
1915225
1916107
1916290
1916833
1917825
1917916
1918323
1918601
1919083
1919305
1920170
1921137
1921340
1921409
1921543
1921557
1921609
1922568
1922903
1923889
1924661
1925469
1925481
1925619
1925757
1925948
1926732
1926763
1926916
1927591
1927613
1928316
1928806
1929263
1930182
1930377
1931119
1931948
1932149
1932737
1933652
1933723
1934153
1934523
1934901
1935775
1936648
1937106
1937460
1937638
1938023
1938085
1938694
1939076
1939090
1939799
1940298
1940420
1941266
1941637
1942631
1942991
1943236
1943287
1943911
1944494
1944703
1945182
1946133
1946139
1946517
1947211
1948077
1948500
1948826
1949292
1949694
1949944
1950311
1950587
1951303
1951634
1952425
1953075
1953118
1953712
1954418
1955221
1955800
1955903
1956538
1957535
1958469
1958955
1959247
1959650
1960079
1960389
1961251
1962070
1962793
1962814
1963251
1963320
1964253
1965000
1965769
1966613
1966640
1967325
1968231
1968858
1969765
1970732
1971408
1972357
1972862
1973080
1973206
1973947
1974694
1975154
1976091
1976217
1976319
1976391
1977210
1978195
1978543
1978637
1979084
1979225
1979684
1979831
1979907
1980608
1980927
1981272
1982229
1982790
1983143
1983318
1983860
1984414
1985171
1985233
1985280
1985904
1986052
1986844
1987663
1988245
1989211
1990156
1990723
1991313
1991759
1992399
1992568
1993230
1993630
1994312
1995149
1995222
1995713
1995723
1995826
1996752
1997450
1997803
1998310
1999260
2000256
2001038
2001344
2001814
2002448
2003086
2003117
2003126
2003996
2004824
2005536
2006293
2006595
2006748
2007632
2008147
2009006
2009600
2010164
2010645
2010856
2011645
2012437
2012979
2013845
2014270
2014943
2015217
2016163
2016814
2017673
2018346
2018807
2019752
2019999
2020330
2020975
2021698
2022592
2022835
2023378
2023418
2023464
2023754
2024397
2025000
2025530
2026260
2026918
2027024
2027776
2028600
2028899
2029650
2030399
2031054
2031798
2032085
2032673
2033505
2034285
2034548
2035277
2035388
2035867
2036061
2036492
2036810
2037221
2037707
2037803
2038301
2039077
2039483
2040222
2040260
2041008
2041569
2042166
2042671
2043481
2044480
2045394
2045570
2046223
2047015
2047855
2048034
2048202
2048368
2049351
2049594
2050096
2050323
2050443
2051331
2051576
2052134
2052264
2053202
2053484
2053551
2053872
2054805
2054806
2055392
2055512
2055980
2056088
2056822
2057328
2057763
2058673
2059117
2059356
2059484
2059854
2060284
2060524
2060896
2061859
2062327
2062416
2062693
2062752
2062982
2063122
2064098
2064293
2064375
2064540
2064616
2065589
2065627
2066584
2066665
2067353
2067850
2068707
2068946
2069477
2069483
2069549
2070237
2070754
2071707
2072154
2072848
2073048
2073288
2073770
2074107
2074520
2074993
2075174
2075487
2076060
2076992
2077017
2077624
2077793
2078584
2079360
2080329
2080876
2081583
2081726
2082509
2082533
2083362
2083804
2084426
2084982
2085658
2085940
2086858
2086909
2086955
2087693
2088368
2088614
2089228
2089428
2089542
2089686
2089949
2090372
2090392
2090773
2091750
2092439
2093112
2093761
2093831
2094831
2095830
2096157
2096489
2096743
2097519
2097999
2098285
2098444
2098688
2099239
2099873
2100065
2100716
2101657
2102229
2103187
2103689
2103800
2104549
2104610
2105332
2105669
2106488
2106550
2107310
2108181
2108555
2109048
2109179
2109821
2110364
2111160
2111705
2112524
2113393
2113628
2114462
2115222
2115292
2116096
2116447
2116678
2117381
2118055
2118795
2118867
2119088
2119520
2120310
2120861
2121665
2122403
2123159
2123766
2123780
2124708
2125533
2126332
2126447
2126996
2127588
2127912
2128618
2128934
2129297
2129679
2130599
2131190
2131502
2131676
2132544
2133369
2134273
2135101
2135151
2135476
2136117
2136419
2136957
2137014
2137655
2138455
2138609
2139553
2139591
2139718
2140143
2140754
2140794
2141347
2141731
2142730
2143720
2144234
2145125
2145242
2145809
2146159
2146633
2146760
2147722
2148652
2149599
2150494
2150748
2151210
2151564
2152197
2152872
2152882
2153468
2154031
2154565
2155464
2155574
2155748
2155827
2155857
2156386
2157353
2157959
2158807
2159780
2159895
2160778
2161052
2161861
2161968
2162770
2163141
2163433
2164367
2164797
2165423
2165699
2166025
2166769
2167708
2167961
2168289
2168402
2168788
2169692
2170425
2170934
2171898
2172730
2172930
2173157
2173356
2174170
2174430
2174509
2175205
2175826
2176717
2176924
2177406
2177524
2178314
2179240
2179763
2180334
2180459
2181275
2182231
2182410
2182695
2183164
2183175
2184061
2184449
2184594
2185198
2185554
2186085
2186942
2187678
2188473
2188514
2189114
2190092
2191032
2192010
2192095
2192498
2192686
2193496
2193727
2194408
2195232
2195405
2196055
2196647
2197593
2198282
2198997
2199123
2199961
2200912
2201559
2202221
2202401
2202850
2203538
2203713
2204216
2204802
2205164
2206057
2206373
2206944
2207002
2207903
2208722
2209297
2209785
2210440
2210795
2210962
2211068
2211969
2212539
2213462
2214321
2214555
2214670
2214971
2215147
2215681
2216559
2216984
2217541
2218350
2218750
2218804
2218939
2219600
2220167
2220819
2221131
2221582
2222001
2222761
2223376
2223905
2224622
2225387
2225566
2225765
2225859
2226817
2227292
2227445
2228012
2228351
2229337
2230159
2230215
2230658
2231642
2232587
2232857
2232992
2233928
2234211
2234468
2235214
2235945
2236056
2236898
2237688
2237948
2238363
2239269
2239349
2239601
2240299
2241098
2241369
2241812
2242399
2242792
2243688
2244167
2244995
2245641
2246135
2246360
2247333
2247642
2247988
2248930
2249045
2249671
2250335
2250832
2251259
2251678
2251848
2252069
2252342
2252457
2252780
2253405
2253958
2254862
2255416
2256008
2256064
2256122
2256785
2257602
2257679
2257883
2258876
2258990
2259016
2259588
2260218
2260968
2261502
2261883
2262865
2263062
2263711
2264683
2265654
2265981
2266008
2266040
2266465
2267456
2267689
2268095
2268883
2269521
2270484
2270891
2271825
2272787
2272906
2273302
2273731
2273956
2274452
2274904
2275068
2275920
2276277
2277158
2277160
2277785
2277798
2278024
2278475
2278613
2279053
2279635
2280345
2280653
2281587
2282173
2282835
2283200
2283296
2284189
2284506
2285221
2285888
2286482
2286611
2287562
2288497
2288661
2289062
2289433
2290383
2291118
2292079
2292659
2293221
2293934
2294508
2294801
2294955
2295501
2295559
2296032
2297001
2297433
2297675
2297695
2298426
2298906
2299532
2300275
2301229
2301370
2302115
2302217
2302905
2302975
2303872
2304119
2304849
2304900
2305249
2305264
2306125
2306825
2306876
2307599
2307831
2308671
2309440
2309907
2310266
2311143
2311897
2311929
2312168
2312647
2312994
2313498
2314028
2314246
2315098
2315531
2315933
2316212
2316835
2317414
2318149
2318456
2319368
2319404
2319535
2320066
2320637
2320866
2320970
2321407
2322064
2322877
2323052
2323765
2324577
2324614
2325071
2325425
2325720
2326485
2326952
2327799
2327820
2328651
2329476
2329950
2330899
2331127
2331521
2332386
2332417
2333096
2333941
2334675
2335611
2335686
2336209
2337008
2337392
2338324
2339253
2339827
2339943
2340438
2341342
2341977
2342952
2343646
2344128
2344805
2344983
2345731
2346104
2346601
2346692
2347425
2348404
2348410
2348874
2349183
2349451
2350262
2351147
2351168
2351867
2352315
2352655
2353630
2353832
2353998
2354768
2355218
2355534
2355618
2355703
2356465
2357048
2357401
2358246
2358715
2358900
2359184
2359221
2360215
2360726
2361543
2361724
2362190
2362376
2363369
2363885
2363949
2364777
2365602
2365949
2366576
2366651
2367592
2367783
2367992
2368853
2369133
2369283
2369639
2370142
2370502
2370791
2370826
2370855
2371325
2372200
2372503
2372590
2372616
2372805
2373305
2373698
2373746
2374662
2375143
2375219
2375722
2376394
2377124
2377968
2378794
2378917
2378940
2379689
2380063
2380712
2381706
2381775
2382288
2382940
2383315
2384068
2384275
2385213
2385615
2386146
2387036
2387580
2388374
2388837
2389119
2389432
2389660
2389952
2390687
2391393
2392164
2393142
2393577
2393837
2393856
2394481
2394534
2394967
2395443
2396166
2396826
2396898
2397817
2397901
2398179
2398516
2398681
2399358
2399753
2400422
2400517
2400831
2401561
2402463
2403384
2403689
2404001
2404364
2405361
2405543
2406032
2406630
2407048
2407533
2408236
2409036
2409059
2409645
2410279
2410473
2410625
2410626
2411265
2411993
2412952
2413312
2414195
2414245
2414356
2414775
2415258
2415478
2415993
2416379
2417305
2417404
2417942
2418631
2419453
2419497
2420272
2421033
2421599
2421773
2421892
2421983
2422329
2422960
2423188
2423216
2423634
2424029
2424248
2424813
2425548
2426245
2426991
2427540
2427945
2428926
2429124
2429848
2429963
2430082
2430606
2430723
2430831
2430853
2431659
2432067
2432673
2433546
2433611
2434582
2434899
2435679
2435915
2436855
2436864
2437613
2438504
2438698
2438824
2439283
2439997
2440390
2440790
2441465
2441683
2442427
2443009
2443895
2444697
2445381
2445908
2446760
2447328
2447974
2448480
2449077
2450069
2450830
2451781
2452389
2452732
2453088
2453280
2453955
2454804
2454898
2455186
2456059
2456441
2457408
2457945
2458102
2458106
2458644
2459316
2459391
2459431
2460130
2460618
2460821
2461276
2461414
2461664
2461748
2462524
2462569
2462624
2463613
2464128
2465102
2465587
2466357
2467192
2467676
2468030
2468337
2468748
2469499
2470300
2471227
2472115
2472775
2473261
2474220
2474933
2475626
2475705
2476590
2477299
2477556
2478106
2478571
2478726
2479696
2479709
2480273
2481075
2481616
2481737
2481786
2482070
2482364
2483075
2484026
2484434
2484943
2485472
2485668
2485937
2486368
2487183
2487655
2487666
2488058
2488209
2488366
2489214
2489484
2490368
2490908
2491561
2491909
2492865
2493801
2493990
2494544
2495118
2495223
2495384
2495526
2495601
2496392
2497251
2497592
2497644
2498246
2498885
2499806
2499932
2500556
2500688
2500855
2501809
2502212
2502665
2503109
2503676
2504574
2505166
2505471
2506247
2506954
2507833
2508525
2509243
2510014
2510481
2510603
2510669
2511666
2511927
2512067
2512643
2513141
2513562
2513576
2514448
2514455
2514495
2515397
2515695
2516622
2517374
2518088
2518423
2519268
2520093
2520635
2521083
2521193
2521396
2521961
2522004
2522759
2523738
2523860
2524761
2524965
2525648
2525961
2526478
2526543
2527507
2527903
2528116
2528900
2529587
2529826
2529830
2530408
2530505
2530969
2531534
2532316
2532544
2532977
2533267
2533933
2534416
2534885
2535711
2536201
2536291
2536414
2537294
2537473
2537957
2538453
2539244
2539688
2540651
2541011
2541055
2541740
2542689
2543509
2543745
2544029
2544472
2545438
2545516
2545533
2545765
2546355
2546561
2546948
2547053
2547453
2547929
2548162
2548526
2548558
2548567
2548602
2548707
2549593
2550175
2550938
2551067
2551572
2552518
2552564
2552982
2553752
2554010
2554299
2554744
2555337
2556101
2556442
2557379
2557756
2558556
2559023
2559414
2559928
2560247
2560350
2560613
2561488
2562112
2563000
2563667
2564525
2564948
2565058
2565559
2566026
2566307
2566320
2567293
2567801
2568133
2568974
2569838
2570300
2571272
2571828
2572267
2572791
2573067
2573754
2573888
2574355
2575319
2576104
2576681
2577106
2577562
2578390
2578581
2579424
2579557
2579734
2580099
2580417
2580481
2580747
2581181
2581247
2581577
2581713
2582033
2582560
2583437
2583730
2584553
2585250
2586120
2586529
2587464
2587899
2588074
2588891
2589203
2589958
2590195
2590835
2591163
2592124
2592740
2593630
2594205
2594412
2595398
2596024
2596036
2596509
2597012
2597106
2597179
2597213
2597243
2598239
2599133
2599881
2600116
2600541
2600967
2601763
2602524
2603347
2603418
2603823
2604045
2604801
2605585
2606253
2606409
2606672
2606837
2607751
2608023
2608896
2609197
2609667
2609739
2610689
2610771
2610854
2611086
2611940
2612024
2612694
2613046
2613747
2614467
2614658
2614793
2614833
2615503
2615988
2616593
2617227
2617463
2617532
2618063
2618262
2619032
2619851
2620308
2620744
2621284
2621601
2622001
2622482
2622840
2622963
2623132
2623430
2623456
2623996
2624969
2625380
2625789
2626542
2626802
2627576
2627810
2628330
2628996
2629139
2629932
2630162
2630965
2631093
2631097
2631499
2632449
2633043
2634023
2634264
2635029
2635549
2636036
2636332
2636926
2637861
2638000
2638770
2639415
2639722
2640168
2641075
2641436
2641815
2641863
2642631
2642772
2643188
2643510
2643650
2643848
2644726
2645398
2645410
2645426
2646216
2647195
2648051
2648405
2648781
2649670
2650595
2650841
2651168
2651722
2651867
2652462
2652592
2652693
2653230
2653356
2654049
2654919
2655706
2656317
2656962
2657124
2658028
2658270
2658690
2659097
2659160
2659558
2660063
2660796
2661162
2661946
2662149
2663013
2663230
2664197
2664757
2664976
2665072
2665430
2665767
2666695
2667479
2667624
2668093
2668320
2669297
2670108
2670670
2670902
2671785
2672150
2672389
2672797
2672812
2673166
2673786
2674637
2675338
2676153
2676607
2677269
2677677
2678109
2678710
2679506
2679668
2680074
2680664
2680979
2681877
2682195
2682313
2683252
2683423
2683913
2684547
2684643
2684939
2684986
2685528
2685531
2686180
2686451
2686783
2686939
2687241
2687541
2687657
2687813
2688321
2688713
2689215
2689613
2690474
2691099
2691722
2691957
2692578
2693054
2693826
2694298
2695178
2695274
2695339
2696035
2696204
2696712
2697199
2698025
2698903
2699637
2699928
2700254
2701020
2701598
2701636
2701962
2702020
2702408
2703262
2704238
2704535
2705419
2706388
2706670
2707133
2707172
2707310
2708301
2708611
2709260
2709787
2710430
2710708
2711614
2712151
2712687
2713495
2714468
2715344
2715879
2716140
2717111
2717294
2718077
2718104
2718780
2719507
2720242
2721075
2721218
2722188
2722885
2723374
2723735
2724631
2724951
2725445
2725620
2726071
2726867
2727192
2727968
2728640
2729196
2729346
2729375
2729974
2730874
2730881
2731619
2732153
2732599
2732754
2733124
2733446
2733600
2734403
2734582
2735159
2735215
2735515
2736394
2736937
2737723
2738377
2738486
2739110
2739405
2740110
2740923
2741838
2741961
2742360
2743298
2743901
2744175
2745131
2745277
2745610
2745865
2746653
2746657
2747285
2747457
2748312
2748879
2749505
2749820
2750526
2750984
2751879
2752042
2752527
2753514
2753926
2754893
2755124
2755477
2755812
2756285
2756926
2757802
2758263
2759078
2759449
2759561
2760104
2760875
2760880
2760924
2760980
2761442
2761779
2762765
2763077
2763895
2764505
2765359
2765607
2765663
2765931
2766421
2767140
2767259
2768153
2768964
2769959
2770023
2770024
2770811
2771619
2772331
2772592
2772606
2773111
2773338
2773458
2773559
2773685
2773872
2774225
2774984
2775607
2775698
2775760
2776261
2776511
2776551
2777419
2778066
2778615
2779498
2779807
2780491
2781340
2781969
2782121
2782725
2783409
2783503
2784457
2785222
2785464
2785662
2785867
2786237
2786956
2787266
2787719
2787788
2788694
2789101
2789863
2789909
2790008
2790292
2791074
2791514
2792507
2793477
2794329
2795249
2795993
2796379
2796659
2796985
2797040
2797817
2798628
2799171
2799328
2799867
2800683
2801593
2802192
2803112
2803244
2803658
2803704
2804127
2804697
2805081
2805998
2806623
2807499
2807515
2807601
2808143
2808673
2809219
2809731
2810171
2810862
2811475
2812040
2812775
2813115
2813279
2813754
2813912
2814905
2815813
2816090
2816221
2816864
2817476
2818011
2818719
2819302
2819440
2820163
2821071
2822002
2822508
2823337
2823973
2824043
2824241
2824679
2825215
2825420
2825461
2825666
2826368
2827283
2827940
2827994
2828902
2829436
2830165
2830425
2830650
2831455
2832302
2833186
2834044
2834790
2834835
2835386
2835840
2836017
2836952
2837393
2838353
2838887
2838936
2839381
2839519
2839713
2840418
2840472
2841116
2841188
2841953
2842751
2843166
2843641
2843971
2844944
2845760
2846222
2847123
2847923
2847994
2848001
2848871
2849708
2850699
2850751
2851626
2852528
2852907
2852918
2853585
2854529
2854741
2855375
2855891
2856067
2856107
2856649
2857307
2858297
2859174
2860091
2860723
2861498
2862207
2863157
2864130
2864966
2865702
2866321
2866434
2867240
2868106
2868803
2869197
2869953
2870704
2871183
2871742
2872070
2873061
2873299
2873658
2874183
2874814
2875605
2875783
2876679
2877220
2877612
2878563
2879458
2879836
2880467
2880659
2881336
2882065
2882445
2883280
2883359
2884333
2884379
2884949
2885902
2886267
2887106
2887676
2888292
2888708
2889547
2890446
2891412
2891923
2892503
2893347
2893582
2894142
2894555
2895120
2895137
2895268
2895966
2896223
2896591
2896779
2897353
2897823
2898759
2899222
2899232
2899858
2900640
2900652
2900857
2901030
2901146
2901735
2902669
2903506
2903602
2904181
2904279
2904972
2905229
2905503
2906306
2906594
2907565
2908212
2909015
2909096
2909893
2910062
2910149
2910709
2911501
2912028
2912309
2912633
2913154
2913733
2914030
2914061
2914659
2915262
2915970
2916081
2916360
2916600
2916778
2916926
2917604
2918212
2918468
2919403
2920062
2920680
2920844
2921260
2921514
2921841
2922089
2922213
2923160
2923579
2923829
2924645
2925237
2925274
2925943
2925985
2926189
2927180
2927864
2928499
2929474
2929507
2929833
2930065
2930785
2930953
2931413
2932276
2932703
2932971
2933544
2934301
2934993
2935440
2936131
2936968
2937222
2937393
2937629
2937795
2937916
2937979
2938245
2938732
2939352
2939556
2940446
2941376
2941837
2942518
2943288
2943479
2943862
2944273
2944795
2945308
2946162
2947090
2947433
2947670
2948132
2948585
2948807
2949148
2949366
2949535
2950205
2950368
2950459
2950858
2951854
2952413
2952718
2952969
2953373
2953984
2954581
2954767
2955668
2956157
2956900
2957752
2957982
2958504
2958808
2959165
2959489
2960427
2961153
2961910
2962093
2962369
2962726
2963055
2963945
2964637
2965300
2966237
2966544
2967380
2967621
2967910
2968176
2968293
2968635
2969250
2969589
2970579
2971001
2971713
2972585
2972994
2973684
2974421
2974574
2975549
2975587
2975945
2976775
2977250
2977452
2977799
2978741
2979258
2979716
2979958
2979960
2980743
2981520
2981884
2982377
2983250
2983856
2984570
2985538
2985845
2986095
2986206
2986525
2986624
2987461
2988276
2989119
2989863
2990841
2991539
2992325
2992878
2992950
2993714
2993779
2994228
2994815
2995662
2995837
2996503
2997350
2997535
2998503
2998677
2999331
3000172
3000515
3000670
3000689
3001330
3001613
3002189
3002205
3003127
3003192
3003369
3003513
3003767
3004167
3004872
3005827
3005833
3005981
3006196
3006829
3007740
3007850
3008634
3009176
3009661
3009702
3010308
3010389
3010802
3011615
3012188
3012636
3012717
3012867
3013725
3014417
3014690
3015229
3016188
3016870
3017791
3018342
3019204
3019460
3019718
3019915
3020610
3020977
3021226
3021411
3021553
3022378
3023062
3023910
3024079
3024910
3025168
3025794
3025998
3026113
3026499
3026638
3026864
3027297
3028135
3028742
3029475
3029550
3030319
3031238
3031315
3032289
3032726
3032782
3033208
3034005
3034057
3034686
3034819
3035457
3035609
3035652
3036348
3037239
3037575
3038077
3038113
3038532
3039116
3039405
3039756
3040333
3041016
3041188
3041836
3042051
3042265
3042289
3042998
3043053
3043090
3044085
3044119
3044364
3045043
3045387
3045725
3046288
3046847
3047087
3047714
3048231
3048394
3048891
3049070
3049514
3050083
3050940
3051060
3052039
3052526
3052607
3053074
3053283
3054207
3054250
3054374
3054905
3055821
3056699
3057490
3058308
3059296
3060001
3060486
3061370
3061710
3062232
3062377
3062436
3063361
3064066
3064157
3064443
3065242
3065704
3065798
3066177
3066249
3067195
3067863
3068404
3068716
3068794
3069089
3069624
3069998
3070371
3071194
3071994
3072461
3073264
3073953
3074677
3075669
3076217
3076544
3077108
3077302
3078077
3078164
3079162
3080032
3080226
3080967
3081459
3081746
3082637
3082871
3083568
3083620
3084564
3085351
3085494
3085759
3086332
3086540
3087076
3087090
3087828
3088332
3089220
3089391
3089896
3090529
3091282
3092144
3092320
3092815
3093527
3094029
3094961
3095577
3096129
3096943
3097801
3098594
3099414
3100002
3100073
3100832
3101286
3101709
3102458
3103337
3103724
3103994
3104395
3104457
3105120
3105312
3105751
3106013
3106092
3106750
3107406
3108394
3108441
3109135
3109666
3110000
3110986
3111481
3112209
3112475
3112877
3113841
3114713
3115349
3116308
3116897
3116956
3117263
3117400
3118088
3118189
3118479
3118971
3119400
3120100
3120708
3120760
3120985
3121239
3121518
3121873
3122102
3123019
3123605
3123696
3124147
3124642
3124920
3125694
3126625
3126876
3127334
3127525
3127695
3128537
3129319
3129758
3130511
3130707
3131232
3131448
3131858
3131872
3132351
3133143
3133755
3134099
3134327
3134914
3135420
3135908
3135966
3136471
3136824
3136895
3137682
3138114
3138824
3139756
3140504
3141207
3141743
3141800
3142361
3142681
3143131
3143794
3144207
3144370
3144736
3145396
3146076
3146240
3146759
3147505
3147953
3148506
3149495
3150014
3150440
3151116
3151265
3151987
3152764
3153315
3154000
3154274
3154825
3154931
3155400
3155530
3155979
3156108
3156279
3156452
3156800
3157256
3158007
3158545
3159513
3160393
3161250
3162137
3162503
3163433
3163662
3164326
3164852
3165250
3165964
3166716
3167359
3167894
3168228
3168278
3168984
3169890
3169926
3170685
3171492
3171592
3171660
3172414
3172983
3173745
3174251
3174539
3175134
3175550
3175727
3176401
3176412
3177189
3177620
3177812
3178060
3178696
3179420
3179711
3180219
3180718
3181014
3181266
3182014
3182833
3183787
3184526
3185247
3185867
3186417
3187310
3188229
3188363
3189297
3189519
3190054
3190465
3191200
3192169
3192499
3193094
3193506
3193695
3194164
3194844
3194890
3195389
3196204
3196563
3196920
3197904
3198323
3199005
3199575
3199943
3200195
3200447
3200840
3201269
3201457
3202389
3202419
3203264
3203848
3204192
3205035
3205732
3205776
3205892
3206642
3206955
3207847
3208752
3208832
3209316
3209333
3210271
3211178
3211413
3211672
3212376
3212567
3212607
3212648
3213241
3213582
3214451
3214933
3215791
3216584
3217461
3217738
3217841
3217998
3218990
3219530
3219897
3220660
3221001
3221470
3221607
3222486
3222762
3222935
3223525
3224366
3225190
3225372
3226225
3226505
3227008
3227748
3228017
3228424
3229123
3229582
3230447
3230652
3231037
3231863
3232323
3232482
3233231
3234178
3234276
3234429
3234556
3234974
3235358
3235854
3235953
3236677
3237242
3237784
3237785
3238524
3239486
3240458
3241324
3241856
3242007
3242520
3243190
3244025
3244567
3244675
3245038
3245947
3246718
3247052
3247110
3247174
3247519
3247950
3248940
3249569
3249932
3250049
3250447
3250898
3251242
3251367
3251677
3252174
3252799
3253663
3254060
3254550
3255323
3255335
3255748
3256658
3256811
3257139
3258128
3259006
3259566
3260408
3261205
3261649
3262429
3263314
3263807
3264055
3264578
3264924
3265758
3266620
3267196
3267353
3268110
3269020
3269288
3269514
3269889
3270861
3270907
3271767
3272681
3273259
3274204
3274780
3275577
3276121
3277053
3277312
3277807
3278313
3278703
3278847
3279069
3279636
3280543
3280626
3281065
3281956
3282360
3282737
3283666
3284575
3284886
3285130
3285246
3285841
3286684
3287656
3287962
3288496
3288801
3289799
3289973
3290511
3291075
3291615
3292272
3292591
3293513
3294466
3295203
3295398
3296258
3296724
3297124
3297999
3298903
3299413
3299744
3300506
3300535
3301421
3302182
3302974
3303946
3304687
3305183
3306115
3306352
3306885
3307577
3308469
3309431
3309474
3309690
3310279
3311139
3311775
3311796
3312519
3313451
3314211
3314951
3315481
3315897
3316286
3316448
3317151
3318149
3318295
3318814
3319806
3320202
3321108
3321295
3321613
3322167
3322212
3322217
3322428
3323359
3324115
3324807
3325673
3326512
3326763
3327216
3327466
3327828
3328183
3329034
3329185
3329323
3329523
3329828
3329860
3330384
3331227
3331969
3332734
3333480
3333582
3334215
3334701
3334762
3334764
3335033
3335387
3336231
3337054
3337520
3337659
3338450
3338502
3339334
3339476
3340156
3341107
3341497
3341691
3342234
3342372
3342721
3343017
3343852
3343911
3344605
3345015
3345811
3346128
3346855
3347264
3347963
3348836
3349691
3350556
3351481
3352024
3352999
3353516
3353969
3354152
3354818
3355127
3355603
3356251
3356896
3357858
3357975
3358666
3359627
3359844
3360734
3361351
3362202
3362608
3363196
3364172
3364328
3365213
3365850
3366277
3367118
3367852
3368615
3369602
3369973
3370456
3370715
3371442
3371789
3371813
3372712
3373618
3374484
3375419
3375581
3376389
3376991
3377381
3377829
3378706
3379369
3380036
3380962
3381808
3382460
3382642
3383356
3383930
3384471
3385179
3385641
3386175
3387028
3387877
3388301
3388329
3388378
3388519
3389087
3390061
3390770
3391410
3391539
3391723
3392435
3393164
3394007
3394661
3395457
3396209
3397176
3397604
3398128
3398709
3399085
3399402
3400072
3400503
3401104
3402001
3402629
3403362
3404288
3404553
3404560
3404569
3404991
3405020
3405265
3405712
3406524
3406674
3407059
3407831
3407884
3408671
3408893
3408989
3409319
3409874
3410395
3410515
3411252
3411701
3412601
3413096
3413582
3414459
3414552
3414847
3415444
3416287
3416289
3417161
3417782
3417945
3418344
3418520
3418553
3418833
3419603
3419789
3420350
3420415
3421191
3421654
3422025
3422050
3422818
3423656
3423922
3424143
3424308
3424336
3425185
3425337
3425994
3426838
3427743
3427979
3428423
3429117
3429552
3429668
3430415
3430593
3431136
3431586
3431882
3432701
3433039
3433609
3433822
3434222
3434293
3434761
3434867
3435199
3435342
3435811
3436241
3437042
3437638
3437804
3438071
3438608
3438946
3439185
3440108
3440297
3441210
3441455
3441759
3442167
3442989
3443023
3443352
3443805
3444768
3445215
3445541
3446207
3446683
3447227
3447966
3448450
3448735
3449705
3450156
3450928
3451437
3452026
3452055
3452996
3453728
3454287
3454340
3454975
3455740
3456518
3456535
3456610
3457402
3457500
3457848
3458405
3459179
3459244
3459633
3460168
3460408
3460840
3461086
3461848
3461978
3462218
3462761
3463335
3464018
3464258
3464407
3465158
3465660
3466585
3467359
3467398
3468109
3468678
3468720
3469140
3470079
3470109
3471030
3471277
3471753
3472376
3472680
3473665
3474521
3474737
3475534
3476106
3476648
3477316
3478270
3479199
3480072
3480140
3481049
3481466
3481746
3482729
3483637
3484081
3484347
3485118
3485668
3486423
3486726
3487360
3487648
3488193
3488356
3489294
3489974
3490179
3490239
3490877
3491240
3491718
3492671
3493260
3493745
3493947
3494397
3494500
3495091
3495521
3496272
3496928
3496962
3497247
3497491
3498235
3498434
3498649
3499240
3499276
3499487
3500261
3501011
3501519
3501941
3502135
3503014
3503372
3503526
3503831
3503920
3504466
3504614
3505167
3505631
3506371
3506872
3507468
3508227
3508842
3508914
3508956
3509885
3510178
3510299
3510660
3511585
3512517
3513056
3513717
3513968
3514609
3515352
3516170
3517113
3517760
3518046
3518646
3518876
3519520
3519920
3520300
3520588
3521312
3522094
3522847
3522949
3523808
3523817
3524480
3524513
3525406
3525564
3526232
3526356
3526684
3527511
3528104
3528678
3529296
3530162
3530447
3531345
3531456
3531639
3532256
3533134
3533430
3533911
3534508
3535409
3535974
3536731
3537124
3537652
3538097
3538288
3539285
3540260
3540605
3541472
3541656
3542168
3542195
3543092
3543569
3543937
3544091
3544880
3545739
3545755
3545904
3546708
3547373
3547552
3548437
3549071
3549810
3550000
3550152
3550383
3550424
3550764
3551072
3551244
3551446
3551814
3551889
3552863
3553056
3553509
3554414
3554806
3555288
3556213
3556569
3556920
3557697
3557977
3558206
3558798
3559629
3559852
3560485
3561185
3562110
3562231
3562322
3562456
3563247
3563478
3564162
3564653
3565283
3565646
3565954
3566203
3566941
3567700
3568465
3569079
3569853
3569911
3570616
3571350
3571924
3572590
3573047
3573261
3573870
3574241
3574390
3575368
3575614
3576280
3576536
3577281
3577823
3578665
3579421
3579462
3580228
3580649
3580685
3581076
3581315
3581343
3581958
3582717
3583297
3583983
3584674
3584900
3585107
3585459
3586260
3586313
3586728
3587348
3587427
3587931
3588134
3589133
3589682
3589816
3590207
3590488
3591305
3592086
3592283
3593128
3593507
3593776
3594133
3594989
3595796
3596589
3597092
3597783
3598251
3598827
3599227
3599751
3600189
3600551
3601291
3601809
3601830
3602680
3603275
3603639
3604066
3604911
3605008
3605074
3605747
3606065
3606281
3606951
3607472
3608079
3608088
3608906
3609254
3609502
3609998
3610790
3611549
3611883
3612752
3613231
3613770
3614119
3614817
3615058
3615184
3615954
3616828
3617752
3618693
3618724
3618876
3619488
3620182
3620265
3620286
3621131
3621370
3621601
3622054
3622508
3622891
3622935
3623407
3623925
3624865
3624927
3625098
3625308
3626075
3626363
3627001
3627040
3627566
3627971
3628384
3629002
3629368
3629654
3629796
3630688
3631453
3631977
3632447
3632980
3633500
3634427
3635225
3635576
3636493
3637212
3637744
3638112
3638978
3639350
3640068
3640858
3640959
3641330
3642104
3642425
3642589
3643458
3644213
3644407
3645247
3645854
3646528
3647125
3647503
3647632
3648168
3648294
3648605
3649579
3650467
3650790
3650935
3651592
3652097
3652865
3653716
3654361
3655129
3655755
3656209
3657203
3657748
3658577
3659398
3660330
3660375
3661115
3661191
3662076
3662545
3663074
3663542
3663729
3664002
3664128
3664501
3664839
3665425
3665972
3666314
3666942
3667071
3667632
3668242
3669206
3670006
3670737
3671007
3671179
3671680
3671890
3672053
3672071
3673033
3673273
3673316
3673465
3674230
3674757
3674961
3675239
3676133
3677126
3677594
3678163
3679123
3679845
3680038
3680219
3680798
3681195
3681267
3681964
3682208
3682868
3683445
3683584
3683988
3684831
3685347
3685988
3686723
3687264
3687318
3687918
3688104
3688949
3689616
3690416
3690477
3691166
3691926
3692622
3693498
3694352
3694442
3694920
3695425
3695453
3696444
3697065
3697404
3698210
3698793
3698878
3699029
3699144
3699319
3699552
3699810
3700439
3700824
3701699
3702389
3703238
3703496
3703832
3704285
3704308
3705045
3705229
3705919
3705936
3706005
3706211
3706329
3706718
3706738
3707175
3708167
3709096
3710054
3710110
3710268
3710518
3710895
3711011
3711386
3711555
3712168
3712249
3712273
3712724
3712758
3712842
3713463
3714418
3715203
3715520
3716026
3716412
3716791
3716985
3717691
3718634
3719472
3719617
3720250
3721148
3722029
3722674
3723292
3723306
3723677
3723768
3724418
3724757
3725616
3726098
3726379
3726856
3727358
3728046
3728990
3729304
3729801
3730552
3730839
3731607
3731777
3732180
3732188
3732740
3733341
3733344
3733778
3734170
3734220
3734455
3735340
3736170
3736758
3736861
3737710
3738050
3738944
3738965
3739706
3740059
3740481
3740850
3740867
3741163
3741257
3742024
3742856
3743070
3743782
3744544
3745348
3745945
3746848
3747619
3748023
3748525
3749065
3749161
3749631
3750186
3750530
3751298
3752218
3752373
3753265
3753338
3754075
3754998
3755522
3756512
3756672
3756727
3757624
3758477
3759165
3759941
3760620
3760902
3761195
3761479
3762352
3762994
3763919
3764609
3765578
3766197
3766802
3767716
3768218
3768546
3769352
3769430
3770164
3770941
3771820
3772301
3772524
3772550
3773231
3773529
3773773
3774030
3774227
3775022
3775563
3776031
3776094
3776725
3777582
3778489
3778875
3779858
3780805
3781133
3781794
3781851
3782659
3783423
3783991
3784637
3785408
3785853
3785924
3786334
3786515
3787020
3787276
3787530
3787666
3788082
3788747
3788794
3788823
3789008
3789292
3789688
3789801
3790629
3791299
3792293
3793180
3793358
3793880
3794805
3795633
3796264
3797108
3797786
3798162
3798470
3798719
3799706
3800174
3801158
3801923
3802107
3802461
3802719
3803228
3804157
3804909
3805548
3806033
3806184
3806825
3807416
3807428
3807734
3807776
3808761
3809574
3810149
3811118
3811817
3812015
3812555
3812894
3813690
3813941
3814409
3815381
3816380
3816832
3817092
3817935
3818192
3819088
3819575
3820185
3820601
3820853
3821283
3822276
3822328
3822593
3822825
3823197
3823570
3823998
3824520
3824813
3825478
3825557
3825558
3826154
3826636
3827408
3827662
3827910
3828068
3828186
3828404
3828925
3829274
3829388
3829419
3829657
3829819
3830030
3830369
3831079
3831884
3832483
3832485
3832978
3833698
3834173
3834835
3835394
3836146
3836258
3837250
3838037
3838603
3838856
3839801
3840165
3840393
3841293
3841870
3841941
3842379
3843116
3844093
3844105
3844463
3844632
3845376
3846361
3847226
3847576
3848559
3848740
3849575
3850318
3850591
3851424
3851686
3852126
3852285
3853154
3854050
3854862
3855782
3856072
3856497
3856776
3857455
3858394
3858798
3859750
3860331
3860572
3861220
3861626
3861786
3861789
3861977
3862584
3863428
3863731
3864433
3865223
3865852
3865912
3866855
3867110
3867779
3867836
3868707
3869244
3869828
3870392
3870985
3871363
3871521
3872254
3873122
3873384
3874018
3874440
3874568
3874942
3875545
3876218
3876596
3876741
3877500
3878490
3879401
3879519
3879946
3880073
3880736
3880834
3880950
3881748
3882303
3882583
3882924
3883134
3884001
3884092
3885032
3885771
3886349
3886741
3887336
3887453
3888004
3888812
3889749
3890680
3891272
3892196
3892377
3893261
3894065
3894854
3895488
3895808
3895817
3895976
3896735
3896898
3897398
3897908
3898660
3899058
3899429
3900318
3900761
3900947
3901408
3902285
3903222
3903333
3904246
3904681
3905095
3906053
3906630
3906679
3907039
3907822
3908284
3908602
3908881
3908943
3909431
3909614
3909990
3910893
3911380
3911528
3912164
3913065
3913686
3914527
3915334
3916098
3916236
3916663
3917116
3917272
3917565
3918147
3918161
3918272
3918584
3919219
3919689
3920106
3920663
3920685
3921665
3922598
3922759
3923615
3924396
3924718
3924939
3925603
3926319
3926705
3926931
3926974
3927725
3928023
3928652
3929489
3930390
3931215
3932074
3932805
3932815
3933284
3933943
3934713
3934843
3935687
3936222
3936874
3936984
3937875
3938438
3938704
3939109
3939800
3940339
3940876
3941335
3941639
3942446
3942795
3943267
3943762
3944226
3944615
3945050
3945918
3946193
3946313
3947065
3947916
3948854
3949623
3950341
3950580
3951292
3952010
3952364
3952995
3953679
3954051
3954157
3954713
3955419
3956250
3956345
3956837
3957797
3957997
3958685
3959390
3960174
3960790
3961340
3962274
3962288
3962419
3962701
3962973
3963015
3963646
3963675
3964601
3965139
3965416
3965436
3965947
3966875
3967423
3968282
3968603
3968684
3968927
3969071
3969837
3970028
3970796
3970947
3971406
3971560
3972234
3972894
3973535
3974312
3974888
3975568
3975794
3976008
3976501
3977267
3977635
3978467
3979353
3979871
3979942
3980139
3981056
3982053
3982987
3983058
3983355
3983942
3984550
3984740
3985715
3986356
3986478
3986513
3987359
3988010
3988275
3988723
3988831
3989200
3989461
3990147
3990585
3991224
3992146
3992406
3992603
3993081
3993639
3993688
3994194
3994520
3995140
3995191
3995962
3996400
3997380
3997528
3997771
3998210
